336.000,356.000,33.000,34.000
336.132,356.132,33.000,34.000
351.035,357.055,33.000,34.000
357.648,354.079,33.730,34.752
363.175,353.405,33.730,34.752
363.145,353.646,33.011,34.011
369.082,350.611,33.011,34.011
369.675,324.639,33.741,34.764
368.192,313.447,33.741,34.764
368.518,313.482,34.488,35.533
367.135,305.224,35.251,36.319
363.613,292.122,35.251,36.319
359.810,288.036,35.251,36.319
359.387,287.332,35.251,36.319
358.119,288.600,35.251,36.319
354.597,296.067,35.251,36.319
354.738,303.815,35.251,36.319
354.315,310.718,35.251,36.319
351.148,300.523,36.031,37.123
340.568,278.018,35.262,36.331
334.768,265.773,36.042,37.135
332.031,259.003,36.042,37.135
328.430,255.690,36.042,37.135
323.964,253.241,36.042,37.135
321.227,253.673,36.042,37.135
317.338,255.546,36.042,37.135
317.770,254.826,36.042,37.135
305.814,276.289,36.042,37.135
304.518,269.518,36.042,37.135
315.033,244.599,36.042,37.135
316.042,242.438,36.042,37.135
304.950,226.737,36.042,37.135
266.490,245.895,36.042,37.135
266.736,246.707,35.274,36.343
267.722,245.721,35.274,36.343
267.419,246.516,34.522,35.568
267.388,246.230,33.785,34.809
268.139,247.252,33.065,34.067
267.855,246.469,32.360,33.340
267.899,247.039,33.076,34.078
268.296,246.114,33.076,34.078
268.692,247.039,33.076,34.078
268.408,246.511,32.370,33.351
268.453,247.081,33.087,34.089
268.423,246.553,32.381,33.362
268.468,247.123,33.098,34.100
268.183,246.340,32.392,33.373
268.228,246.911,33.108,34.112
268.625,247.572,33.108,34.112
267.698,246.117,33.108,34.112
268.095,247.043,33.108,34.112
267.811,246.259,32.402,33.384
268.531,247.488,31.711,32.672
268.657,247.615,31.711,32.672
267.912,247.385,32.413,33.395
268.382,246.618,31.722,32.683
268.763,248.012,31.722,32.683
268.017,247.782,32.424,33.406
267.255,245.934,33.141,34.145
267.918,245.271,33.141,34.145
267.255,244.874,33.141,34.145
267.918,245.271,33.141,34.145
267.255,245.669,33.141,34.145
267.918,245.801,33.141,34.145
267.520,245.934,33.141,34.145
266.741,244.869,33.874,34.901
265.945,243.219,34.624,35.673
267.191,245.294,34.624,35.673
266.090,246.479,35.390,36.462
266.725,251.505,36.173,37.269
265.300,245.911,35.401,36.474
266.632,245.345,34.646,35.696
267.402,246.393,33.908,34.935
268.677,247.941,33.184,34.190
268.280,246.217,33.184,34.190
268.761,247.476,32.477,33.461
268.482,247.958,31.784,32.747
268.698,246.960,31.106,32.049
269.071,247.831,31.106,32.049
268.564,246.375,30.443,31.366
269.364,246.659,31.117,32.060
268.856,246.162,30.453,31.376
269.465,246.771,30.453,31.376
269.203,246.753,29.804,30.707
269.084,246.396,29.804,30.707
270.205,245.920,29.168,30.052
269.856,246.969,29.168,30.052
269.830,246.278,28.546,29.411
268.922,247.018,29.178,30.062
269.446,246.322,29.823,30.727
268.960,245.616,29.187,30.072
269.484,246.373,29.833,30.737
269.228,245.666,29.197,30.081
269.752,246.423,29.843,30.747
268.917,245.588,29.843,30.747
270.040,246.721,29.206,30.091
268.869,246.024,29.852,30.757
269.763,245.087,29.216,30.101
269.286,244.846,28.593,29.459
269.563,245.824,29.225,30.111
269.086,245.357,28.602,29.469
270.383,245.561,27.992,28.841
269.493,245.358,28.612,29.479
269.027,245.121,28.001,28.850
269.530,245.150,28.621,29.488
269.569,245.892,29.254,30.141
269.092,245.425,28.630,29.498
270.390,246.070,28.020,28.869
269.964,246.564,28.640,29.508
269.938,245.224,28.029,28.878
270.209,245.253,28.649,29.517
269.742,245.016,28.038,28.888
269.406,246.024,28.038,28.888
270.677,246.872,27.440,28.272
270.129,245.666,27.440,28.272
270.238,245.995,27.440,28.272
269.690,245.447,27.440,28.272
270.677,245.118,27.440,28.272
270.652,245.525,26.855,27.669
269.686,244.988,26.855,27.669
270.904,245.387,26.282,27.079
269.959,246.542,26.282,27.079
270.745,245.920,25.722,26.501
271.515,246.103,25.173,25.936
270.923,246.547,25.730,26.510
271.643,247.267,25.730,26.510
270.717,246.958,25.730,26.510
271.437,246.650,25.730,26.510
270.512,246.341,25.730,26.510
271.232,246.444,25.730,26.510
270.413,245.404,26.300,27.097
270.886,245.213,26.882,27.696
270.700,245.018,27.476,28.309
270.810,244.469,27.476,28.309
269.708,243.814,28.084,28.935
270.446,244.542,28.706,29.575
269.872,244.428,28.706,29.575
269.298,244.313,28.706,29.575
270.052,244.581,29.341,30.230
269.800,244.564,28.715,29.585
269.226,244.449,28.715,29.585
270.085,244.212,28.103,28.954
269.658,245.639,28.724,29.595
268.854,244.377,28.724,29.595
269.714,244.139,28.112,28.964
270.452,245.334,28.734,29.605
269.648,244.071,28.734,29.605
269.533,245.334,28.734,29.605
270.393,244.210,28.121,28.973
269.732,245.406,28.743,29.614
269.158,244.142,28.743,29.614
270.239,245.012,28.130,28.983
269.452,244.674,28.130,28.983
269.958,244.704,28.753,29.624
268.923,244.129,28.753,29.624
269.440,245.828,29.389,30.279
268.281,245.811,28.762,29.634
269.364,244.908,28.149,29.002
269.402,244.938,28.771,29.643
270.042,245.808,28.158,29.011
269.366,245.792,27.557,28.393
269.404,246.506,28.167,29.021
270.030,244.754,27.566,28.402
269.038,243.983,27.566,28.402
270.219,244.240,28.176,29.030
268.980,244.578,28.176,29.030
269.019,243.906,28.800,29.673
269.659,244.112,28.186,29.040
270.285,244.313,27.585,28.420
269.514,243.541,27.585,28.420
270.127,243.525,26.996,27.814
269.270,244.550,26.421,27.221
270.183,243.701,27.005,27.824
269.327,243.270,26.429,27.230
269.582,244.174,27.014,27.833
269.142,243.118,26.438,27.239
270.275,244.242,27.023,27.842
269.416,245.166,27.621,28.458
269.683,244.737,28.232,29.087
269.956,244.064,28.857,29.731
270.071,243.948,28.857,29.731
270.186,243.141,28.857,29.731
269.271,242.235,28.241,29.097
269.544,243.904,28.866,29.741
269.890,244.020,28.866,29.741
270.236,244.135,28.866,29.741
268.967,243.558,28.866,29.741
269.609,244.431,28.250,29.106
269.648,245.398,28.875,29.750
269.071,244.821,28.875,29.750
269.712,244.804,28.260,29.116
269.282,245.537,28.885,29.760
268.705,244.729,28.885,29.760
269.513,243.690,28.885,29.760
269.398,244.498,28.885,29.760
269.282,245.306,28.885,29.760
268.364,244.617,29.524,30.419
269.475,244.601,28.894,29.770
269.590,245.871,28.894,29.770
269.937,246.448,28.894,29.770
269.737,245.520,29.534,30.429
268.798,246.040,30.187,31.102
269.090,246.573,30.855,31.790
268.825,245.366,30.197,31.112
269.428,245.970,30.197,31.112
267.967,245.250,30.865,31.800
268.266,245.282,31.548,32.504
268.723,244.535,30.875,31.811
268.458,245.469,30.217,31.132
268.750,246.503,30.885,31.821
268.723,245.533,30.227,31.143
269.015,246.567,30.895,31.832
268.987,245.598,30.237,31.153
269.280,246.632,30.906,31.842
269.252,245.424,30.247,31.163
269.545,246.710,30.916,31.853
268.326,245.501,30.256,31.173
269.371,246.536,30.926,31.863
269.105,245.804,30.266,31.184
269.147,246.839,30.936,31.873
268.166,245.153,30.276,31.194
268.529,245.032,30.276,31.194
268.892,244.185,30.276,31.194
268.165,243.935,29.631,30.529
269.435,246.423,30.286,31.204
269.408,245.706,29.640,30.539
268.957,246.228,30.296,31.214
269.250,246.511,30.966,31.905
268.506,244.823,30.306,31.224
269.180,243.639,29.660,30.559
268.237,244.653,30.316,31.235
268.278,243.931,30.987,31.926
268.012,244.629,30.326,31.245
268.557,245.667,30.997,31.936
267.057,243.900,31.683,32.643
267.943,242.254,31.683,32.643
267.817,243.393,31.683,32.643
267.437,242.507,31.683,32.643
268.006,242.540,32.384,33.365
267.618,243.705,32.384,33.365
267.931,243.738,33.100,34.103
267.534,244.400,33.100,34.103
267.305,244.983,33.833,34.858
266.510,243.616,34.581,35.629
266.271,245.085,35.346,36.417
266.906,244.243,36.128,37.223
267.255,245.779,36.928,38.047
266.081,246.736,37.745,38.888
266.133,247.401,38.580,39.749
265.054,245.088,38.580,39.749
265.911,244.769,37.757,38.901
265.586,244.747,36.952,38.072
265.269,243.872,36.164,37.260
267.187,243.295,35.393,36.465
267.973,245.456,34.638,35.687
267.675,245.169,33.899,34.926
266.998,244.221,33.899,34.926
268.012,244.201,33.176,34.182
266.682,244.511,33.910,34.938
267.697,243.969,33.187,34.193
267.467,244.004,33.921,34.949
267.603,244.139,33.921,34.949
266.654,243.461,33.921,34.949
267.408,242.919,33.198,34.204
267.634,243.668,32.490,33.475
267.948,244.240,33.209,34.215
266.341,244.826,33.944,34.972
267.618,244.284,33.220,34.226
267.220,244.947,33.220,34.226
268.214,244.928,32.511,33.497
268.436,244.409,31.818,32.782
267.672,244.881,31.140,32.083
268.231,244.397,31.828,32.793
267.467,244.869,31.150,32.094
268.879,243.892,30.485,31.409
268.270,244.013,30.485,31.409
267.417,243.160,30.485,31.409
268.799,243.848,29.835,30.739
268.441,244.205,29.835,30.739
268.644,243.269,29.199,30.084
268.927,244.026,29.845,30.750
268.569,244.622,29.845,30.750
269.002,243.915,29.209,30.094
269.819,245.199,29.209,30.094
268.406,246.683,29.855,30.760
267.952,243.496,30.515,31.440
266.476,241.756,31.191,32.136
268.071,244.892,31.881,32.847
267.797,244.629,31.201,32.146
267.173,243.506,31.201,32.146
268.347,243.729,30.535,31.461
267.614,245.594,29.884,30.790
270.120,248.800,29.247,30.133
292.852,261.852,28.623,29.491
317.446,267.915,28.623,29.491
318.476,265.741,28.623,29.491
318.133,264.712,28.623,29.491
318.328,264.034,28.013,28.862
317.992,261.907,28.013,28.862
320.119,258.436,28.013,28.862
322.036,256.046,27.416,28.246
323.241,255.060,27.416,28.246
324.484,255.256,26.831,27.644
325.235,254.291,26.831,27.644
321.903,256.549,26.259,27.054
318.643,257.546,25.699,26.477
318.026,258.917,25.151,25.913
318.004,259.871,24.614,25.360
313.810,261.564,24.089,24.819
309.448,256.994,24.622,25.369
307.382,258.667,24.622,25.369
306.190,259.714,25.167,25.930
304.883,264.240,25.167,25.930
305.544,265.727,25.724,26.504
306.646,266.181,26.293,27.090
306.900,265.118,26.875,27.689
311.431,259.512,26.302,27.099
314.447,257.471,25.741,26.521
318.787,254.283,25.192,25.955
322.915,252.572,25.192,25.955
330.063,249.652,25.192,25.955
331.978,248.425,25.749,26.530
330.963,249.997,25.200,25.964
329.387,251.536,24.663,25.410
321.601,254.788,24.663,25.410
316.930,257.064,25.208,25.972
312.784,258.135,25.766,26.547
308.546,260.513,26.336,27.134
307.272,261.414,26.919,27.735
296.671,268.864,26.345,27.143
293.618,271.918,26.345,27.143
289.511,274.129,26.345,27.143
288.985,274.655,26.345,27.143
283.826,276.234,26.345,27.143
283.089,275.076,26.345,27.143
283.615,273.708,26.345,27.143
284.142,272.549,26.345,27.143
284.668,269.917,26.345,27.143
285.826,267.706,26.345,27.143
284.668,262.968,26.345,27.143
284.352,263.495,26.345,27.143
278.983,261.915,26.345,27.143
274.245,262.863,26.345,27.143
270.138,263.179,26.345,27.143
265.400,264.547,26.345,27.143
258.557,264.232,26.345,27.143
256.977,263.916,26.345,27.143
255.187,263.810,26.345,27.143
255.293,264.337,26.345,27.143
256.661,265.074,26.345,27.143
259.276,263.841,25.783,26.564
264.016,261.730,26.354,27.152
265.596,260.782,26.354,27.152
266.122,260.677,26.354,27.152
280.717,254.368,25.792,26.573
283.277,253.955,25.242,26.006
283.940,254.610,25.800,26.582
284.911,255.390,25.250,26.015
275.930,253.473,25.250,26.015
281.743,256.182,24.711,25.460
285.719,258.262,24.184,24.917
287.188,259.180,23.669,24.386
290.877,257.193,23.669,24.386
291.694,253.292,24.192,24.925
291.018,246.234,24.192,24.925
290.534,244.204,24.192,24.925
287.759,241.420,24.728,25.477
286.869,239.938,24.728,25.477
285.263,243.655,25.275,26.041
283.683,245.977,24.736,25.485
281.755,249.965,24.208,24.942
280.801,249.951,23.692,24.410
296.613,266.900,23.692,24.410
292.542,265.669,23.692,24.410
291.879,266.710,23.692,24.410
284.020,259.230,23.692,24.410
282.721,257.756,23.187,23.889
282.176,255.858,23.700,24.418
281.423,254.900,24.224,24.958
280.841,254.139,23.707,24.426
276.254,250.290,23.202,23.905
274.492,249.270,23.202,23.905
273.220,249.078,22.707,23.395
272.325,250.115,22.223,22.896
271.620,249.075,21.749,22.408
268.250,250.236,21.285,21.930
267.220,251.140,21.756,22.415
263.822,252.787,22.237,22.911
245.411,252.257,22.729,23.418
246.774,255.436,22.729,23.418
247.936,258.853,23.232,23.936
249.510,257.528,23.746,24.466
253.211,255.915,23.746,24.466
254.824,256.959,23.746,24.466
261.942,261.040,23.746,24.466
272.476,260.375,23.746,24.466
275.660,257.643,24.272,25.007
277.115,253.666,24.272,25.007
278.376,252.211,24.272,25.007
279.249,251.338,24.272,25.007
283.509,250.156,24.809,25.561
286.979,251.841,24.809,25.561
290.648,252.337,24.809,25.561
317.121,258.187,24.809,25.561
324.755,255.906,24.809,25.561
326.441,255.807,24.809,25.561
325.945,254.915,24.809,25.561
325.647,255.609,24.809,25.561
322.970,256.898,24.809,25.561
323.863,258.385,24.809,25.561
321.547,262.193,24.280,25.015
320.216,264.237,23.762,24.482
318.278,260.715,24.288,25.024
317.304,257.920,24.825,25.577
316.412,260.798,24.825,25.577
293.182,252.795,25.374,26.143
290.903,253.873,25.936,26.722
289.433,254.330,26.510,27.313
288.691,253.589,26.510,27.313
289.387,252.517,27.096,27.917
285.605,248.953,26.518,27.322
284.016,243.548,26.518,27.322
282.638,244.290,26.518,27.322
280.915,246.077,27.105,27.926
281.673,245.102,27.105,27.926
283.320,240.910,26.527,27.331
298.268,253.738,26.527,27.331
295.194,253.208,26.527,27.331
295.724,253.950,26.527,27.331
290.529,255.540,26.527,27.331
287.030,254.798,26.527,27.331
285.652,255.116,26.527,27.331
285.758,254.162,26.527,27.331
281.199,255.964,26.527,27.331
278.761,257.130,26.527,27.331
272.506,258.508,26.527,27.331
271.552,259.038,26.527,27.331
266.828,261.067,25.961,26.748
265.687,264.491,25.961,26.748
265.790,266.047,25.961,26.748
265.272,268.434,25.961,26.748
263.300,271.027,25.961,26.748
264.649,272.376,25.961,26.748
263.923,271.235,25.961,26.748
265.479,270.094,25.961,26.748
270.148,268.952,25.961,26.748
271.912,268.226,25.961,26.748
273.883,267.085,25.961,26.748
277.930,268.226,25.961,26.748
278.033,267.292,25.961,26.748
288.928,264.698,25.961,26.748
291.729,263.142,25.961,26.748
293.700,261.586,25.961,26.748
293.877,261.371,25.408,26.178
294.442,264.293,24.866,25.619
288.672,265.811,24.335,25.073
285.089,264.485,23.817,24.538
285.067,263.737,23.309,24.015
282.552,261.967,23.309,24.015
281.155,262.433,23.309,24.015
280.595,263.856,22.812,23.503
281.629,262.789,22.325,23.002
280.826,263.056,22.325,23.002
279.946,262.528,21.849,22.511
278.917,263.357,21.383,22.031
279.173,261.904,21.383,22.031
280.143,263.704,20.927,21.561
280.171,266.329,21.390,22.038
281.306,268.624,20.934,21.568
281.390,270.214,20.934,21.568
280.302,271.803,20.934,21.568
279.716,271.552,20.934,21.568
278.294,271.301,20.934,21.568
278.712,270.883,20.934,21.568
279.016,271.032,20.488,21.108
277.788,270.132,20.488,21.108
277.051,269.395,20.488,21.108
277.460,268.985,20.488,21.108
277.659,267.308,20.941,21.575
276.472,265.940,21.404,22.053
277.413,262.946,21.404,22.053
278.507,261.371,21.878,22.541
279.444,260.124,22.362,23.039
280.032,261.260,22.856,23.549
281.219,262.447,22.856,23.549
288.253,264.548,22.856,23.549
288.853,265.141,23.362,24.070
296.976,266.354,23.362,24.070
302.671,265.887,23.362,24.070
307.807,265.047,23.362,24.070
310.141,264.020,23.362,24.070
306.686,259.632,23.362,24.070
304.506,259.979,22.864,23.557
302.900,260.142,22.376,23.054
301.379,261.662,22.376,23.054
297.699,262.984,22.871,23.565
295.265,263.577,23.378,24.086
273.002,259.530,23.895,24.619
270.856,259.951,24.423,25.164
269.391,259.854,24.423,25.164
267.927,258.780,24.423,25.164
269.223,257.449,23.903,24.627
284.603,267.479,23.903,24.627
285.318,267.282,23.393,24.102
291.605,268.169,22.894,23.588
307.106,263.923,22.406,23.085
319.028,265.619,22.901,23.595
332.666,272.666,22.901,23.595
334.410,274.947,22.413,23.092
336.462,274.589,21.935,22.600
349.043,267.699,22.420,23.100
358.869,256.286,21.942,22.607
358.173,255.598,21.474,22.125
363.779,251.946,21.016,21.653
367.391,251.358,21.016,21.653
371.002,254.633,21.016,21.653
372.077,258.664,21.481,22.132
375.940,247.417,21.481,22.132
377.217,245.836,21.957,22.622
378.709,244.345,21.957,22.622
374.058,235.657,21.957,22.622
371.864,232.235,21.957,22.622
369.138,231.207,21.488,22.140
369.167,227.666,21.964,22.630
383.651,233.898,21.964,22.630
381.983,230.475,21.964,22.630
379.646,226.491,22.450,23.130
377.896,223.537,21.971,22.637
377.457,220.640,21.971,22.637
377.487,219.752,22.457,23.138
381.273,232.023,21.978,22.644
382.778,237.767,21.510,22.161
379.425,242.839,21.510,22.161
380.234,244.650,21.051,21.689
375.725,253.400,21.517,22.169
377.860,255.211,21.058,21.696
381.479,253.949,21.058,21.696
382.237,253.360,21.058,21.696
