344.000,339.000,40.000,43.000
344.817,334.589,40.000,43.000
348.901,317.763,40.000,43.000
351.678,304.531,40.000,43.000
352.821,291.626,40.000,43.000
355.599,283.295,40.000,43.000
357.395,276.597,40.000,43.000
358.539,271.533,40.000,43.000
360.663,269.082,40.000,43.000
362.133,269.899,40.000,43.000
363.603,271.696,40.000,43.000
367.034,277.414,40.000,43.000
368.504,283.458,40.000,43.000
370.943,292.982,40.885,43.951
373.781,305.171,40.885,43.951
374.950,318.696,40.885,43.951
377.121,335.560,40.885,43.951
376.954,332.388,40.885,43.951
376.453,318.529,40.885,43.951
375.952,305.672,40.885,43.951
376.787,295.486,40.885,43.951
376.286,286.637,40.885,43.951
375.451,279.457,40.885,43.951
374.950,276.952,40.885,43.951
374.783,274.782,40.885,43.951
374.282,275.950,40.885,43.951
373.447,279.457,40.885,43.951
373.614,285.969,40.885,43.951
373.113,292.815,40.885,43.951
372.834,301.857,41.790,44.924
370.957,316.022,41.790,44.924
370.786,332.918,41.790,44.924
369.933,350.838,41.790,44.924
369.762,370.465,41.790,44.924
369.250,390.774,41.790,44.924
369.762,373.878,41.790,44.924
368.909,356.300,41.790,44.924
369.080,342.134,41.790,44.924
368.909,330.699,41.790,44.924
369.080,328.139,41.790,44.924
369.592,340.257,41.790,44.924
371.128,357.835,41.790,44.924
371.298,379.169,41.790,44.924
372.152,386.849,41.790,44.924
372.664,370.977,41.790,44.924
372.834,356.129,41.790,44.924
374.370,341.963,41.790,44.924
375.906,332.577,41.790,44.924
376.077,331.723,41.790,44.924
377.613,343.499,41.790,44.924
379.149,358.689,41.790,44.924
380.280,376.784,42.714,45.918
382.161,392.384,43.659,46.934
381.982,376.515,43.659,46.934
382.517,361.002,43.659,46.934
383.409,348.343,43.659,46.934
383.944,339.249,43.659,46.934
384.386,331.516,44.625,47.972
383.110,332.427,44.625,47.972
382.563,347.553,44.625,47.972
380.923,364.502,44.625,47.972
379.106,384.582,45.613,49.033
379.567,381.913,46.622,50.118
380.434,365.753,47.653,51.227
380.629,351.936,47.653,51.227
382.381,341.621,47.653,51.227
381.797,332.863,47.653,51.227
383.548,327.998,47.653,51.227
382.819,323.191,48.708,52.361
382.620,322.197,48.708,52.361
384.411,323.987,48.708,52.361
385.803,330.551,48.708,52.361
385.206,339.503,48.708,52.361
386.997,360.787,48.708,52.361
390.378,386.050,48.708,52.361
388.190,375.905,48.708,52.361
388.683,356.958,49.785,53.519
387.260,340.082,49.785,53.519
388.771,328.307,48.724,52.378
389.098,319.084,47.684,51.261
389.293,311.489,47.684,51.261
388.319,321.031,47.684,51.261
388.514,336.805,47.684,51.261
389.488,353.748,47.684,51.261
388.904,374.585,47.684,51.261
391.046,386.464,47.684,51.261
388.904,369.911,47.684,51.261
387.540,354.527,47.684,51.261
385.788,340.700,47.684,51.261
384.814,331.547,47.684,51.261
383.061,324.342,47.684,51.261
383.256,334.274,47.684,51.261
382.672,347.711,47.684,51.261
383.256,364.264,47.684,51.261
383.451,385.491,47.684,51.261
382.866,379.454,47.684,51.261
383.061,364.069,47.684,51.261
382.087,350.632,47.684,51.261
381.893,341.089,47.684,51.261
380.919,334.274,47.684,51.261
380.864,330.878,46.668,50.168
380.293,328.019,46.668,50.168
378.958,327.829,46.668,50.168
378.768,335.262,46.668,50.168
375.528,352.606,46.668,50.168
373.431,373.761,46.668,50.168
372.478,385.387,46.668,50.168
373.050,367.281,46.668,50.168
374.384,351.843,46.668,50.168
373.813,337.549,46.668,50.168
375.147,325.161,46.668,50.168
376.100,318.871,46.668,50.168
375.909,311.438,46.668,50.168
376.862,308.961,46.668,50.168
376.939,308.208,47.700,51.278
381.030,322.039,47.700,51.278
387.458,341.325,47.700,51.278
391.549,363.338,47.700,51.278
396.420,389.637,47.700,51.278
398.562,375.026,47.700,51.278
401.095,357.689,47.700,51.278
402.848,339.961,47.700,51.278
404.991,326.130,47.700,51.278
406.744,315.026,47.700,51.278
408.887,305.870,47.700,51.278
411.809,300.610,47.700,51.278
414.342,296.909,47.700,51.278
412.199,301.779,47.700,51.278
408.887,327.299,47.700,51.278
404.796,355.156,47.700,51.278
400.316,386.909,47.700,51.278
397.394,376.974,47.700,51.278
394.471,351.455,47.700,51.278
392.329,331.000,47.700,51.278
389.407,312.104,47.700,51.278
388.043,299.052,47.700,51.278
386.290,287.558,47.700,51.278
385.859,278.905,46.683,50.184
385.071,273.376,45.687,49.114
383.939,270.123,44.713,48.067
383.026,269.940,44.713,48.067
385.765,278.888,44.713,48.067
386.679,290.757,44.713,48.067
388.687,304.088,44.713,48.067
390.331,321.800,44.713,48.067
391.974,341.339,44.713,48.067
395.078,364.531,44.713,48.067
398.183,389.182,44.713,48.067
395.809,374.757,44.713,48.067
394.531,355.218,44.713,48.067
393.618,339.696,44.713,48.067
392.705,325.270,44.713,48.067
391.426,314.496,44.713,48.067
389.418,309.931,44.713,48.067
385.218,320.340,44.713,48.067
382.113,336.226,44.713,48.067
379.374,354.670,44.713,48.067
375.174,374.209,44.713,48.067
372.800,387.904,44.713,48.067
372.618,369.826,44.713,48.067
372.435,354.304,44.713,48.067
371.887,342.435,44.713,48.067
371.836,333.619,43.760,47.041
371.441,325.680,42.826,46.038
370.917,319.559,42.826,46.038
369.536,316.328,43.774,47.057
370.072,318.652,43.774,47.057
367.748,337.423,43.774,47.057
365.781,360.484,43.774,47.057
363.100,386.764,43.774,47.057
358.630,376.216,43.774,47.057
352.373,353.512,43.774,47.057
348.262,336.171,43.774,47.057
345.110,320.993,42.840,46.053
340.676,309.848,41.927,45.071
335.026,300.773,41.927,45.071
329.696,293.497,41.033,44.110
325.842,287.967,41.033,44.110
321.318,284.447,41.033,44.110
316.517,283.090,41.941,45.086
311.550,285.317,41.941,45.086
306.240,288.914,41.941,45.086
301.615,293.881,41.941,45.086
297.333,302.617,41.941,45.086
292.709,312.380,41.941,45.086
287.399,326.596,41.941,45.086
282.774,341.498,41.941,45.086
278.835,355.030,41.941,45.086
275.238,363.080,41.941,45.086
271.298,366.334,41.941,45.086
270.099,366.506,41.941,45.086
269.928,364.964,41.941,45.086
270.784,365.135,41.941,45.086
269.928,364.279,41.941,45.086
270.099,364.793,41.941,45.086
268.900,364.279,41.941,45.086
270.099,364.793,41.941,45.086
268.558,363.936,41.941,45.086
268.044,363.765,41.941,45.086
266.845,362.909,41.941,45.086
266.331,363.080,41.941,45.086
264.789,365.307,41.941,45.086
263.933,369.246,41.941,45.086
263.762,375.584,41.941,45.086
264.618,374.385,41.941,45.086
264.447,375.926,41.941,45.086
263.933,375.412,41.941,45.086
264.104,375.584,41.941,45.086
263.933,373.700,41.941,45.086
266.845,375.241,41.941,45.086
268.386,375.755,41.941,45.086
270.649,375.080,41.046,44.125
272.864,373.773,40.171,43.184
275.981,372.494,39.314,42.263
277.747,370.407,39.314,42.263
279.869,362.656,38.476,41.361
282.867,354.536,39.327,42.277
301.398,338.422,38.488,41.375
304.070,327.262,38.488,41.375
307.057,316.102,38.488,41.375
309.415,308.714,38.488,41.375
313.613,301.732,37.668,40.493
317.425,294.305,36.864,39.629
318.543,288.198,36.078,38.784
320.206,288.469,35.309,37.957
322.111,289.569,34.556,37.148
323.099,289.428,34.556,37.148
324.934,295.778,34.556,37.148
325.922,301.847,34.556,37.148
326.063,311.867,34.556,37.148
327.615,321.887,34.556,37.148
330.297,336.705,34.556,37.148
331.285,342.773,34.556,37.148
329.732,322.874,34.556,37.148
328.180,301.000,34.556,37.148
326.627,279.972,34.556,37.148
324.228,260.638,34.556,37.148
323.240,247.796,34.556,37.148
321.688,233.824,34.556,37.148
322.111,222.393,34.556,37.148
321.800,209.595,33.819,36.355
320.962,203.992,33.098,35.580
319.475,199.802,33.098,35.580
319.177,197.966,32.392,34.821
320.415,196.680,31.701,34.079
319.630,197.667,31.025,33.352
317.884,200.343,30.364,32.641
314.981,206.070,29.716,31.945
307.227,219.862,29.082,31.263
305.057,225.308,29.726,31.955
302.264,238.298,29.726,31.955
298.787,247.894,30.383,32.662
294.975,257.961,31.056,33.385
289.499,275.619,31.743,34.123
288.851,298.046,31.743,34.123
285.944,324.434,32.445,34.878
284.348,343.157,33.163,35.650
290.024,357.235,33.897,36.439
293.526,367.604,34.647,37.245
292.409,372.037,35.413,38.069
292.167,369.965,36.197,38.911
292.841,370.915,36.998,39.772
293.215,370.005,37.816,40.652
292.443,370.777,37.816,40.652
291.223,369.205,38.653,41.552
292.396,370.105,37.829,40.666
290.856,368.533,38.665,41.565
291.330,369.323,38.665,41.565
292.435,368.849,38.665,41.565
291.961,369.638,38.665,41.565
291.488,369.165,38.665,41.565
292.909,370.270,38.665,41.565
291.488,369.481,38.665,41.565
292.277,369.323,38.665,41.565
291.803,368.217,38.665,41.565
291.330,367.428,38.665,41.565
292.119,367.586,38.665,41.565
292.593,369.638,38.665,41.565
294.014,373.586,38.665,41.565
294.804,380.692,38.665,41.565
294.014,383.061,38.665,41.565
293.540,381.639,38.665,41.565
294.962,383.376,38.665,41.565
295.751,384.798,38.665,41.565
297.172,386.850,38.665,41.565
299.857,387.956,38.665,41.565
301.278,387.482,38.665,41.565
303.962,389.219,38.665,41.565
304.436,388.430,38.665,41.565
305.226,390.482,38.665,41.565
304.120,391.588,38.665,41.565
303.962,392.377,38.665,41.565
302.541,390.956,38.665,41.565
301.120,389.851,38.665,41.565
299.699,382.745,38.665,41.565
293.225,375.007,38.665,41.565
289.908,357.795,38.665,41.565
290.955,343.082,39.521,42.485
292.085,326.458,39.521,42.485
294.183,314.030,39.521,42.485
294.668,304.507,39.521,42.485
296.120,296.598,39.521,42.485
296.927,291.272,39.521,42.485
298.057,288.851,39.521,42.485
298.541,289.981,39.521,42.485
299.994,292.402,39.521,42.485
302.092,299.019,39.521,42.485
304.190,305.637,39.521,42.485
304.029,314.191,39.521,42.485
304.764,326.950,40.395,43.425
305.173,329.037,41.289,44.386
307.365,298.853,41.289,44.386
308.883,268.670,41.289,44.386
309.051,238.823,41.289,44.386
310.906,214.373,41.289,44.386
311.749,189.923,41.289,44.386
313.604,170.531,41.289,44.386
313.773,152.825,41.289,44.386
314.953,139.504,41.289,44.386
314.784,125.845,41.289,44.386
316.639,117.246,41.289,44.386
317.567,110.080,40.409,43.439
317.072,103.974,40.409,43.439
316.111,101.610,41.303,44.400
316.955,100.092,41.303,44.400
318.135,102.960,41.303,44.400
319.316,106.164,41.303,44.400
319.485,114.767,41.303,44.400
321.003,124.044,41.303,44.400
319.485,137.033,41.303,44.400
320.666,151.370,41.303,44.400
319.822,167.058,41.303,44.400
320.666,186.456,41.303,44.400
319.822,207.541,41.303,44.400
315.268,230.650,41.303,44.400
308.352,255.783,41.303,44.400
331.798,287.663,41.303,44.400
327.581,322.580,41.303,44.400
325.051,351.424,41.303,44.400
312.869,364.408,42.216,45.383
306.145,376.994,42.216,45.383
308.042,379.235,42.216,45.383
307.524,378.718,42.216,45.383
305.283,378.890,42.216,45.383
305.800,378.028,42.216,45.383
303.904,376.821,42.216,45.383
304.766,377.339,42.216,45.383
303.559,376.821,42.216,45.383
304.076,376.994,42.216,45.383
304.593,377.511,42.216,45.383
303.042,377.339,42.216,45.383
304.249,377.511,42.216,45.383
304.076,376.994,42.216,45.383
303.904,375.787,42.216,45.383
304.076,376.994,42.216,45.383
304.593,376.132,42.216,45.383
303.880,377.779,41.316,44.415
305.736,379.635,41.316,44.415
307.966,378.970,40.435,43.468
310.148,381.503,39.573,42.541
311.660,385.539,38.729,41.634
309.604,387.595,38.729,41.634
311.028,386.488,38.729,41.634
309.288,386.014,38.729,41.634
309.446,388.070,38.729,41.634
306.124,386.330,38.729,41.634
299.007,388.070,38.729,41.634
292.507,386.461,39.586,42.555
288.211,388.170,40.462,43.496
284.506,387.518,41.357,44.459
281.972,386.673,41.357,44.459
279.101,384.140,41.357,44.459
279.608,382.620,41.357,44.459
283.155,376.033,41.357,44.459
286.364,367.081,41.357,44.459
290.586,347.995,41.357,44.459
294.133,327.896,41.357,44.459
296.667,308.135,41.357,44.459
298.187,292.089,41.357,44.459
301.070,284.586,40.475,43.510
294.332,267.684,39.612,42.583
298.053,260.080,39.612,42.583
299.509,254.095,39.612,42.583
297.904,251.586,38.767,41.675
299.385,249.131,37.940,40.786
297.848,246.131,37.131,39.916
300.742,248.049,37.953,40.799
303.687,255.644,37.953,40.799
307.930,266.289,38.792,41.702
309.638,277.498,39.651,42.625
308.504,290.938,39.651,42.625
308.990,306.970,39.651,42.625
309.476,324.620,39.651,42.625
309.962,335.794,39.651,42.625
309.292,312.056,38.805,41.716
311.997,289.130,37.978,40.826
314.956,265.345,38.818,41.729
317.017,248.065,38.818,41.729
318.127,230.151,38.818,41.729
321.773,217.310,38.818,41.729
325.736,206.371,38.818,41.729
328.432,197.193,39.677,42.652
329.506,189.828,40.555,43.596
330.260,185.050,41.452,44.561
329.886,177.856,40.568,43.610
332.076,173.371,39.703,42.680
336.093,187.110,38.856,41.770
338.791,199.964,38.856,41.770
341.489,203.613,38.856,41.770
340.695,211.072,38.856,41.770
342.406,234.153,39.716,42.694
345.164,251.013,40.594,43.639
343.672,269.416,40.594,43.639
344.169,301.744,40.594,43.639
346.360,323.782,39.729,42.708
351.006,337.217,38.882,41.798
351.399,340.215,39.742,42.722
351.237,343.623,39.742,42.722
351.504,345.486,38.894,41.811
352.685,346.085,38.065,40.920
352.840,345.930,38.065,40.920
353.306,346.707,38.065,40.920
352.663,347.293,37.253,40.047
353.501,348.454,36.459,39.193
353.746,349.589,35.681,38.357
353.705,349.015,34.920,37.539
354.215,349.003,34.176,36.739
353.906,350.605,33.447,35.955
354.316,350.742,33.447,35.955
352.814,349.239,33.447,35.955
351.985,350.018,32.734,35.189
352.654,349.884,32.734,35.189
351.183,350.552,32.734,35.189
350.247,352.558,32.734,35.189
349.312,360.445,32.734,35.189
348.376,370.471,32.734,35.189
347.707,381.032,32.734,35.189
346.504,386.780,32.734,35.189
345.301,393.598,32.734,35.189
346.772,391.593,32.734,35.189
347.173,393.598,32.734,35.189
345.702,394.801,32.734,35.189
346.103,396.005,32.734,35.189
347.039,394.534,32.734,35.189
345.569,397.074,32.734,35.189
346.237,395.871,32.734,35.189
345.034,394.400,32.734,35.189
344.365,385.978,32.734,35.189
346.103,372.209,32.734,35.189
348.911,349.884,32.734,35.189
349.579,330.500,32.734,35.189
348.376,312.453,32.734,35.189
349.262,293.617,33.458,35.967
351.312,283.642,33.458,35.967
351.650,273.179,34.198,36.763
353.156,266.831,34.955,37.576
354.102,264.490,35.728,38.408
351.739,262.097,36.519,39.257
353.678,268.510,36.519,39.257
351.336,258.435,35.740,38.420
354.423,264.219,36.530,39.270
356.341,271.369,37.339,40.139
353.871,284.689,38.165,41.027
355.551,297.980,39.009,41.935
353.963,316.194,39.872,42.863
354.451,336.223,39.872,42.863
351.814,305.846,40.755,43.811
349.650,276.719,40.755,43.811
347.487,251.586,40.755,43.811
345.989,228.118,40.755,43.811
345.156,206.647,40.755,43.811
343.658,187.839,40.755,43.811
343.159,171.695,40.755,43.811
342.327,157.547,40.755,43.811
342.493,145.064,40.755,43.811
340.662,135.910,40.755,43.811
339.164,128.753,40.755,43.811
337.667,124.592,40.755,43.811
336.834,122.428,40.755,43.811
336.335,123.593,40.755,43.811
335.503,125.424,40.755,43.811
334.338,128.920,40.755,43.811
333.838,136.076,40.755,43.811
334.338,148.892,40.755,43.811
332.174,160.044,40.755,43.811
331.675,173.526,40.755,43.811
330.510,192.333,40.755,43.811
328.679,214.470,40.755,43.811
327.514,239.270,40.755,43.811
328.679,216.467,40.755,43.811
331.163,175.057,41.656,44.780
329.467,127.435,42.578,45.771
331.702,88.141,43.520,46.784
333.302,53.128,43.520,46.784
334.546,22.380,43.520,46.784
338.278,-3.036,43.520,46.784
340.627,-15.728,42.592,45.786
339.907,-32.509,41.684,44.810
339.860,-34.820,40.795,43.854
339.813,-36.761,39.925,42.919
340.081,-37.718,39.073,42.004
339.484,-39.673,39.938,42.933
339.438,-39.372,39.086,42.017
338.509,-40.665,39.951,42.947
337.897,-41.310,40.835,43.897
338.172,-40.038,39.964,42.961
338.441,-40.052,39.112,42.045
337.511,-39.688,39.977,42.975
337.465,-38.443,39.125,42.059
337.420,-38.149,38.290,41.162
337.376,-36.956,37.474,40.284
337.333,-35.789,36.674,39.425
337.003,-34.647,35.892,38.584
336.453,-36.442,36.687,39.438
336.123,-35.011,35.904,38.597
336.081,-34.175,35.138,37.774
336.437,-35.636,35.916,38.610
365.237,-11.614,35.150,37.786
364.104,-0.862,35.928,38.622
364.837,20.707,35.928,38.622
364.397,48.439,35.928,38.622
365.131,78.225,35.928,38.622
364.104,110.065,35.928,38.622
362.783,143.665,35.928,38.622
361.624,183.883,36.723,39.477
361.685,224.992,37.535,40.350
358.248,267.009,38.366,41.243
356.686,309.956,39.214,42.155
359.408,313.319,39.214,42.155
368.217,298.425,39.214,42.155
376.064,282.250,39.214,42.155
382.950,268.637,39.214,42.155
388.556,259.188,39.214,42.155
393.200,250.700,39.214,42.155
401.182,245.130,38.378,41.257
407.785,242.397,37.560,40.377
411.313,240.710,37.560,40.377
418.216,243.011,37.560,40.377
423.791,245.955,36.759,39.516
428.144,250.909,36.759,39.516
435.200,257.664,36.759,39.516
440.154,265.020,36.759,39.516
443.607,274.478,36.759,39.516
446.760,285.437,36.759,39.516
450.813,298.497,36.759,39.516
456.559,312.665,35.975,38.673
458.762,299.589,35.975,38.673
459.431,283.461,36.771,39.529
460.258,265.210,35.987,38.686
464.183,250.466,35.219,37.861
468.579,239.085,34.468,37.053
470.710,227.405,33.733,36.263
475.452,218.098,33.014,35.490
478.013,210.809,32.310,34.733
480.520,206.220,31.621,33.992
483.222,202.475,30.946,33.267
486.110,201.002,30.286,32.558
488.698,200.515,29.641,31.864
492.514,200.539,30.296,32.569
497.442,195.172,30.967,33.289
498.806,193.361,31.652,34.026
503.686,194.728,32.352,34.779
502.885,197.518,31.662,34.037
503.596,198.754,30.987,33.311
505.024,203.622,30.326,32.601
506.359,208.787,30.997,33.322
508.249,213.803,31.683,34.059
509.912,214.097,32.384,34.813
511.338,212.477,33.100,35.583
512.234,210.821,33.833,36.370
512.577,209.989,34.581,37.175
513.220,210.310,35.346,37.997
514.177,210.938,36.129,38.838
515.155,210.662,36.928,39.697
516.467,208.189,37.745,40.576
519.098,209.067,36.940,39.710
521.351,208.784,37.757,40.589
526.658,209.663,36.952,39.723
529.850,210.006,37.770,40.602
532.483,212.372,36.964,39.737
534.769,212.359,36.176,38.889
536.361,212.389,36.976,39.750
539.242,209.599,37.794,40.629
541.547,208.349,38.631,41.528
543.631,205.598,37.807,40.642
545.374,204.990,37.001,39.776
523.775,217.503,36.212,38.927
528.865,214.639,35.439,38.097
535.800,209.605,34.684,37.285
540.948,207.135,33.944,36.490
544.918,205.253,33.220,35.712
546.187,206.288,32.512,34.950
544.614,208.324,31.818,34.205
540.570,211.068,31.140,33.475
536.121,216.206,30.476,32.761
527.449,219.314,29.826,32.063
517.083,224.235,29.190,31.379
505.789,226.523,28.567,30.710
495.186,228.312,27.958,30.055
487.010,227.642,27.362,29.414
479.439,224.832,26.778,28.787
474.560,218.077,26.207,28.173
474.736,210.228,25.648,27.572
