483.000,186.000,36.000,108.000
482.726,186.823,36.000,108.000
481.353,187.647,36.000,108.000
480.414,189.592,35.232,105.697
477.997,189.861,35.232,105.697
477.191,190.129,35.232,105.697
476.790,188.926,34.481,103.443
476.527,187.086,34.481,103.443
474.782,190.578,35.244,105.732
474.513,191.922,35.244,105.732
474.782,191.653,35.244,105.732
475.051,190.309,35.244,105.732
474.940,189.976,36.024,108.071
475.214,189.702,36.024,108.071
475.101,189.931,36.821,110.462
474.820,187.404,36.821,110.462
475.101,188.246,36.821,110.462
476.150,186.733,37.635,112.906
478.732,184.151,37.635,112.906
480.516,183.419,36.833,110.498
484.167,188.193,36.833,110.498
485.571,190.720,36.833,110.498
487.536,189.877,36.833,110.498
489.502,190.158,36.833,110.498
491.468,189.877,36.833,110.498
493.995,191.843,36.833,110.498
495.961,193.809,36.833,110.498
497.010,191.712,37.648,112.943
499.901,195.406,36.845,110.534
502.991,194.002,36.845,110.534
505.279,192.744,36.059,108.177
506.654,190.270,36.059,108.177
508.578,196.593,36.059,108.177
510.503,199.617,36.059,108.177
511.877,198.792,36.059,108.177
514.352,201.266,36.059,108.177
516.276,203.191,36.059,108.177
517.650,201.266,36.059,108.177
517.925,203.191,36.059,108.177
519.300,204.565,36.059,108.177
522.324,202.641,36.059,108.177
522.599,200.716,36.059,108.177
522.324,197.142,36.059,108.177
522.210,191.667,36.857,110.571
523.843,192.485,37.672,113.017
524.320,196.896,38.506,115.517
524.808,196.532,39.358,118.073
525.929,193.669,40.229,120.686
525.803,191.380,41.119,123.356
526.743,194.201,41.119,123.356
527.057,192.634,41.119,123.356
527.997,191.693,41.119,123.356
531.445,189.499,41.119,123.356
533.013,187.931,41.119,123.356
534.962,186.527,40.242,120.725
536.108,188.693,41.132,123.396
537.454,187.288,40.255,120.765
538.600,190.092,41.146,123.437
538.914,186.641,41.146,123.437
540.483,185.700,41.146,123.437
539.702,187.915,42.056,126.168
540.664,186.953,42.056,126.168
540.985,185.991,42.056,126.168
540.664,188.877,42.056,126.168
542.267,187.915,42.056,126.168
542.588,189.518,42.056,126.168
544.832,186.632,42.056,126.168
546.208,186.432,41.159,123.477
546.522,189.256,41.159,123.477
546.835,192.081,41.159,123.477
546.522,191.139,41.159,123.477
545.741,192.703,42.070,126.209
543.611,194.302,43.001,129.002
543.476,189.133,43.952,131.856
543.622,194.092,43.015,129.044
545.261,189.173,43.015,129.044
546.901,189.501,43.015,129.044
547.676,191.193,42.097,126.292
547.815,192.849,41.200,123.599
546.245,191.907,41.200,123.599
547.187,189.708,41.200,123.599
547.501,190.022,41.200,123.599
545.931,191.592,41.200,123.599
545.801,190.551,42.111,126.333
545.480,190.230,42.111,126.333
544.517,193.762,42.111,126.333
543.553,199.220,42.111,126.333
543.232,197.614,42.111,126.333
542.911,201.788,42.111,126.333
542.590,202.751,42.111,126.333
542.911,203.072,42.111,126.333
543.874,202.751,42.111,126.333
542.269,204.356,42.111,126.333
541.306,204.035,42.111,126.333
541.839,202.971,43.043,129.128
541.023,202.564,43.995,131.985
541.358,202.228,43.995,131.985
541.694,203.235,43.995,131.985
542.700,200.887,43.995,131.985
541.694,200.551,43.995,131.985
541.839,206.161,43.057,129.171
542.824,207.803,43.057,129.171
544.051,203.309,44.010,132.029
545.057,202.302,44.010,132.029
545.850,203.386,43.071,129.213
546.626,206.347,42.153,126.458
546.493,204.614,43.085,129.256
546.821,204.286,43.085,129.256
547.807,205.928,43.085,129.256
547.478,206.257,43.085,129.256
547.807,203.957,43.085,129.256
548.135,205.600,43.085,129.256
549.545,203.495,42.166,126.499
550.304,208.252,41.267,123.801
551.248,205.421,41.267,123.801
551.991,211.290,40.387,121.161
552.299,209.750,40.387,121.161
553.223,213.137,40.387,121.161
553.734,209.561,41.281,123.842
554.049,207.987,41.281,123.842
554.993,209.561,41.281,123.842
554.679,207.357,41.281,123.842
554.993,209.561,41.281,123.842
555.937,207.987,41.281,123.842
556.252,208.302,41.281,123.842
556.567,206.099,41.281,123.842
556.882,208.931,41.281,123.842
556.567,208.616,41.281,123.842
556.882,208.302,41.281,123.842
557.018,210.532,40.400,121.201
557.326,210.840,40.400,121.201
557.634,211.764,40.400,121.201
557.326,210.840,40.400,121.201
557.634,212.380,40.400,121.201
557.326,210.224,40.400,121.201
557.018,211.764,40.400,121.201
557.942,213.304,40.400,121.201
558.250,212.996,40.400,121.201
557.942,211.456,40.400,121.201
557.634,211.764,40.400,121.201
557.326,213.304,40.400,121.201
557.018,212.996,40.400,121.201
557.326,212.688,40.400,121.201
558.054,214.871,39.539,118.616
558.355,216.378,39.539,118.616
557.905,219.096,38.696,116.087
558.602,218.343,37.870,113.611
558.728,221.503,37.063,111.189
558.851,221.871,36.272,108.817
558.438,223.298,35.499,106.497
558.709,222.486,35.499,106.497
558.438,221.133,35.499,106.497
558.167,220.862,35.499,106.497
557.897,221.133,35.499,106.497
557.085,220.862,35.499,106.497
556.814,221.674,35.499,106.497
555.461,221.945,35.499,106.497
555.190,221.674,35.499,106.497
554.378,221.945,35.499,106.497
554.108,221.133,35.499,106.497
552.754,220.862,35.499,106.497
551.829,221.215,34.742,104.226
551.564,222.010,34.742,104.226
550.239,220.156,34.742,104.226
549.844,223.054,34.001,102.003
550.622,221.240,34.001,102.003
549.235,222.077,33.276,99.828
549.345,221.919,32.566,97.699
547.539,220.329,31.872,95.616
546.708,218.303,31.192,93.577
545.894,217.238,30.527,91.581
545.098,219.785,29.876,89.628
544.870,220.924,29.876,89.628
544.530,221.221,29.239,87.717
543.416,222.781,29.239,87.717
542.653,223.931,28.615,85.846
542.435,225.895,28.615,85.846
541.781,229.604,28.615,85.846
540.690,231.131,28.615,85.846
540.472,231.349,28.615,85.846
539.381,232.440,28.615,85.846
538.290,232.222,28.615,85.846
537.199,232.003,28.615,85.846
535.672,232.222,28.615,85.846
534.085,232.506,28.005,84.015
531.736,234.001,28.005,84.015
528.960,235.922,28.005,84.015
526.214,233.442,28.625,85.874
521.631,232.788,28.625,85.874
518.794,232.133,28.625,85.874
516.830,231.478,28.625,85.874
514.866,231.260,28.625,85.874
512.029,232.351,28.625,85.874
509.628,230.823,28.625,85.874
507.664,231.915,28.625,85.874
503.954,233.442,28.625,85.874
499.371,231.478,28.625,85.874
497.469,229.849,29.258,87.774
495.416,234.010,28.634,85.902
494.249,236.820,28.024,84.070
490.617,239.170,28.024,84.070
488.650,240.684,27.426,82.278
488.338,242.569,26.841,80.523
486.849,245.597,26.269,78.806
485.447,243.394,26.269,78.806
482.443,241.992,26.269,78.806
480.641,245.797,26.269,78.806
478.065,243.056,26.850,80.549
476.222,242.441,26.850,80.549
474.338,244.287,26.277,78.832
471.734,243.285,26.277,78.832
470.332,246.691,26.277,78.832
468.528,246.891,26.277,78.832
465.123,246.691,26.277,78.832
466.525,246.491,26.277,78.832
463.948,244.164,26.859,80.576
462.458,246.010,26.286,78.858
459.853,246.611,26.286,78.858
458.049,249.617,26.286,78.858
455.845,252.623,26.286,78.858
454.442,250.819,26.286,78.858
452.984,255.330,25.725,77.176
452.313,258.610,25.177,75.530
450.969,258.035,25.177,75.530
448.833,261.615,24.640,73.919
447.586,259.043,25.185,75.555
445.116,256.016,25.742,77.227
442.172,253.072,25.742,77.227
439.620,254.839,25.742,77.227
437.096,256.224,26.312,78.935
434.087,259.233,26.312,78.935
431.078,262.643,26.312,78.935
429.746,265.308,26.894,80.682
427.534,262.927,27.489,82.467
424.810,269.004,27.489,82.467
424.288,267.874,28.097,84.291
425.359,266.375,28.097,84.291
427.938,262.553,28.719,86.156
431.660,254.890,28.719,86.156
431.879,252.919,28.719,86.156
432.536,257.080,28.719,86.156
434.506,256.423,28.719,86.156
434.725,257.517,28.719,86.156
434.506,261.240,28.719,86.156
437.352,259.269,28.719,86.156
438.885,262.991,28.719,86.156
439.104,259.269,28.719,86.156
440.637,257.298,28.719,86.156
442.169,258.393,28.719,86.156
442.388,256.423,28.719,86.156
443.483,257.080,28.719,86.156
444.140,257.299,28.719,86.156
445.673,258.393,28.719,86.156
446.036,259.485,29.354,88.062
444.470,263.289,29.354,88.062
448.722,261.723,29.354,88.062
449.094,258.659,30.004,90.011
448.865,260.260,30.004,90.011
451.381,258.659,30.004,90.011
452.236,256.002,30.667,92.002
452.470,257.171,30.667,92.002
453.171,257.872,30.667,92.002
453.873,259.509,30.667,92.002
455.042,257.405,30.667,92.002
454.945,255.174,31.346,94.038
455.184,256.847,31.346,94.038
455.423,255.652,31.346,94.038
455.662,254.935,31.346,94.038
456.379,256.130,31.346,94.038
456.618,255.413,31.346,94.038
456.857,255.652,31.346,94.038
456.140,255.413,31.346,94.038
456.379,254.696,31.346,94.038
456.618,252.545,31.346,94.038
457.335,252.784,31.346,94.038
457.236,252.488,32.039,96.118
457.480,251.755,32.039,96.118
457.724,253.465,32.039,96.118
458.457,253.220,32.039,96.118
458.863,251.904,32.748,98.245
458.242,250.558,33.473,100.419
457.987,248.771,33.473,100.419
457.881,246.866,34.214,102.640
457.773,242.754,34.970,104.911
458.040,242.487,34.970,104.911
457.376,237.731,35.744,107.233
457.264,237.958,36.535,109.605
455.993,238.769,37.343,112.030
454.569,237.345,37.343,112.030
453.715,241.616,37.343,112.030
451.825,241.853,38.170,114.509
448.082,238.473,39.014,117.042
452.225,241.728,38.182,114.546
449.605,239.108,38.182,114.546
448.731,242.310,38.182,114.546
448.440,239.690,38.182,114.546
447.567,239.981,38.182,114.546
445.529,240.272,38.182,114.546
442.909,239.981,38.182,114.546
440.872,238.526,38.182,114.546
438.335,233.332,39.027,117.081
436.977,226.789,39.890,119.671
436.673,225.269,39.890,119.671
436.805,228.010,39.040,117.119
434.830,224.553,39.903,119.710
433.917,221.815,39.903,119.710
432.529,216.388,40.786,122.359
431.110,213.421,41.689,125.066
430.156,211.832,41.689,125.066
428.706,213.416,42.611,127.833
431.629,214.391,42.611,127.833
431.305,212.766,42.611,127.833
432.929,213.741,42.611,127.833
435.203,214.066,42.611,127.833
436.178,215.690,42.611,127.833
438.452,212.117,42.611,127.833
437.477,215.040,42.611,127.833
432.624,211.267,43.554,130.661
441.090,214.900,42.625,127.875
444.664,211.976,42.625,127.875
442.507,214.944,43.568,130.704
423.574,213.283,43.568,130.704
424.815,208.736,44.532,133.596
425.833,207.717,44.532,133.596
421.400,210.778,43.582,130.747
423.061,212.439,43.582,130.747
424.058,213.436,43.582,130.747
425.719,211.775,43.582,130.747
422.064,209.449,43.582,130.747
424.390,211.775,43.582,130.747
484.531,206.791,43.582,130.747
486.193,211.775,43.582,130.747
489.183,213.436,43.582,130.747
492.838,212.439,43.582,130.747
495.164,210.113,43.582,130.747
500.812,213.104,43.582,130.747
503.138,212.772,43.582,130.747
505.464,212.439,43.582,130.747
507.790,214.101,43.582,130.747
510.116,215.097,43.582,130.747
512.442,214.765,43.582,130.747
513.439,214.433,43.582,130.747
515.100,216.094,43.582,130.747
518.091,212.439,43.582,130.747
519.088,214.101,43.582,130.747
523.407,211.110,43.582,130.747
522.270,212.825,42.653,127.959
524.919,211.368,41.743,125.230
527.784,211.686,41.743,125.230
533.595,209.310,42.667,128.001
536.245,214.124,41.757,125.271
536.383,213.312,40.867,122.600
537.720,217.322,39.995,119.985
540.125,214.413,40.880,122.640
541.936,210.792,41.784,125.353
545.440,209.200,41.784,125.353
539.359,204.838,42.709,128.127
541.252,201.056,43.654,130.962
538.256,198.726,43.654,130.962
540.586,197.062,43.654,130.962
542.250,194.733,43.654,130.962
542.803,188.795,44.620,133.859
539.133,182.726,45.607,136.821
542.262,187.246,45.607,136.821
539.062,186.359,44.634,133.903
541.834,195.331,43.683,131.048
542.621,198.975,42.751,128.253
539.036,197.345,42.751,128.253
539.361,199.627,42.751,128.253
539.503,204.450,41.839,125.518
539.184,206.683,41.839,125.518
535.037,204.450,41.839,125.518
536.406,207.326,40.947,122.841
537.342,209.511,40.947,122.841
535.157,209.199,40.947,122.841
533.596,207.638,40.947,122.841
533.908,209.199,40.947,122.841
532.348,206.389,40.947,122.841
532.035,208.574,40.947,122.841
531.099,209.511,40.947,122.841
530.787,209.199,40.947,122.841
532.348,211.384,40.947,122.841
532.035,211.696,40.947,122.841
530.474,210.760,40.947,122.841
529.538,209.823,40.947,122.841
528.601,208.887,40.947,122.841
528.289,209.199,40.947,122.841
526.728,206.389,40.947,122.841
527.040,208.574,40.947,122.841
525.480,207.014,40.947,122.841
526.819,208.624,40.074,120.222
525.185,207.256,39.219,117.658
524.162,205.917,38.383,115.149
522.597,202.914,37.564,112.693
522.169,203.287,36.763,110.290
520.768,205.249,36.763,110.290
519.809,201.292,35.979,107.938
517.813,197.948,35.212,105.636
516.895,195.193,34.461,103.383
516.632,198.083,34.461,103.383
514.793,195.719,34.461,103.383
515.056,198.083,34.461,103.383
514.268,199.397,34.461,103.383
513.479,202.287,34.461,103.383
510.589,200.448,34.461,103.383
510.327,198.609,34.461,103.383
505.335,198.872,34.461,103.383
506.123,198.083,34.461,103.383
504.718,201.971,33.726,101.179
503.838,201.315,33.007,99.021
500.063,202.574,33.007,99.021
497.799,202.825,33.007,99.021
494.024,202.070,33.007,99.021
492.262,203.832,33.007,99.021
488.488,201.064,33.007,99.021
486.223,199.302,33.007,99.021
483.455,200.057,33.007,99.021
480.184,197.289,33.007,99.021
477.415,198.044,33.007,99.021
475.151,197.289,33.007,99.021
471.879,197.541,33.007,99.021
470.533,195.443,32.303,96.909
466.842,197.664,31.614,94.843
464.673,200.315,31.614,94.843
462.986,201.520,31.614,94.843
459.371,202.725,31.614,94.843
459.130,203.448,31.614,94.843
456.478,202.725,31.614,94.843
455.189,204.433,30.940,92.820
453.538,203.726,30.940,92.820
450.000,204.433,30.940,92.820
450.557,203.832,30.280,90.841
448.941,204.986,30.280,90.841
446.371,206.177,29.635,88.904
446.469,205.165,29.003,87.008
444.037,207.155,29.003,87.008
442.931,208.703,29.003,87.008
442.710,209.808,29.003,87.008
438.951,207.818,29.003,87.008
436.961,208.482,29.003,87.008
433.645,208.703,29.003,87.008
429.905,210.270,28.384,85.152
427.496,214.307,27.779,83.336
425.590,212.824,27.779,83.336
420.783,213.509,27.186,81.559
413.386,214.112,27.788,83.364
410.660,214.728,28.403,85.208
405.179,216.706,29.031,87.093
400.974,215.599,29.031,87.093
390.571,210.066,29.031,87.093
387.265,212.547,29.673,89.020
383.419,218.203,29.673,89.020
380.930,221.144,29.673,89.020
378.442,217.298,29.673,89.020
376.858,217.072,29.673,89.020
373.009,213.036,30.330,90.990
372.778,217.429,30.330,90.990
369.323,220.021,31.001,93.003
363.831,218.257,31.687,95.061
356.713,214.949,32.388,97.164
351.487,210.544,33.105,99.314
336.196,268.362,33.837,101.511
338.001,270.168,33.837,101.511
340.839,268.878,33.837,101.511
343.677,268.620,33.837,101.511
347.546,267.330,33.837,101.511
350.900,266.556,33.837,101.511
354.254,267.846,33.837,101.511
356.575,266.556,33.837,101.511
360.445,263.203,33.837,101.511
362.767,259.333,33.837,101.511
365.872,260.619,34.586,103.757
367.718,264.574,34.586,103.757
370.618,262.728,34.586,103.757
374.046,265.629,34.586,103.757
375.892,263.783,34.586,103.757
377.737,267.211,34.586,103.757
380.638,265.365,34.586,103.757
384.066,263.519,34.586,103.757
385.598,266.475,35.351,106.053
386.605,263.904,36.133,108.399
389.084,261.975,36.133,108.399
391.013,265.557,36.133,108.399
393.492,265.281,36.133,108.399
395.420,269.964,36.133,108.399
396.798,271.342,36.133,108.399
399.277,272.719,36.133,108.399
401.205,274.096,36.133,108.399
403.685,273.821,36.133,108.399
407.266,275.749,36.133,108.399
409.745,279.881,36.133,108.399
413.326,279.055,36.133,108.399
416.357,282.085,36.133,108.399
419.101,280.600,36.932,110.797
422.761,283.134,36.932,110.797
424.398,279.864,37.750,113.249
