471.000,230.000,28.000,88.000
469.015,230.662,28.000,88.000
464.824,231.323,28.000,88.000
464.162,232.426,28.000,88.000
463.500,232.647,28.000,88.000
461.956,235.514,28.000,88.000
461.736,237.059,28.000,88.000
459.751,235.956,28.000,88.000
457.324,235.294,28.000,88.000
456.786,234.092,28.619,89.947
456.235,232.863,29.253,91.937
456.465,233.093,29.253,91.937
456.696,232.402,29.253,91.937
456.005,232.171,29.253,91.937
453.931,235.167,29.253,91.937
453.132,237.258,28.629,89.976
453.357,237.032,28.629,89.976
452.230,236.807,28.629,89.976
451.102,235.228,28.629,89.976
450.755,234.231,28.018,88.058
447.926,235.318,28.638,90.006
447.249,234.641,28.638,90.006
446.573,233.964,28.638,90.006
444.993,232.836,28.638,90.006
443.865,232.611,28.638,90.006
441.779,235.527,28.028,88.087
441.116,237.073,28.028,88.087
440.012,236.852,28.028,88.087
439.792,238.398,28.028,88.087
439.571,235.086,28.028,88.087
438.025,233.099,28.028,88.087
438.246,236.411,28.028,88.087
437.584,235.307,28.028,88.087
438.521,236.033,27.430,86.208
439.169,237.546,27.430,86.208
439.090,237.713,28.037,88.115
438.324,241.846,27.439,86.236
439.242,245.890,26.854,84.397
440.956,250.257,26.281,82.598
441.577,250.464,26.281,82.598
442.198,250.257,26.281,82.598
442.981,245.691,26.863,84.425
444.463,245.903,26.863,84.425
443.321,247.007,26.290,82.625
443.942,246.386,26.290,82.625
443.735,247.835,26.290,82.625
444.357,246.800,26.290,82.625
442.907,248.664,26.290,82.625
440.592,253.737,25.729,80.863
437.957,253.940,25.729,80.863
436.538,252.521,25.729,80.863
434.309,251.102,25.729,80.863
434.917,252.115,25.729,80.863
434.714,252.318,25.729,80.863
433.295,254.548,25.729,80.863
431.066,253.129,25.729,80.863
429.309,252.445,26.298,82.652
427.944,253.035,26.880,84.480
429.251,256.181,26.307,82.679
426.971,255.973,26.307,82.679
424.277,256.181,26.307,82.679
424.070,254.730,26.307,82.679
423.564,251.020,26.889,84.508
422.928,249.961,26.889,84.508
423.140,249.749,26.889,84.508
420.364,251.671,26.316,82.706
419.328,248.147,26.316,82.706
418.210,246.431,25.754,80.942
415.978,249.880,25.754,80.942
414.558,254.547,25.754,80.942
413.949,253.938,25.754,80.942
412.935,255.764,25.754,80.942
411.920,256.778,25.754,80.942
411.717,256.576,25.754,80.942
411.920,255.155,25.754,80.942
413.746,257.793,25.754,80.942
413.543,256.373,25.754,80.942
413.231,258.605,25.205,79.216
412.636,258.406,25.205,79.216
410.503,257.324,25.763,80.969
408.270,259.962,25.763,80.969
406.444,257.730,25.763,80.969
407.052,257.121,25.763,80.969
406.444,256.106,25.763,80.969
405.023,253.062,25.763,80.969
404.820,250.017,25.763,80.969
404.211,251.032,25.763,80.969
403.196,253.265,25.763,80.969
403.399,251.438,25.763,80.969
402.790,254.077,25.763,80.969
403.399,253.062,25.763,80.969
402.061,252.377,26.333,82.760
401.854,251.339,26.333,82.760
402.061,253.621,26.333,82.760
401.854,253.829,26.333,82.760
401.646,253.621,26.333,82.760
401.439,254.244,26.333,82.760
402.061,252.792,26.333,82.760
404.758,256.318,26.333,82.760
406.625,254.451,26.333,82.760
406.003,256.318,26.333,82.760
409.114,254.866,26.333,82.760
413.056,255.903,26.333,82.760
416.168,254.451,26.333,82.760
418.864,253.414,26.333,82.760
421.345,256.096,25.771,80.995
419.923,255.487,25.771,80.995
423.781,257.720,25.771,80.995
426.014,258.735,25.771,80.995
428.653,257.720,25.771,80.995
430.264,258.298,26.341,82.787
432.962,257.676,26.341,82.787
431.509,258.298,26.341,82.787
433.792,258.091,26.341,82.787
436.074,258.713,26.341,82.787
437.527,258.506,26.341,82.787
438.564,259.128,26.341,82.787
440.017,257.676,26.341,82.787
440.224,258.713,26.341,82.787
442.092,258.506,26.341,82.787
442.715,258.298,26.341,82.787
443.752,258.506,26.341,82.787
443.545,258.298,26.341,82.787
444.167,258.091,26.341,82.787
444.790,259.543,26.341,82.787
444.582,258.091,26.341,82.787
445.620,259.128,26.341,82.787
445.827,257.676,26.341,82.787
446.612,257.836,26.924,84.619
446.094,255.800,27.520,86.491
446.915,255.518,28.129,88.405
446.250,254.853,28.129,88.405
448.687,256.848,28.129,88.405
448.023,257.069,28.129,88.405
450.460,257.734,28.129,88.405
449.352,255.740,28.129,88.405
451.346,257.291,28.129,88.405
452.454,257.956,28.129,88.405
451.790,256.848,28.129,88.405
453.341,257.956,28.129,88.405
454.892,258.620,28.129,88.405
454.227,258.399,28.129,88.405
454.892,257.734,28.129,88.405
455.114,259.728,28.129,88.405
455.778,257.291,28.129,88.405
458.216,259.728,28.129,88.405
458.594,255.302,28.751,90.361
460.391,254.067,29.387,92.360
461.549,255.688,29.387,92.360
464.095,254.067,29.387,92.360
466.179,255.225,29.387,92.360
467.336,253.604,29.387,92.360
469.883,251.058,29.387,92.360
471.967,253.141,29.387,92.360
471.272,252.447,29.387,92.360
472.893,250.826,29.387,92.360
474.322,250.249,28.761,90.390
475.179,248.544,29.397,92.390
477.263,248.312,29.397,92.390
476.105,247.154,29.397,92.390
477.263,246.460,29.397,92.390
479.810,248.544,29.397,92.390
480.505,248.775,29.397,92.390
482.589,248.544,29.397,92.390
485.137,250.165,29.397,92.390
483.516,250.860,29.397,92.390
484.872,246.714,30.047,94.434
486.259,246.406,30.712,96.524
487.752,246.269,30.057,94.465
488.648,244.979,30.722,96.555
489.374,245.221,30.722,96.555
490.100,244.979,30.722,96.555
492.527,246.708,30.067,94.496
493.990,245.204,29.426,92.481
496.540,245.436,29.426,92.481
497.898,245.134,30.077,94.527
500.274,243.630,29.435,92.512
498.187,244.790,29.435,92.512
501.853,242.424,28.808,90.539
504.566,240.108,28.193,88.608
506.794,237.842,27.592,86.718
508.973,236.881,27.004,84.869
511.107,237.991,26.428,83.059
511.188,237.070,25.864,81.288
513.231,235.384,25.313,79.554
514.078,235.656,24.773,77.858
515.834,233.509,24.773,77.858
516.029,235.265,24.773,77.858
517.786,233.509,24.773,77.858
516.810,235.265,24.773,77.858
518.957,232.728,24.773,77.858
516.810,235.265,24.773,77.858
516.224,233.509,24.773,77.858
515.639,235.656,24.773,77.858
513.882,236.631,24.773,77.858
512.907,237.607,24.773,77.858
513.882,237.412,24.773,77.858
512.516,238.778,24.773,77.858
513.492,239.754,24.773,77.858
514.078,241.120,24.773,77.858
514.906,240.633,24.245,76.198
514.333,241.970,24.245,76.198
515.288,240.633,24.245,76.198
515.614,242.366,24.781,77.883
513.112,244.138,25.329,79.607
512.036,246.333,24.789,77.909
514.371,245.093,24.261,76.248
511.128,248.017,24.797,77.935
509.030,254.654,25.346,79.659
506.885,254.809,25.907,81.421
505.864,255.013,25.907,81.421
504.436,256.441,25.907,81.421
503.824,261.135,25.907,81.421
502.395,259.707,25.907,81.421
502.599,259.094,25.907,81.421
501.171,257.666,25.907,81.421
500.150,257.053,25.907,81.421
498.722,256.033,25.907,81.421
496.477,255.013,25.907,81.421
496.681,253.992,25.907,81.421
495.252,256.237,25.907,81.421
493.415,253.992,25.907,81.421
491.987,253.380,25.907,81.421
490.150,256.033,25.907,81.421
487.905,252.564,25.907,81.421
487.701,253.992,25.907,81.421
485.864,251.339,25.907,81.421
484.435,251.951,25.907,81.421
482.599,250.523,25.907,81.421
480.354,253.176,25.907,81.421
481.374,250.114,25.907,81.421
481.170,251.135,25.907,81.421
480.558,249.298,25.907,81.421
477.905,247.053,25.907,81.421
477.292,245.625,25.907,81.421
475.864,242.563,25.907,81.421
474.027,240.726,25.907,81.421
473.823,238.890,25.907,81.421
472.802,241.951,25.907,81.421
471.457,244.226,26.480,83.223
470.515,247.851,27.066,85.064
469.109,250.228,27.665,86.946
467.584,253.497,27.665,86.946
468.238,250.664,27.665,86.946
466.276,253.061,27.665,86.946
465.186,255.458,27.665,86.946
463.661,253.497,27.665,86.946
462.571,257.202,27.665,86.946
461.046,255.240,27.665,86.946
460.828,252.407,27.665,86.946
459.738,255.676,27.665,86.946
458.648,252.407,27.665,86.946
458.866,254.369,27.665,86.946
457.341,256.330,27.665,86.946
457.995,256.984,27.665,86.946
457.777,258.074,27.665,86.946
458.149,256.886,28.277,88.870
458.817,258.890,28.277,88.870
460.822,258.222,28.277,88.870
461.936,257.554,28.277,88.870
462.316,257.264,28.902,90.836
461.633,256.126,28.902,90.836
462.600,259.069,28.286,88.899
462.377,256.618,28.286,88.899
461.833,252.167,28.912,90.866
464.338,251.028,28.912,90.866
467.061,249.582,28.295,88.928
466.838,248.022,28.295,88.928
471.074,245.124,28.295,88.928
471.160,243.709,27.692,87.032
472.891,247.047,28.305,88.957
472.548,249.070,27.701,87.060
473.374,251.955,28.314,88.986
472.258,252.178,28.314,88.986
472.928,253.740,28.314,88.986
471.725,255.764,27.710,87.089
474.562,256.418,27.710,87.089
474.482,255.682,28.323,89.016
475.152,255.905,28.323,89.016
476.267,257.466,28.323,89.016
475.598,255.905,28.323,89.016
475.375,257.913,28.323,89.016
475.598,259.921,28.323,89.016
476.975,265.386,27.719,87.117
474.573,261.237,27.719,87.117
472.975,264.060,27.128,85.259
472.646,263.528,26.550,83.441
472.018,266.665,26.550,83.441
469.718,264.364,26.550,83.441
468.186,261.424,25.983,81.662
466.754,258.353,25.983,81.662
465.650,256.659,25.429,79.920
465.728,259.249,24.887,78.216
464.355,258.269,24.887,78.216
463.375,260.033,24.887,78.216
462.003,257.485,24.887,78.216
460.630,256.112,24.887,78.216
458.866,256.308,24.887,78.216
460.238,257.681,24.887,78.216
457.690,255.916,24.887,78.216
456.709,257.681,24.887,78.216
458.866,259.445,24.887,78.216
457.101,258.073,24.887,78.216
454.161,256.701,24.887,78.216
455.925,257.289,24.887,78.216
454.945,255.132,24.887,78.216
456.317,256.897,24.887,78.216
454.161,255.132,24.887,78.216
453.572,252.976,24.887,78.216
456.121,255.132,24.887,78.216
454.357,252.976,24.887,78.216
455.337,255.132,24.887,78.216
454.749,252.976,24.887,78.216
455.337,254.740,24.887,78.216
454.045,252.451,25.438,79.947
452.241,251.449,25.438,79.947
452.583,252.852,26.000,81.715
450.808,253.435,26.576,83.523
446.822,255.335,27.164,85.371
441.130,261.814,26.584,83.551
437.570,265.374,26.584,83.551
434.422,268.889,26.017,81.769
434.627,270.734,26.017,81.769
433.192,271.349,26.017,81.769
429.321,272.813,25.463,80.025
425.911,271.008,25.463,80.025
424.506,272.011,25.463,80.025
419.893,268.200,25.463,80.025
419.291,266.796,25.463,80.025
415.480,265.793,25.463,80.025
412.070,267.598,25.463,80.025
405.852,269.002,25.463,80.025
397.628,267.999,25.463,80.025
391.008,269.002,25.463,80.025
390.406,269.604,25.463,80.025
382.182,269.002,25.463,80.025
377.569,267.598,25.463,80.025
371.351,266.595,25.463,80.025
367.138,270.005,25.463,80.025
367.339,269.403,25.463,80.025
363.126,267.999,25.463,80.025
350.489,252.554,25.463,80.025
341.463,249.144,25.463,80.025
334.843,248.141,25.463,80.025
330.230,250.749,25.463,80.025
329.628,252.153,25.463,80.025
322.206,250.347,25.463,80.025
317.994,254.159,25.463,80.025
310.572,252.353,25.463,80.025
301.546,249.344,25.463,80.025
292.731,246.586,26.026,81.796
290.476,247.611,26.026,81.796
274.689,246.586,26.026,81.796
271.614,245.561,26.026,81.796
268.538,248.636,26.026,81.796
266.283,250.072,26.026,81.796
256.647,246.996,26.026,81.796
255.212,244.741,26.026,81.796
245.165,241.256,26.026,81.796
239.220,236.950,26.026,81.796
232.044,238.385,26.026,81.796
226.098,239.410,26.026,81.796
220.152,240.025,26.026,81.796
219.947,240.640,26.026,81.796
216.462,237.565,26.026,81.796
211.707,235.171,26.602,83.606
205.542,231.420,27.190,85.455
196.130,227.585,27.792,87.346
192.846,225.615,27.792,87.346
194.816,225.396,27.792,87.346
191.532,224.301,27.792,87.346
188.248,224.520,27.792,87.346
185.840,222.112,27.792,87.346
185.503,213.547,27.199,85.483
183.521,206.404,26.619,83.660
184.411,202.243,26.052,81.876
186.074,199.753,25.496,80.130
183.463,202.364,25.496,80.130
181.992,200.315,24.952,78.422
180.616,198.546,24.952,78.422
177.668,191.273,24.952,78.422
177.864,186.752,24.952,78.422
174.937,180.786,25.504,80.157
173.129,178.576,25.504,80.157
171.658,175.751,24.960,78.447
169.460,174.503,24.428,76.774
168.051,175.136,23.907,75.137
167.035,177.208,23.397,73.535
166.114,177.392,23.397,73.535
165.192,179.788,23.397,73.535
162.059,181.816,23.397,73.535
157.819,184.580,23.397,73.535
155.404,188.029,22.898,71.967
156.518,188.623,22.410,70.432
151.691,188.759,22.906,71.990
146.543,192.484,22.418,70.455
143.548,195.788,21.939,68.953
139.918,198.035,21.939,68.953
135.910,198.886,22.425,70.478
135.380,199.416,22.425,70.478
128.844,201.359,22.425,70.478
125.480,198.930,22.921,72.037
119.633,197.436,22.432,70.501
117.368,193.539,22.929,72.061
110.930,191.055,23.436,73.655
101.285,193.880,23.954,75.285
96.945,191.049,23.954,75.285
92.605,191.993,23.954,75.285
89.019,194.068,23.954,75.285
91.850,190.860,23.954,75.285
92.416,187.275,23.954,75.285
92.982,188.219,23.954,75.285
93.548,185.765,23.954,75.285
96.001,182.935,23.954,75.285
99.065,177.990,24.484,76.951
104.197,175.738,25.026,78.653
117.625,165.664,25.580,80.393
119.223,160.384,26.146,82.172
126.413,163.108,26.724,83.990
135.510,160.213,27.315,85.848
143.475,158.847,26.733,84.018
157.381,155.951,27.324,85.877
174.387,153.153,27.324,85.877
177.790,151.786,26.742,84.045
189.952,154.572,27.333,85.905
165.621,116.459,27.333,85.905
175.371,113.498,27.938,87.805
185.794,111.385,28.556,89.748
196.367,110.260,28.556,89.748
198.842,110.035,28.556,89.748
208.904,111.643,27.947,87.834
220.132,110.102,27.947,87.834
230.920,108.561,27.947,87.834
241.708,108.781,27.947,87.834
251.131,108.656,27.351,85.961
252.876,109.365,26.768,84.128
260.678,108.733,26.768,84.128
268.477,107.146,27.360,85.989
275.624,108.686,26.777,84.156
281.320,107.631,26.777,84.156
286.688,109.545,26.206,82.361
