242.000,94.000,57.000,119.000
241.659,93.659,57.000,119.000
241.318,93.318,57.000,119.000
240.977,92.977,57.000,119.000
240.636,92.636,57.000,119.000
240.295,92.295,57.000,119.000
239.272,91.272,57.000,119.000
238.931,90.931,57.000,119.000
237.239,89.260,58.261,121.633
235.509,86.830,59.550,124.324
234.481,85.824,60.868,127.075
232.674,83.285,62.214,129.886
231.599,81.462,63.591,132.760
230.458,80.320,63.591,132.760
228.570,78.457,64.998,135.697
228.181,78.068,64.998,135.697
227.059,76.164,66.436,138.700
225.912,74.217,67.906,141.768
224.739,72.227,69.408,144.905
224.323,71.812,69.408,144.905
223.908,71.396,69.408,144.905
222.710,69.362,70.944,148.111
221.436,68.089,70.944,148.111
220.211,65.129,72.514,151.388
219.777,65.563,72.514,151.388
217.624,63.438,74.118,154.737
216.294,62.108,74.118,154.737
215.851,60.778,74.118,154.737
213.650,57.686,75.758,158.161
212.291,56.326,75.758,158.161
212.744,56.779,75.758,158.161
210.495,54.559,77.434,161.660
210.032,54.096,77.434,161.660
208.642,53.633,77.434,161.660
208.179,54.096,77.434,161.660
207.715,53.633,77.434,161.660
206.325,51.316,77.434,161.660
205.949,48.086,79.147,165.237
205.476,46.665,79.147,165.237
203.126,44.346,80.898,168.893
202.642,43.862,80.898,168.893
202.158,42.410,80.898,168.893
201.674,40.958,80.898,168.893
200.222,41.442,80.898,168.893
199.738,40.958,80.898,168.893
198.286,40.474,80.898,168.893
196.834,39.021,80.898,168.893
195.382,39.506,80.898,168.893
194.898,37.085,80.898,168.893
194.414,36.601,80.898,168.893
192.962,35.149,80.898,168.893
191.565,32.779,82.688,172.630
189.091,32.284,82.688,172.630
187.663,31.914,84.518,176.449
186.203,28.388,86.388,180.353
183.619,28.905,86.388,180.353
182.068,26.321,86.388,180.353
181.551,26.838,86.388,180.353
180.060,22.161,88.299,184.343
179.531,21.633,88.299,184.343
178.006,21.238,90.252,188.422
177.466,16.378,90.252,188.422
175.908,18.215,92.249,192.591
176.460,15.456,92.249,192.591
175.908,16.008,92.249,192.591
175.356,15.456,92.249,192.591
174.804,14.904,92.249,192.591
174.252,15.456,92.249,192.591
174.804,14.904,92.249,192.591
174.252,14.352,92.249,192.591
174.804,14.904,92.249,192.591
174.356,13.346,94.290,196.852
174.920,11.653,94.290,196.852
174.356,11.089,94.290,196.852
173.898,10.667,96.377,201.207
174.475,10.091,96.377,201.207
175.051,10.667,96.377,201.207
175.628,10.091,96.377,201.207
176.205,10.667,96.377,201.207
176.781,14.704,96.377,201.207
176.205,14.127,96.377,201.207
178.900,26.833,94.321,196.916
176.078,30.783,94.321,196.916
172.128,38.119,94.321,196.916
185.644,48.378,92.310,192.717
185.031,53.095,90.341,188.607
206.112,51.473,90.341,188.607
205.571,54.176,90.341,188.607
215.841,46.068,90.341,188.607
223.949,34.717,90.341,188.607
225.754,34.313,92.340,192.780
236.856,1.755,90.371,188.669
240.425,-1.966,88.444,184.646
248.363,-18.371,88.444,184.646
255.937,-28.133,86.558,180.708
264.347,-31.697,84.712,176.854
280.395,-33.231,82.905,173.083
289.819,-30.751,82.905,173.083
298.680,-27.004,84.740,176.912
307.737,-25.279,86.614,180.827
316.547,-21.652,86.614,180.827
322.248,-15.951,86.614,180.827
330.664,-10.527,84.767,176.970
337.923,0.648,82.960,173.196
344.070,-0.854,81.191,169.503
344.556,33.636,81.191,169.503
343.153,44.361,82.987,173.253
346.629,50.816,82.987,173.253
350.347,51.475,84.823,177.087
346.776,50.042,86.700,181.005
353.201,45.472,84.851,177.145
356.754,44.965,84.851,177.145
360.556,39.318,86.728,181.064
357.961,37.761,86.728,181.064
359.518,36.205,86.728,181.064
363.944,30.633,84.879,177.203
363.532,31.307,86.757,181.123
366.127,26.635,86.757,181.123
363.552,29.479,88.676,185.131
366.032,25.827,86.785,181.183
369.459,31.263,84.934,177.319
369.875,28.745,83.123,173.538
371.367,32.226,83.123,173.538
372.733,31.680,81.350,169.837
372.338,33.336,83.150,173.594
371.934,35.029,84.990,177.435
371.426,32.486,84.990,177.435
370.917,34.012,84.990,177.435
370.409,33.503,84.990,177.435
368.883,30.961,84.990,177.435
369.299,33.343,83.178,173.651
368.802,33.840,83.178,173.651
368.249,34.253,81.404,169.948
368.737,35.714,81.404,169.948
368.249,38.149,81.404,169.948
367.709,36.675,79.668,166.324
367.232,40.012,79.668,166.324
364.868,40.645,81.430,170.004
364.327,39.170,79.694,166.379
362.951,41.782,81.457,170.060
360.533,41.418,83.259,173.822
360.034,42.912,83.259,173.822
358.540,45.403,83.259,173.822
358.042,47.894,83.259,173.822
358.540,48.392,83.259,173.822
358.042,48.890,83.259,173.822
357.544,51.381,83.259,173.822
356.106,51.008,85.101,177.668
357.504,50.449,83.287,173.879
357.912,54.704,81.511,170.171
357.424,55.192,81.511,170.171
356.883,58.417,79.772,166.542
356.406,57.940,79.772,166.542
355.876,60.175,78.071,162.991
357.159,59.662,76.406,159.515
356.702,61.034,76.406,159.515
357.076,63.175,74.777,156.113
356.628,64.517,74.777,156.113
356.132,62.301,73.182,152.784
356.570,64.490,73.182,152.784
356.132,65.804,73.182,152.784
353.959,65.476,74.801,156.164
352.668,65.142,76.456,159.619
350.398,63.851,78.148,163.151
350.781,65.139,76.481,159.672
350.323,67.427,76.481,159.672
348.053,67.085,78.174,163.205
345.714,68.489,78.174,163.205
343.393,68.139,79.903,166.815
347.965,63.813,81.671,170.506
346.481,66.103,79.929,166.870
343.134,67.537,79.929,166.870
338.830,68.015,79.929,166.870
348.440,68.412,78.225,163.312
344.175,68.062,79.956,166.925
340.878,71.225,78.251,163.365
334.669,71.847,79.982,166.980
345.208,70.398,78.276,163.419
339.969,71.992,80.008,167.034
331.634,71.634,81.778,170.730
