196.000,227.000,299.000,71.000
229.953,227.693,299.000,71.000
219.559,228.386,299.000,71.000
224.409,229.079,299.000,71.000
229.010,230.450,305.615,72.571
232.242,231.852,312.377,74.177
234.414,235.471,312.377,74.177
243.726,236.904,319.288,75.818
242.497,238.368,326.353,77.495
241.741,239.124,326.353,77.495
242.054,237.482,333.573,79.210
241.281,238.255,333.573,79.210
239.622,239.845,326.460,77.521
227.376,238.203,333.683,79.236
219.754,236.811,326.567,77.546
203.861,234.541,326.567,77.546
200.778,233.180,319.603,75.892
198.011,228.498,326.674,77.571
192.009,225.677,319.707,75.917
189.786,220.490,319.707,75.917
196.765,217.729,312.890,74.298
186.823,220.618,306.217,72.714
188.036,217.973,299.687,71.163
197.256,220.740,293.296,69.646
191.866,215.587,287.041,68.160
203.262,216.955,280.920,66.707
203.120,217.039,274.930,65.284
207.894,217.121,269.067,63.892
213.768,217.201,263.329,62.530
203.394,219.032,263.329,62.530
203.260,221.463,257.713,61.196
208.887,220.388,252.217,59.891
207.632,221.590,246.839,58.614
203.628,221.018,246.839,58.614
202.401,219.989,241.575,57.364
208.754,216.824,236.423,56.141
218.140,220.063,231.381,54.943
215.459,216.309,231.381,54.943
213.274,219.479,226.447,53.772
207.090,219.547,221.618,52.625
203.018,220.603,216.892,51.503
210.660,220.668,212.267,50.404
215.087,220.176,212.267,50.404
223.514,223.084,207.740,49.330
220.625,225.002,203.310,48.278
221.096,226.415,203.310,48.278
220.313,226.370,207.808,49.346
225.778,227.360,203.377,48.293
228.907,229.271,207.876,49.362
237.104,230.225,212.475,50.454
243.640,233.136,207.944,49.378
246.840,234.089,212.545,50.471
236.496,234.582,212.545,50.471
241.136,236.544,208.013,49.394
250.323,238.465,203.577,48.341
255.513,239.880,203.577,48.341
260.867,239.031,199.235,47.310
255.426,238.201,194.987,46.301
257.069,236.517,190.828,45.314
257.825,236.574,186.759,44.347
259.989,236.141,186.759,44.347
262.153,234.842,186.759,44.347
270.376,236.141,186.759,44.347
280.294,237.031,182.776,43.402
287.494,237.454,182.776,43.402
285.377,236.184,182.776,43.402
278.521,235.264,186.820,44.362
273.758,233.965,186.820,44.362
288.311,234.822,190.954,45.343
292.294,237.920,190.954,45.343
296.277,239.247,190.954,45.343
294.474,241.863,186.881,44.377
299.238,243.163,186.881,44.377
304.002,244.462,186.881,44.377
308.916,246.187,182.896,43.430
318.629,249.510,178.996,42.504
313.740,251.163,175.179,41.598
314.146,250.757,175.179,41.598
322.666,251.592,171.443,40.711
330.238,252.409,167.787,39.842
336.900,254.707,164.209,38.993
339.017,254.023,160.707,38.161
337.500,252.635,157.280,37.347
337.651,252.600,160.760,38.174
341.879,251.930,157.331,37.360
346.569,251.138,160.812,38.186
348.432,251.511,160.812,38.186
354.022,252.629,160.812,38.186
357.533,252.677,157.383,37.372
353.521,253.041,157.383,37.372
355.551,255.198,154.027,36.575
354.785,256.620,150.742,35.795
350.668,258.685,147.527,35.032
348.616,260.047,144.381,34.285
346.943,260.382,144.381,34.285
339.248,260.716,144.381,34.285
335.567,260.382,144.381,34.285
335.494,261.070,141.302,33.553
334.271,261.038,144.429,34.296
332.262,259.791,141.349,33.564
331.559,258.570,138.334,32.849
332.107,260.465,135.384,32.148
329.619,257.482,132.497,31.463
334.880,259.297,129.672,30.792
323.761,255.390,129.672,30.792
327.668,255.090,129.672,30.792
326.443,254.549,126.906,30.135
329.214,255.154,124.200,29.492
328.350,254.866,124.200,29.492
323.294,254.903,121.552,28.863
324.580,254.292,124.241,29.502
323.962,253.774,121.591,28.873
325.934,254.619,121.591,28.873
323.398,254.901,121.591,28.873
324.099,256.043,124.282,29.512
318.242,256.613,127.031,30.165
316.182,256.908,127.031,30.165
316.117,258.080,124.322,29.521
317.721,259.784,121.671,28.892
317.439,257.810,121.671,28.892
315.747,256.216,119.076,28.276
310.367,256.783,116.537,27.673
309.787,256.297,114.052,27.083
314.315,256.841,111.620,26.505
315.609,257.617,111.620,26.505
317.419,257.875,111.620,26.505
315.609,257.617,111.620,26.505
317.419,257.875,111.620,26.505
316.643,258.652,111.620,26.505
314.833,259.428,111.620,26.505
315.476,260.476,114.089,27.091
317.967,262.549,111.656,26.514
315.121,263.843,111.656,26.514
313.309,265.136,111.656,26.514
314.603,266.430,111.656,26.514
316.415,266.689,111.656,26.514
319.261,267.465,111.656,26.514
314.862,267.207,111.656,26.514
313.051,267.983,111.656,26.514
312.792,268.759,111.656,26.514
314.232,268.294,109.275,25.948
314.862,268.269,111.693,26.522
312.533,266.975,111.693,26.522
310.721,266.716,111.693,26.522
311.163,266.750,109.311,25.957
310.620,266.294,106.980,25.403
306.405,266.046,106.980,25.403
304.174,265.798,106.980,25.403
301.942,265.550,106.980,25.403
304.174,265.798,106.980,25.403
301.447,266.046,106.980,25.403
302.190,266.294,106.980,25.403
297.480,265.550,106.980,25.403
294.753,264.310,106.980,25.403
293.513,263.567,106.980,25.403
291.778,263.319,106.980,25.403
294.505,263.071,106.980,25.403
297.232,263.815,106.980,25.403
289.104,263.276,109.347,25.965
278.166,263.778,111.766,26.540
273.616,263.811,109.383,25.974
269.307,264.065,109.383,25.974
264.491,262.290,109.383,25.974
262.209,261.530,109.383,25.974
260.210,257.824,111.803,26.549
255.479,255.111,114.277,27.136
240.384,252.727,114.277,27.136
238.284,252.761,111.840,26.557
234.396,252.502,111.840,26.557
221.058,251.402,114.314,27.145
219.469,253.478,111.876,26.566
212.415,256.011,109.490,25.999
208.447,258.489,107.156,25.445
198.759,261.041,109.526,26.008
190.383,262.818,109.526,26.008
188.860,264.808,107.191,25.453
186.901,263.753,109.562,26.016
183.600,261.976,109.562,26.016
172.682,261.722,109.562,26.016
168.874,259.945,109.562,26.016
169.128,260.199,109.562,26.016
169.759,258.067,111.986,26.592
169.703,257.100,109.598,26.025
167.199,255.664,107.261,25.470
163.176,252.545,109.634,26.034
161.398,251.783,109.634,26.034
160.448,250.704,112.060,26.610
165.398,248.234,109.670,26.042
168.193,247.980,109.670,26.042
172.518,246.901,112.097,26.618
174.856,247.161,112.097,26.618
180.808,250.199,109.706,26.051
184.622,254.521,109.706,26.051
183.672,256.079,112.133,26.627
189.129,256.859,112.133,26.627
195.083,256.892,109.742,26.059
200.424,256.129,109.742,26.059
204.239,254.858,109.742,26.059
212.028,255.871,107.402,25.503
224.928,257.822,105.111,24.960
231.449,259.262,102.870,24.427
237.885,260.931,102.870,24.427
241.461,262.123,102.870,24.427
248.375,262.838,102.870,24.427
252.431,263.310,105.146,24.968
249.263,264.041,105.146,24.968
252.028,263.602,102.904,24.435
256.113,262.254,100.709,23.914
260.081,259.687,100.709,23.914
262.648,257.586,100.709,23.914
266.196,257.616,98.561,23.404
270.990,256.765,96.460,22.905
276.974,257.656,94.403,22.417
277.770,261.058,92.389,21.939
279.191,260.593,94.434,22.424
268.838,263.751,96.523,22.920
265.770,265.073,94.464,22.431
267.303,265.292,94.464,22.431
271.053,264.898,92.450,21.953
274.695,263.398,92.450,21.953
278.365,262.600,90.478,21.485
281.091,263.648,90.478,21.485
284.683,263.675,88.549,21.027
285.620,263.230,90.508,21.492
285.574,265.278,88.578,21.034
285.925,266.888,86.689,20.585
290.916,268.075,84.840,20.146
295.421,268.859,83.031,19.716
297.153,269.821,83.031,19.716
295.256,271.329,81.260,19.296
290.133,270.990,79.528,18.884
293.290,270.304,77.832,18.482
297.771,271.370,76.172,18.088
299.309,269.888,77.857,18.488
300.507,271.368,79.580,18.897
303.644,272.498,81.340,19.315
306.874,271.796,79.606,18.903
315.368,271.464,77.908,18.500
310.198,272.196,79.632,18.909
308.379,274.354,77.934,18.506
306.251,274.377,76.272,18.111
303.246,274.554,76.272,18.111
305.252,274.577,74.645,17.725
308.215,276.266,73.053,17.347
312.747,276.288,71.496,16.977
314.570,278.442,71.496,16.977
312.416,279.271,71.496,16.977
314.935,280.250,69.971,16.615
317.088,279.958,68.479,16.261
318.516,280.434,68.479,16.261
318.911,278.773,69.994,16.621
319.188,278.481,68.501,16.266
318.236,278.195,67.040,15.919
316.043,278.503,68.524,16.272
317.539,278.217,67.062,15.925
318.704,277.938,65.632,15.585
318.247,279.002,65.632,15.585
320.529,278.242,65.632,15.585
322.202,277.786,65.632,15.585
322.580,278.718,67.084,15.930
325.244,278.738,65.654,15.590
324.624,279.344,64.254,15.258
324.068,279.639,65.675,15.595
324.034,280.832,64.275,15.263
325.150,281.999,62.904,14.937
326.524,282.299,61.563,14.619
325.695,282.878,62.925,14.942
323.637,281.956,64.317,15.273
318.750,281.014,65.740,15.610
319.512,281.775,65.740,15.610
318.750,281.014,65.740,15.610
318.423,281.327,64.338,15.278
317.678,280.582,64.338,15.278
314.646,279.639,65.761,15.616
315.657,279.308,67.216,15.961
317.984,278.000,68.704,16.314
321.328,279.115,68.704,16.314
323.079,279.593,68.704,16.314
323.352,280.534,67.239,15.966
324.442,280.066,67.239,15.966
323.663,279.599,67.239,15.966
326.624,281.001,67.239,15.966
329.293,281.922,65.805,15.626
332.496,282.990,65.805,15.626
335.698,284.972,65.805,15.626
338.596,285.430,65.805,15.626
342.090,287.507,64.401,15.293
345.868,288.422,65.826,15.631
350.246,291.676,64.422,15.298
351.589,293.319,64.422,15.298
356.449,293.338,63.049,14.971
359.516,293.075,61.704,14.652
360.465,293.358,63.069,14.976
361.196,295.550,63.069,14.976
361.256,297.356,64.465,15.308
361.938,300.752,65.891,15.646
364.219,303.272,67.349,15.993
365.255,309.086,68.839,16.346
369.294,312.381,70.362,16.708
374.098,319.809,71.919,17.078
380.738,326.364,73.510,17.456
388.232,334.831,75.136,17.842
382.523,335.176,76.799,18.236
393.306,337.005,78.498,18.640
397.534,336.610,80.235,19.052
392.981,333.892,82.010,19.474
384.778,322.831,83.824,19.905
375.184,311.123,85.679,20.345
369.910,301.216,87.575,20.795
359.045,290.669,89.512,21.255
348.370,283.331,91.493,21.726
340.979,274.512,93.517,22.206
336.572,269.095,95.586,22.698
334.365,263.558,97.701,23.200
330.700,258.838,99.862,23.713
326.474,254.014,102.072,24.238
328.130,251.412,102.072,24.238
329.210,250.407,104.330,24.774
327.034,251.133,104.330,24.774
328.726,251.858,104.330,24.774
325.583,253.550,104.330,24.774
321.956,255.243,104.330,24.774
319.573,255.274,102.105,24.246
318.153,257.129,99.928,23.729
313.290,258.287,99.928,23.729
309.061,256.343,102.139,24.254
297.863,258.776,104.399,24.790
294.234,256.114,104.399,24.790
293.714,255.213,102.172,24.262
293.663,252.961,99.993,23.744
288.796,253.656,99.993,23.744
289.639,252.793,97.861,23.238
290.674,255.594,100.026,23.752
291.251,255.091,102.239,24.278
294.331,254.380,102.239,24.278
294.921,251.899,104.501,24.815
293.226,250.688,104.501,24.815
292.706,250.720,102.273,24.286
291.284,251.664,100.092,23.768
287.804,251.896,100.092,23.768
285.717,253.056,100.092,23.768
285.485,253.288,100.092,23.768
284.987,254.659,97.957,23.261
288.392,255.340,97.957,23.261
283.776,256.731,100.125,23.775
286.409,252.288,97.989,23.268
292.157,248.968,100.157,23.783
287.632,249.445,98.022,23.276
283.771,249.672,98.022,23.276
279.909,251.263,98.022,23.276
281.953,252.853,98.022,23.276
284.404,253.774,100.190,23.791
287.887,250.755,100.190,23.791
284.255,249.442,98.054,23.284
282.454,249.471,95.963,22.787
284.549,251.215,93.916,22.301
281.145,254.180,91.913,21.826
282.741,256.260,89.953,21.360
281.281,258.136,89.953,21.360
281.236,261.378,88.035,20.905
279.400,262.398,88.035,20.905
277.782,264.784,86.158,20.459
278.693,263.522,88.064,20.912
279.829,264.729,86.186,20.466
281.570,264.295,88.093,20.918
284.619,263.852,90.042,21.381
274.115,261.465,88.122,20.925
277.614,259.917,86.243,20.479
278.941,260.727,88.151,20.932
287.560,259.178,86.271,20.486
292.141,258.818,84.431,20.049
292.475,258.089,82.631,19.621
294.541,257.673,84.459,20.055
293.563,257.869,84.459,20.055
291.207,258.663,86.327,20.499
288.206,260.063,86.327,20.499
292.440,261.704,88.237,20.953
