73.000,126.000,29.000,23.000
73.715,126.102,29.000,23.000
74.226,124.978,29.000,23.000
74.533,125.285,29.000,23.000
75.044,125.182,29.000,23.000
75.465,124.398,29.642,23.509
76.113,124.680,30.297,24.029
77.073,124.786,30.297,24.029
77.821,124.893,30.297,24.029
78.483,124.517,30.968,24.561
78.810,124.189,30.968,24.561
78.483,123.644,30.968,24.561
79.901,123.971,30.968,24.561
80.447,122.334,30.968,24.561
81.647,122.443,30.968,24.561
82.083,122.179,30.307,24.037
82.403,121.432,30.307,24.037
82.622,121.277,30.978,24.569
82.731,121.167,30.978,24.569
83.495,120.840,30.978,24.569
84.259,120.731,30.978,24.569
84.805,120.185,30.978,24.569
85.661,120.552,30.317,24.045
86.102,120.397,30.988,24.577
86.211,120.725,30.988,24.577
87.194,120.615,30.988,24.577
87.629,122.035,30.327,24.053
88.674,121.983,29.681,23.540
89.615,122.087,29.681,23.540
90.138,122.401,29.681,23.540
91.160,122.148,29.048,23.038
91.963,122.492,28.428,22.546
91.462,122.592,28.428,22.546
90.761,122.693,28.428,22.546
91.462,122.592,28.428,22.546
91.963,122.693,28.428,22.546
92.665,122.592,28.428,22.546
92.662,122.447,29.057,23.045
92.764,122.754,29.057,23.045
93.071,123.061,29.057,23.045
92.559,122.959,29.057,23.045
93.071,124.700,29.057,23.045
93.174,124.597,29.057,23.045
93.481,125.109,29.057,23.045
93.993,125.212,29.057,23.045
93.686,125.314,29.057,23.045
94.198,125.416,29.057,23.045
93.558,126.117,29.700,23.555
94.081,126.431,29.700,23.555
94.813,126.536,29.700,23.555
94.594,126.167,30.357,24.076
94.700,126.060,30.357,24.076
95.021,126.167,30.357,24.076
95.342,126.274,30.357,24.076
95.449,126.381,30.357,24.076
95.984,126.060,30.357,24.076
96.091,125.739,30.357,24.076
96.626,126.274,30.357,24.076
97.803,125.739,30.357,24.076
98.124,125.846,30.357,24.076
97.589,125.953,30.357,24.076
97.910,125.632,30.357,24.076
98.231,125.311,30.357,24.076
98.657,125.259,29.710,23.563
99.390,125.154,29.710,23.563
98.657,125.049,29.710,23.563
99.390,125.154,29.710,23.563
99.704,125.049,29.710,23.563
100.018,124.944,29.710,23.563
100.332,124.840,29.710,23.563
99.809,124.944,29.710,23.563
100.123,125.049,29.710,23.563
100.856,124.944,29.710,23.563
100.333,124.840,29.710,23.563
100.856,124.735,29.710,23.563
101.379,124.630,29.710,23.563
101.484,124.107,29.710,23.563
101.047,124.389,30.367,24.084
101.368,124.068,30.367,24.084
102.331,123.533,30.367,24.084
101.582,123.854,30.367,24.084
102.331,124.175,30.367,24.084
101.368,123.854,30.367,24.084
101.903,124.175,30.367,24.084
102.010,124.068,30.367,24.084
102.117,123.747,30.367,24.084
102.438,124.282,30.367,24.084
102.545,124.175,30.367,24.084
102.542,123.576,31.039,24.617
102.433,123.466,31.039,24.617
102.430,122.854,31.726,25.162
102.542,124.307,31.726,25.162
102.341,123.606,31.049,24.625
102.450,123.715,31.049,24.625
102.448,123.102,31.736,25.170
103.230,122.766,31.736,25.170
102.448,123.102,31.736,25.170
103.109,123.047,31.059,24.633
101.971,123.342,31.746,25.178
101.635,123.007,31.746,25.178
102.297,123.167,31.069,24.641
103.064,123.934,31.069,24.641
102.954,123.605,31.069,24.641
103.939,123.496,31.069,24.641
104.049,123.386,31.069,24.641
103.431,123.543,30.407,24.116
104.181,124.079,30.407,24.116
104.288,123.972,30.407,24.116
104.609,123.865,30.407,24.116
104.931,124.401,30.407,24.116
104.119,124.141,29.758,23.602
105.272,124.456,29.758,23.602
104.119,124.141,29.758,23.602
104.551,123.336,30.417,24.124
104.658,123.229,30.417,24.124
104.766,122.908,30.417,24.124
104.658,123.229,30.417,24.124
104.766,122.693,30.417,24.124
105.301,123.015,30.417,24.124
105.194,122.264,30.417,24.124
104.524,121.664,31.090,24.657
104.750,122.032,30.427,24.132
105.501,121.711,30.427,24.132
105.608,121.818,30.427,24.132
105.501,121.711,30.427,24.132
105.608,122.247,30.427,24.132
105.715,121.711,30.427,24.132
105.822,122.032,30.427,24.132
104.857,121.282,30.427,24.132
105.179,121.604,30.427,24.132
104.857,122.140,30.427,24.132
104.750,122.461,30.427,24.132
105.286,122.569,30.427,24.132
105.179,122.676,30.427,24.132
105.286,122.997,30.427,24.132
105.393,122.461,30.427,24.132
104.857,122.783,30.427,24.132
104.536,122.890,30.427,24.132
105.501,122.997,30.427,24.132
106.037,121.818,30.427,24.132
104.857,122.569,30.427,24.132
105.492,123.136,29.778,23.617
105.597,122.821,29.778,23.617
105.911,122.296,29.778,23.617
106.226,121.982,29.778,23.617
105.492,122.087,29.778,23.617
104.836,121.716,30.437,24.140
104.514,121.609,30.437,24.140
105.050,121.716,30.437,24.140
105.270,120.670,31.110,24.674
104.439,121.251,30.447,24.147
105.281,121.611,29.798,23.633
104.625,121.459,30.457,24.155
105.161,121.566,30.457,24.155
104.839,121.674,30.457,24.155
105.474,121.414,29.807,23.640
104.949,121.729,29.807,23.640
105.684,121.834,29.807,23.640
105.579,121.939,29.807,23.640
105.474,122.254,29.807,23.640
105.159,121.939,29.807,23.640
105.264,122.254,29.807,23.640
105.369,122.359,29.807,23.640
104.844,122.464,29.807,23.640
105.789,122.359,29.807,23.640
105.684,122.464,29.807,23.640
105.579,122.359,29.807,23.640
105.474,122.254,29.807,23.640
105.369,122.149,29.807,23.640
105.684,122.674,29.807,23.640
105.579,122.779,29.807,23.640
105.474,122.674,29.807,23.640
105.789,122.569,29.807,23.640
106.105,122.464,29.807,23.640
105.999,122.359,29.807,23.640
106.945,122.254,29.807,23.640
106.210,121.939,29.807,23.640
105.894,122.254,29.807,23.640
106.210,122.359,29.807,23.640
106.105,122.254,29.807,23.640
105.999,121.939,29.807,23.640
106.735,122.464,29.807,23.640
106.514,121.876,30.467,24.163
106.066,121.497,31.141,24.698
105.736,121.387,31.141,24.698
106.066,122.375,31.141,24.698
105.956,122.265,31.141,24.698
106.394,122.846,30.477,24.171
107.443,123.621,29.827,23.656
107.255,124.380,29.191,23.151
108.180,124.894,29.191,23.151
108.489,124.586,29.191,23.151
107.769,124.277,29.191,23.151
107.553,123.914,29.837,23.664
107.868,124.019,29.837,23.664
108.394,123.914,29.837,23.664
107.868,123.599,29.837,23.664
108.604,123.283,29.837,23.664
108.709,122.547,29.837,23.664
109.235,122.442,29.837,23.664
109.130,122.547,29.837,23.664
109.025,122.653,29.837,23.664
109.971,122.758,29.837,23.664
110.076,122.653,29.837,23.664
110.181,122.547,29.837,23.664
109.656,122.653,29.837,23.664
109.971,122.547,29.837,23.664
110.497,122.653,29.837,23.664
110.602,122.758,29.837,23.664
110.917,122.653,29.837,23.664
111.233,122.547,29.837,23.664
110.917,122.442,29.837,23.664
111.443,122.127,29.837,23.664
110.917,123.073,29.837,23.664
112.074,123.389,29.837,23.664
112.389,122.653,29.837,23.664
112.074,123.389,29.837,23.664
112.389,123.494,29.837,23.664
112.074,124.019,29.837,23.664
112.289,123.649,30.497,24.187
111.322,123.111,30.497,24.187
112.289,124.078,30.497,24.187
112.096,124.233,29.846,23.671
110.784,123.207,30.507,24.195
111.897,123.051,31.182,24.730
112.446,122.941,31.182,24.730
112.116,123.051,31.182,24.730
112.446,123.381,31.182,24.730
114.367,123.327,30.517,24.203
114.382,123.896,29.866,23.687
114.066,122.948,29.866,23.687
115.855,124.106,29.866,23.687
116.592,122.948,29.866,23.687
117.328,123.685,29.866,23.687
117.343,123.430,29.229,23.182
118.548,123.777,28.606,22.687
118.648,123.676,28.606,22.687
119.556,124.382,28.606,22.687
119.958,125.109,27.996,22.204
119.341,124.352,28.615,22.695
120.327,125.080,28.005,22.211
120.340,125.792,27.408,21.737
120.725,126.303,26.823,21.274
121.467,127.168,26.251,20.820
121.929,126.150,26.251,20.820
122.477,127.353,25.691,20.376
123.472,125.814,25.691,20.376
124.034,126.434,26.260,20.827
122.619,126.210,25.700,20.383
124.159,126.301,25.700,20.383
125.284,125.793,26.268,20.834
125.191,125.516,26.268,20.834
126.024,124.312,26.268,20.834
126.857,123.479,26.268,20.834
125.839,123.942,26.268,20.834
127.042,124.035,26.268,20.834
128.616,124.683,26.268,20.834
129.079,123.664,26.268,20.834
129.542,124.312,26.268,20.834
130.375,123.479,26.268,20.834
130.838,123.572,26.268,20.834
130.375,123.479,26.268,20.834
131.023,123.387,26.268,20.834
131.856,122.924,26.268,20.834
132.133,123.387,26.268,20.834
133.152,123.294,26.268,20.834
132.874,123.016,26.268,20.834
133.243,123.685,25.708,20.389
133.877,124.138,25.708,20.389
133.687,124.194,26.277,20.840
134.069,122.907,26.858,21.302
136.030,122.966,27.453,21.773
135.024,122.825,28.060,22.255
135.432,122.476,28.681,22.747
136.543,121.971,28.681,22.747
138.464,120.455,28.681,22.747
139.841,120.405,28.069,22.262
138.951,119.911,28.069,22.262
139.727,119.290,27.471,21.787
139.436,118.419,27.471,21.787
139.727,117.741,27.471,21.787
140.729,117.400,28.078,22.269
141.421,117.499,28.078,22.269
140.333,117.796,28.078,22.269
140.432,118.290,28.078,22.269
140.224,118.557,28.700,22.762
139.382,118.830,29.335,23.265
138.521,118.465,29.984,23.780
140.053,118.970,30.647,24.306
141.394,118.365,31.325,24.844
141.284,117.592,31.325,24.844
143.342,117.203,32.018,25.394
143.140,117.582,31.335,24.852
144.576,117.030,31.335,24.852
145.655,117.827,30.667,24.322
144.836,117.357,30.013,23.804
145.258,118.325,29.373,23.296
145.154,118.014,29.373,23.296
146.765,118.163,28.747,22.799
146.341,118.436,29.383,23.304
148.152,118.186,28.756,22.807
148.456,118.692,28.756,22.807
149.504,118.125,29.392,23.311
148.572,117.607,29.392,23.311
148.676,118.953,29.392,23.311
150.229,118.228,29.392,23.311
149.504,119.160,29.392,23.311
149.194,119.264,29.392,23.311
149.919,120.196,29.392,23.311
150.644,121.335,29.392,23.311
150.211,121.185,30.043,23.827
149.769,122.569,30.707,24.354
148.795,122.894,30.707,24.354
148.037,122.569,30.707,24.354
147.136,123.759,31.387,24.893
148.051,123.369,32.081,25.444
147.260,123.482,32.081,25.444
147.257,123.552,32.791,26.007
148.066,122.281,32.791,26.007
147.104,121.634,33.517,26.582
148.639,120.335,33.517,26.582
147.104,121.398,33.517,26.582
148.081,119.511,34.258,27.170
149.650,117.458,34.258,27.170
147.115,117.096,34.258,27.170
145.787,116.010,34.258,27.170
145.425,116.613,34.258,27.170
145.546,115.768,34.258,27.170
146.149,114.682,34.258,27.170
143.373,115.527,34.258,27.170
142.769,114.199,34.258,27.170
143.131,116.010,34.258,27.170
141.375,114.582,35.016,27.771
138.811,115.427,35.791,28.386
139.071,116.094,35.028,27.780
138.556,116.427,35.803,28.395
136.915,117.563,35.803,28.395
136.789,118.194,35.803,28.395
135.906,119.329,35.803,28.395
134.950,119.024,35.039,27.790
135.459,117.307,35.814,28.404
134.323,118.695,35.814,28.404
133.692,119.831,35.814,28.404
132.557,121.724,35.814,28.404
131.114,121.662,35.051,27.799
131.111,121.483,35.826,28.414
128.964,122.114,35.826,28.414
127.913,122.193,36.619,29.042
126.494,121.290,36.619,29.042
125.074,120.902,36.619,29.042
124.000,119.912,37.429,29.685
123.604,121.363,37.429,29.685
122.681,120.703,37.429,29.685
120.702,122.418,37.429,29.685
119.604,120.858,38.257,30.342
117.922,119.543,39.103,31.013
116.489,118.199,39.969,31.699
116.508,121.117,39.116,31.023
115.198,120.252,38.282,30.362
115.602,123.084,38.282,30.362
113.039,121.601,38.282,30.362
111.286,119.577,38.282,30.362
110.341,120.521,38.282,30.362
109.127,119.847,38.282,30.362
108.365,119.781,37.466,29.714
107.441,123.081,37.466,29.714
104.668,123.213,37.466,29.714
105.213,121.926,38.295,30.372
104.808,120.441,38.295,30.372
104.306,122.716,37.478,29.724
103.117,121.527,37.478,29.724
101.353,122.990,36.679,29.090
100.813,123.875,37.490,29.734
99.096,124.536,37.490,29.734
98.095,124.980,36.691,29.100
97.115,126.661,35.908,28.479
94.458,127.800,35.908,28.479
93.572,125.649,35.908,28.479
92.125,127.294,35.143,27.872
91.259,127.913,35.143,27.872
89.153,129.028,35.143,27.872
90.020,126.427,35.143,27.872
86.677,128.532,35.143,27.872
84.819,130.390,35.143,27.872
83.403,133.671,34.393,27.277
81.585,132.338,34.393,27.277
81.368,130.176,33.660,26.696
78.658,132.957,34.404,27.286
77.739,134.066,33.671,26.704
78.095,129.439,33.671,26.704
75.876,130.251,34.416,27.295
75.873,129.068,35.177,27.899
75.869,129.917,35.955,28.516
