6.000,166.000,42.000,26.000
7.462,166.399,42.000,26.000
10.520,166.798,42.000,26.000
10.918,166.665,42.000,26.000
13.710,166.532,42.000,26.000
14.375,166.665,42.000,26.000
16.900,166.798,42.000,26.000
18.628,167.728,42.000,26.000
19.559,167.861,42.000,26.000
20.489,168.260,42.000,26.000
22.483,168.924,42.000,26.000
23.414,168.792,42.000,26.000
24.344,168.659,42.000,26.000
25.541,168.792,42.000,26.000
26.205,168.924,42.000,26.000
28.731,169.323,42.000,26.000
29.395,169.722,42.000,26.000
31.921,169.589,42.000,26.000
32.586,169.456,42.000,26.000
33.516,170.653,42.000,26.000
35.244,170.254,42.000,26.000
38.036,170.653,42.000,26.000
38.966,170.520,42.000,26.000
41.226,170.653,42.000,26.000
42.422,170.785,42.000,26.000
44.151,170.918,42.000,26.000
44.815,171.051,42.000,26.000
45.480,171.450,42.000,26.000
46.532,171.576,42.929,26.575
47.326,171.141,43.879,27.163
48.576,171.280,43.879,27.163
48.437,171.141,43.879,27.163
50.798,171.280,43.879,27.163
50.659,171.141,43.879,27.163
50.798,171.280,43.879,27.163
52.326,171.697,43.879,27.163
52.849,171.252,44.850,27.764
53.842,171.110,44.850,27.764
55.120,171.820,44.850,27.764
54.771,171.071,45.842,28.378
56.947,171.216,45.842,28.378
57.963,171.361,45.842,28.378
59.559,170.636,45.842,28.378
60.708,170.773,46.856,29.006
60.559,170.625,46.856,29.006
63.272,170.150,47.893,29.648
62.817,170.605,47.893,29.648
66.001,170.150,47.893,29.648
64.999,169.665,48.953,30.304
67.633,169.820,48.953,30.304
67.788,169.975,48.953,30.304
70.112,169.820,48.953,30.304
69.957,169.665,48.953,30.304
72.591,169.510,48.953,30.304
72.746,169.355,48.953,30.304
73.830,169.200,48.953,30.304
75.225,169.665,48.953,30.304
75.689,169.510,48.953,30.304
78.013,169.355,48.953,30.304
78.478,169.820,48.953,30.304
78.419,169.646,50.036,30.975
80.161,170.121,50.036,30.975
80.636,169.646,50.036,30.975
80.478,169.804,50.036,30.975
81.586,169.962,50.036,30.975
81.111,169.804,50.036,30.975
81.269,169.962,50.036,30.975
81.744,170.121,50.036,30.975
81.269,169.646,50.036,30.975
80.880,169.796,51.143,31.660
80.718,170.281,51.143,31.660
79.985,169.427,52.274,32.360
80.481,170.255,52.274,32.360
81.639,170.420,52.274,32.360
81.474,170.916,52.274,32.360
80.977,170.751,52.274,32.360
80.812,171.247,52.274,32.360
82.632,170.751,52.274,32.360
82.135,171.247,52.274,32.360
81.042,170.718,53.431,33.076
80.873,171.225,53.431,33.076
80.704,171.394,53.431,33.076
81.211,171.225,53.431,33.076
81.147,171.385,54.613,33.808
81.319,171.558,54.613,33.808
81.147,172.077,54.613,33.808
81.665,171.558,54.613,33.808
81.147,172.077,54.613,33.808
81.319,172.250,54.613,33.808
80.801,172.422,54.613,33.808
81.319,172.941,54.613,33.808
80.895,173.105,55.821,34.556
80.365,173.282,55.821,34.556
80.541,172.398,55.821,34.556
80.365,172.575,55.821,34.556
79.835,172.398,55.821,34.556
80.011,172.222,55.821,34.556
80.188,173.105,55.821,34.556
80.718,173.282,55.821,34.556
80.188,172.752,55.821,34.556
80.365,172.575,55.821,34.556
80.895,172.752,55.821,34.556
80.718,172.928,55.821,34.556
80.895,173.105,55.821,34.556
81.071,173.282,55.821,34.556
81.955,172.752,55.821,34.556
81.887,172.186,57.057,35.321
81.443,171.983,58.319,36.102
81.756,171.392,59.609,36.901
81.944,171.580,59.609,36.901
82.510,171.769,59.609,36.901
83.453,171.958,59.609,36.901
84.019,172.146,59.609,36.901
84.339,170.760,60.928,37.717
84.532,170.567,60.928,37.717
84.458,170.350,62.276,38.552
84.655,170.152,62.276,38.552
84.852,169.955,62.276,38.552
85.185,168.915,63.654,39.405
84.690,168.688,65.062,40.277
85.720,168.894,65.062,40.277
86.338,169.100,65.062,40.277
86.955,169.306,65.062,40.277
87.985,169.100,65.062,40.277
88.191,168.894,65.062,40.277
89.221,168.688,65.062,40.277
90.250,168.071,65.062,40.277
91.280,168.277,65.062,40.277
91.628,168.472,66.502,41.168
92.421,166.925,67.973,42.079
92.785,167.129,69.477,43.010
93.445,166.469,69.477,43.010
93.817,166.678,71.014,43.961
94.941,166.453,71.014,43.961
96.065,166.228,71.014,43.961
96.739,166.003,71.014,43.961
97.586,165.750,72.585,44.934
97.974,165.015,74.191,45.928
98.679,165.250,74.191,45.928
98.589,164.985,75.833,46.944
98.497,164.715,77.511,47.983
100.439,163.421,79.226,49.044
99.823,163.138,80.979,50.130
102.130,162.882,80.979,50.130
102.898,163.138,80.979,50.130
104.692,161.857,80.979,50.130
105.126,161.568,82.770,51.239
109.056,161.830,82.770,51.239
110.366,162.616,82.770,51.239
110.809,161.777,84.601,52.372
111.612,162.581,84.601,52.372
112.621,161.168,86.473,53.531
113.084,160.860,88.386,54.715
112.396,159.384,90.342,55.926
112.110,158.526,90.342,55.926
113.540,159.955,90.342,55.926
112.682,157.954,90.342,55.926
110.681,157.096,90.342,55.926
107.510,156.315,88.415,54.733
107.104,159.326,86.530,53.566
103.012,155.937,84.685,52.424
99.006,155.205,82.879,51.306
111.424,159.263,84.712,52.441
149.764,163.285,84.712,52.441
162.297,169.788,82.906,51.323
163.434,172.106,81.138,50.228
154.646,165.958,79.408,49.157
153.389,161.686,79.408,49.157
148.664,160.514,77.714,48.109
135.628,160.760,77.714,48.109
123.418,157.243,76.057,47.083
114.993,154.595,76.057,47.083
112.345,155.799,76.057,47.083
166.025,167.594,76.057,47.083
173.425,167.822,77.740,48.125
170.778,164.992,79.460,49.189
169.638,166.796,81.218,50.278
171.438,168.596,81.218,50.278
172.939,169.373,83.015,51.390
170.113,166.351,84.851,52.527
173.067,169.842,84.851,52.527
170.735,165.639,86.729,53.689
172.908,168.747,88.648,54.877
172.219,164.356,90.609,56.091
174.226,167.511,90.609,56.091
177.381,170.092,90.609,56.091
181.109,167.511,90.609,56.091
182.543,168.945,90.609,56.091
186.598,165.646,92.614,57.332
192.754,164.767,92.614,57.332
196.564,165.646,92.614,57.332
207.996,169.457,92.614,57.332
212.979,165.646,92.614,57.332
215.300,163.492,94.663,58.601
217.050,164.397,96.757,59.897
221.031,165.929,96.757,59.897
223.787,163.785,96.757,59.897
227.768,165.929,96.757,59.897
231.456,165.682,94.694,58.620
228.759,164.183,94.694,58.620
226.062,161.486,94.694,58.620
224.563,155.792,94.694,58.620
220.095,151.101,96.789,59.917
218.470,147.901,94.725,58.639
213.373,148.801,94.725,58.639
208.876,149.700,94.725,58.639
205.651,146.874,96.821,59.937
201.083,142.714,98.963,61.263
202.263,141.061,101.152,62.618
205.144,140.741,101.152,62.618
208.025,142.982,101.152,62.618
212.187,143.302,101.152,62.618
217.630,142.342,101.152,62.618
225.188,138.381,98.995,61.283
237.421,141.279,101.186,62.639
240.303,144.802,101.186,62.639
248.950,140.638,101.186,62.639
255.034,144.802,101.186,62.639
262.400,148.965,101.186,62.639
268.485,153.128,101.186,62.639
273.929,147.684,101.186,62.639
281.295,150.566,101.186,62.639
289.301,148.324,101.186,62.639
295.386,148.645,101.186,62.639
302.111,144.481,101.186,62.639
307.555,148.645,101.186,62.639
312.359,150.246,101.186,62.639
317.803,146.083,101.186,62.639
322.607,144.481,101.186,62.639
325.807,144.785,103.424,64.025
329.078,145.096,105.713,65.441
335.435,142.754,105.713,65.441
338.446,141.081,105.713,65.441
344.134,142.754,105.713,65.441
347.814,144.427,105.713,65.441
351.157,141.967,108.051,66.889
355.284,145.130,110.442,68.369
359.828,139.188,110.442,68.369
358.080,134.643,110.442,68.369
363.324,132.896,110.442,68.369
369.266,129.750,110.442,68.369
366.819,125.905,110.442,68.369
372.761,131.148,110.442,68.369
379.403,132.197,110.442,68.369
385.634,135.284,108.087,66.911
401.028,130.153,108.087,66.911
405.475,134.600,108.087,66.911
421.553,128.784,108.087,66.911
437.039,128.399,110.478,68.391
454.172,123.853,110.478,68.391
478.605,126.942,108.122,66.933
504.495,129.305,105.817,65.505
