682.000,522.000,81.000,66.000
675.931,522.289,81.000,66.000
671.018,520.844,81.000,66.000
667.261,519.977,81.000,66.000
662.926,518.532,81.000,66.000
657.436,516.509,81.000,66.000
655.991,513.908,81.000,66.000
649.344,513.619,81.000,66.000
644.431,513.330,81.000,66.000
639.037,512.900,82.792,67.460
634.016,514.377,82.792,67.460
626.664,514.550,84.624,68.953
619.720,516.663,84.624,68.953
610.964,516.965,84.624,68.953
604.020,518.475,84.624,68.953
595.901,520.665,82.819,67.482
587.923,521.552,82.819,67.482
583.964,524.834,81.053,66.043
579.627,525.702,81.053,66.043
574.710,525.413,81.053,66.043
569.794,524.545,81.053,66.043
563.143,524.256,81.053,66.043
558.154,525.239,79.325,64.635
553.343,523.258,79.325,64.635
547.966,521.843,79.325,64.635
543.154,519.296,79.325,64.635
538.343,516.183,79.325,64.635
531.299,510.476,81.080,66.065
525.803,506.137,81.080,66.065
519.150,501.219,81.080,66.065
513.075,498.037,81.080,66.065
507.578,494.276,81.080,66.065
502.180,490.844,82.874,67.527
496.048,487.336,84.707,69.021
490.407,483.751,86.581,70.548
484.642,479.445,88.497,72.109
479.906,475.972,88.497,72.109
475.676,470.959,86.610,70.571
469.805,465.705,86.610,70.571
465.070,461.990,84.763,69.066
459.269,461.269,82.955,67.593
454.830,458.014,82.955,67.593
450.390,454.166,82.955,67.593
445.359,453.278,82.955,67.593
440.327,454.166,82.955,67.593
435.888,455.646,82.955,67.593
432.040,456.534,82.955,67.593
429.376,455.646,82.955,67.593
426.121,455.942,82.955,67.593
422.273,453.278,82.955,67.593
418.426,454.166,82.955,67.593
416.354,453.278,82.955,67.593
413.901,450.381,84.791,69.089
406.372,448.047,86.667,70.617
398.676,445.020,88.584,72.180
388.187,443.238,90.544,73.777
382.049,440.977,90.544,73.777
376.557,439.362,90.544,73.777
368.481,438.393,90.544,73.777
359.759,436.777,90.544,73.777
352.975,435.162,90.544,73.777
346.191,434.193,90.544,73.777
340.053,435.162,90.544,73.777
332.623,434.839,90.544,73.777
326.485,435.808,90.544,73.777
321.640,436.131,90.544,73.777
316.794,436.454,90.544,73.777
311.302,438.070,90.544,73.777
306.457,437.746,90.544,73.777
302.257,436.777,90.544,73.777
298.057,435.808,90.544,73.777
297.734,434.839,90.544,73.777
293.535,437.746,90.544,73.777
291.919,436.777,90.544,73.777
290.304,437.746,90.544,73.777
286.751,438.070,90.544,73.777
287.074,438.393,90.544,73.777
285.459,438.716,90.544,73.777
282.551,437.100,90.544,73.777
280.290,436.777,90.544,73.777
276.942,434.956,92.547,75.409
274.205,434.464,94.595,77.077
272.518,432.102,94.595,77.077
270.155,432.439,94.595,77.077
268.468,431.427,94.595,77.077
267.455,429.739,94.595,77.077
264.418,431.427,94.595,77.077
263.405,429.064,94.595,77.077
262.709,428.562,96.688,78.783
259.605,426.837,96.688,78.783
261.756,423.460,98.827,80.526
257.877,420.992,98.827,80.526
258.230,423.460,98.827,80.526
257.172,420.287,98.827,80.526
256.820,417.818,98.827,80.526
257.172,416.761,98.827,80.526
254.488,416.600,96.719,78.808
251.382,418.325,96.719,78.808
249.657,415.219,96.719,78.808
247.241,415.564,96.719,78.808
244.826,413.839,96.719,78.808
243.100,411.424,96.719,78.808
241.375,409.008,96.719,78.808
238.959,406.592,96.719,78.808
236.544,404.867,96.719,78.808
234.128,403.142,96.719,78.808
234.473,400.726,96.719,78.808
232.058,399.001,96.719,78.808
231.023,398.656,96.719,78.808
229.987,396.930,96.719,78.808
227.572,396.585,96.719,78.808
225.156,394.860,96.719,78.808
226.882,393.825,96.719,78.808
223.776,393.480,96.719,78.808
222.479,393.322,94.657,77.128
226.194,390.958,94.657,77.128
221.804,390.620,94.657,77.128
223.492,389.607,94.657,77.128
218.426,388.594,94.657,77.128
218.764,386.906,94.657,77.128
217.751,386.568,94.657,77.128
214.711,384.204,94.657,77.128
211.672,380.489,94.657,77.128
209.308,379.476,94.657,77.128
207.619,377.787,94.657,77.128
207.957,376.774,94.657,77.128
204.918,377.112,94.657,77.128
204.580,375.423,94.657,77.128
202.216,374.410,94.657,77.128
200.527,373.397,94.657,77.128
200.190,372.384,94.657,77.128
197.150,371.370,94.657,77.128
197.488,370.357,94.657,77.128
194.448,367.993,94.657,77.128
194.111,366.305,94.657,77.128
193.773,363.941,94.657,77.128
191.409,362.252,94.657,77.128
189.720,359.888,94.657,77.128
189.753,361.036,92.638,75.483
189.423,356.739,92.638,75.483
190.092,354.040,90.663,73.873
191.709,353.716,90.663,73.873
189.445,349.511,90.663,73.873
190.415,345.953,90.663,73.873
190.739,343.689,90.663,73.873
189.523,343.541,88.729,72.298
189.527,337.158,90.692,73.898
187.687,329.525,88.758,72.322
184.837,324.142,88.758,72.322
183.253,321.925,88.758,72.322
184.203,317.808,88.758,72.322
184.520,314.958,88.758,72.322
184.837,310.841,88.758,72.322
185.153,307.991,88.758,72.322
185.157,305.549,90.722,73.922
185.833,302.380,92.729,75.557
185.502,299.403,92.729,75.557
188.252,296.164,94.781,77.229
190.619,293.797,94.781,77.229
191.633,290.753,94.781,77.229
192.648,288.386,94.781,77.229
195.691,286.695,94.781,77.229
198.058,285.005,94.781,77.229
201.778,283.314,94.781,77.229
205.291,280.705,96.878,78.938
208.656,279.881,94.812,77.254
206.964,278.190,94.812,77.254
207.670,275.580,96.910,78.964
208.707,273.160,96.910,78.964
211.819,271.431,96.910,78.964
212.165,271.086,96.910,78.964
212.511,268.665,96.910,78.964
214.240,265.553,96.910,78.964
215.277,264.516,96.910,78.964
219.080,264.862,96.910,78.964
222.883,261.750,96.910,78.964
220.917,264.258,94.843,77.280
224.432,260.244,96.942,78.990
228.237,260.590,96.942,78.990
228.583,261.627,96.942,78.990
232.617,260.803,94.874,77.305
232.649,264.563,92.851,75.656
239.068,263.135,90.871,74.043
241.599,259.862,88.933,72.464
245.300,257.271,87.037,70.919
244.731,256.530,85.181,69.406
245.347,254.634,83.364,67.926
246.834,256.716,83.364,67.926
244.369,252.570,85.209,69.429
246.742,250.673,83.391,67.949
244.660,247.400,83.391,67.949
244.688,247.838,81.613,66.500
244.155,247.705,79.873,65.081
241.591,249.700,79.873,65.081
240.736,252.265,79.873,65.081
239.311,250.840,79.873,65.081
237.886,252.835,79.873,65.081
236.461,254.829,79.873,65.081
232.756,258.534,79.873,65.081
230.192,261.669,79.873,65.081
225.917,264.234,79.873,65.081
221.073,266.798,79.873,65.081
215.088,268.223,79.873,65.081
210.244,271.928,79.873,65.081
205.969,276.202,79.873,65.081
201.695,279.337,79.873,65.081
197.420,282.472,79.873,65.081
194.285,286.176,79.873,65.081
190.581,289.311,79.873,65.081
188.586,292.446,79.873,65.081
185.451,297.290,79.873,65.081
183.456,299.285,79.873,65.081
181.462,301.280,79.873,65.081
178.327,302.705,79.873,65.081
177.472,305.269,79.873,65.081
182.317,303.274,79.873,65.081
188.233,295.754,81.640,66.521
188.524,290.220,81.640,66.521
187.923,286.764,83.446,67.993
184.053,287.062,83.446,67.993
181.374,284.978,83.446,67.993
176.908,285.871,83.446,67.993
172.442,286.764,83.446,67.993
169.762,288.849,83.446,67.993
171.002,284.081,85.292,69.498
173.531,277.945,87.179,71.035
175.086,277.634,87.179,71.035
178.508,274.834,87.179,71.035
176.330,276.390,87.179,71.035
180.374,274.212,87.179,71.035
177.796,275.685,89.108,72.607
181.293,272.188,89.108,72.607
179.703,275.050,89.108,72.607
182.565,272.824,89.108,72.607
182.247,274.414,89.108,72.607
183.201,273.460,89.108,72.607
181.611,275.685,89.108,72.607
185.744,272.188,89.108,72.607
188.605,271.870,89.108,72.607
187.016,272.824,89.108,72.607
191.149,269.963,89.108,72.607
192.472,269.489,91.080,74.213
195.173,267.657,93.095,75.855
197.244,266.473,95.155,77.533
193.022,265.968,97.260,79.249
198.921,264.233,97.260,79.249
200.656,263.192,97.260,79.249
205.167,262.845,97.260,79.249
206.902,261.804,97.260,79.249
210.719,260.763,97.260,79.249
214.536,258.334,97.260,79.249
216.965,255.211,97.260,79.249
218.006,252.782,97.260,79.249
219.047,252.435,97.260,79.249
220.782,250.006,97.260,79.249
221.823,248.271,97.260,79.249
222.170,246.536,97.260,79.249
219.741,245.495,97.260,79.249
221.476,243.760,97.260,79.249
219.741,242.024,97.260,79.249
220.088,239.595,97.260,79.249
223.211,237.860,97.260,79.249
227.722,235.431,97.260,79.249
229.457,232.308,97.260,79.249
226.581,230.352,99.412,81.002
229.773,228.578,99.412,81.002
229.778,225.106,101.611,82.794
231.590,227.644,101.611,82.794
230.228,225.382,99.444,81.029
236.259,228.575,99.444,81.029
241.581,229.640,99.444,81.029
247.613,230.704,99.444,81.029
253.644,231.768,99.444,81.029
258.966,231.413,99.444,81.029
256.483,233.187,99.444,81.029
261.805,234.961,99.444,81.029
266.627,240.955,97.324,79.301
269.752,244.080,97.324,79.301
268.016,247.205,97.324,79.301
270.727,252.402,95.248,77.610
268.348,255.460,95.248,77.610
268.008,258.519,95.248,77.610
266.989,262.257,95.248,77.610
268.688,264.635,95.248,77.610
265.630,268.374,95.248,77.610
264.610,267.354,95.248,77.610
263.591,269.053,95.248,77.610
264.610,271.432,95.248,77.610
260.872,271.772,95.248,77.610
263.251,274.151,95.248,77.610
264.950,277.209,95.248,77.610
266.649,278.908,95.248,77.610
268.348,281.967,95.248,77.610
270.727,283.666,95.248,77.610
271.067,284.006,95.248,77.610
272.766,285.025,95.248,77.610
271.746,285.365,95.248,77.610
271.407,285.025,95.248,77.610
272.750,288.145,93.217,75.955
274.064,287.352,91.229,74.335
276.606,286.576,89.284,72.750
278.479,290.115,87.380,71.198
283.918,288.771,85.516,69.680
288.653,292.161,83.693,68.194
295.013,294.327,81.908,66.740
327.152,290.250,80.161,65.317
332.693,287.914,78.452,63.924
336.497,291.024,76.779,62.560
339.911,293.458,78.477,63.945
342.238,293.622,80.214,65.359
364.885,291.285,78.503,63.966
372.471,291.157,76.829,62.602
377.782,290.504,75.191,61.267
380.911,292.450,73.587,59.960
383.274,294.813,73.587,59.960
384.586,296.650,73.587,59.960
387.142,294.506,72.018,58.681
388.653,296.865,70.482,57.430
391.101,295.781,68.979,56.205
392.549,294.720,67.508,55.007
392.308,292.552,67.508,55.007
389.545,290.585,66.068,53.834
388.367,287.992,66.068,53.834
387.935,290.611,64.660,52.686
386.782,288.073,64.660,52.686
385.167,286.920,64.660,52.686
382.521,289.483,63.281,51.562
386.895,292.862,61.931,50.462
386.898,290.240,63.301,51.579
386.049,294.491,61.952,50.479
327.033,262.441,61.952,50.479
338.133,270.010,60.630,49.403
354.834,276.166,59.337,48.349
358.433,278.918,59.337,48.349
355.257,280.400,59.337,48.349
348.695,277.225,59.337,48.349
345.519,278.707,59.337,48.349
341.497,275.954,59.337,48.349
337.106,273.443,60.650,49.419
333.860,274.958,60.650,49.419
330.182,279.502,60.650,49.419
327.041,279.628,61.992,50.512
323.281,279.407,61.992,50.512
315.098,280.071,61.992,50.512
310.453,278.965,61.992,50.512
304.948,274.964,63.364,51.630
297.915,269.467,64.766,52.772
295.835,266.926,64.766,52.772
294.217,264.846,64.766,52.772
291.343,262.105,66.199,53.940
288.745,263.758,66.199,53.940
285.675,262.577,66.199,53.940
283.549,260.924,66.199,53.940
281.896,260.215,66.199,53.940
278.958,256.433,67.663,55.133
275.956,254.571,69.160,56.353
274.935,249.595,70.690,57.600
277.709,245.308,70.690,57.600
278.970,251.108,70.690,57.600
281.744,255.396,70.690,57.600
285.023,254.639,70.690,57.600
288.806,258.423,70.690,57.600
293.094,257.666,70.690,57.600
298.390,257.918,70.690,57.600
302.056,253.879,72.254,58.874
307.470,257.746,72.254,58.874
310.821,261.613,72.254,58.874
313.657,265.995,72.254,58.874
317.524,268.316,72.254,58.874
322.341,269.536,73.853,60.177
326.294,267.165,73.853,60.177
330.773,269.536,73.853,60.177
332.617,271.381,73.853,60.177
336.570,274.806,73.853,60.177
341.167,280.273,72.278,58.893
342.456,283.626,72.278,58.893
342.459,284.312,73.877,60.196
340.961,286.732,72.302,58.913
339.991,289.598,70.760,57.656
340.016,292.403,69.251,56.427
336.309,290.179,69.251,56.427
330.627,284.991,69.251,56.427
326.426,280.790,69.251,56.427
319.261,279.061,69.251,56.427
329.391,276.343,69.251,56.427
327.856,272.899,70.783,57.675
326.811,270.951,72.349,58.951
331.635,268.424,73.950,60.256
336.120,266.050,73.950,60.256
331.196,270.037,75.586,61.589
328.769,273.542,75.586,61.589
324.855,275.939,77.259,62.951
328.438,279.522,77.259,62.951
332.022,282.554,77.259,62.951
336.156,282.278,77.259,62.951
340.735,282.440,78.968,64.344
335.477,282.605,80.715,65.768
334.883,283.969,82.501,67.223
334.276,284.142,84.326,68.710
334.577,284.442,84.326,68.710
334.276,283.540,84.326,68.710
