300.000,129.000,38.000,150.000
300.353,128.647,38.000,150.000
300.707,128.293,38.000,150.000
301.060,128.647,38.000,150.000
301.413,129.000,38.000,150.000
302.473,129.353,38.000,150.000
302.826,129.707,38.000,150.000
303.179,129.353,38.000,150.000
303.533,129.707,38.000,150.000
303.179,130.060,38.000,150.000
302.826,129.707,38.000,150.000
301.766,129.353,38.000,150.000
300.000,129.707,38.000,150.000
298.234,129.353,38.000,150.000
296.467,129.707,38.000,150.000
294.701,130.060,38.000,150.000
292.228,131.120,38.000,150.000
290.461,131.473,38.000,150.000
288.695,132.533,38.000,150.000
286.929,132.180,38.000,150.000
285.631,133.438,37.190,146.801
284.362,135.337,36.397,143.671
283.771,136.543,35.620,140.607
282.778,137.536,35.620,140.607
281.784,138.530,35.620,140.607
281.453,138.861,35.620,140.607
281.122,139.854,35.620,140.607
280.129,140.848,35.620,140.607
279.135,141.179,35.620,140.607
278.142,142.172,35.620,140.607
277.564,144.629,34.861,137.608
276.998,145.784,34.117,134.674
276.047,148.004,34.117,134.674
275.095,148.956,34.117,134.674
273.509,149.273,34.117,134.674
271.924,150.225,34.117,134.674
270.338,150.542,34.117,134.674
268.973,149.381,34.872,137.653
267.352,149.705,34.872,137.653
265.083,151.326,34.872,137.653
263.015,150.140,35.644,140.699
261.798,150.682,34.884,137.699
261.474,151.655,34.884,137.699
260.908,152.185,34.140,134.762
260.591,152.503,34.140,134.762
261.872,154.246,33.412,131.888
263.425,153.314,33.412,131.888
264.680,153.223,32.699,129.076
265.264,152.741,33.423,131.932
264.332,154.295,33.423,131.932
264.285,153.803,34.162,134.851
263.119,151.873,33.434,131.975
261.977,152.981,32.721,129.160
260.037,149.974,33.445,132.018
258.482,150.285,33.445,132.018
259.415,148.108,33.445,132.018
258.873,150.415,32.731,129.203
256.301,144.250,33.456,132.061
254.746,143.939,33.456,132.061
253.407,142.801,34.196,134.983
252.040,140.978,34.952,137.970
255.614,139.353,34.952,137.970
253.989,137.078,34.952,137.970
254.964,136.103,34.952,137.970
257.889,135.779,34.952,137.970
259.513,134.804,34.952,137.970
261.138,133.829,34.952,137.970
258.863,132.854,34.952,137.970
259.838,131.879,34.952,137.970
260.163,131.554,34.952,137.970
260.849,130.833,34.207,135.027
262.746,133.192,33.477,132.148
261.190,134.748,33.477,132.148
260.256,133.815,33.477,132.148
258.917,133.322,34.218,135.072
255.418,132.367,34.218,135.072
253.389,131.863,34.975,138.060
254.365,130.237,34.975,138.060
253.389,129.262,34.975,138.060
256.316,128.937,34.975,138.060
255.340,129.262,34.975,138.060
258.664,128.747,35.749,141.115
255.673,127.750,35.749,141.115
261.323,129.411,35.749,141.115
259.661,130.408,35.749,141.115
259.994,132.735,35.749,141.115
259.661,129.744,35.749,141.115
261.323,129.411,35.749,141.115
258.997,128.414,35.749,141.115
264.647,129.411,35.749,141.115
261.655,129.079,35.749,141.115
260.658,127.417,35.749,141.115
266.308,128.414,35.749,141.115
263.317,126.088,35.749,141.115
266.715,124.182,36.540,144.237
264.157,126.702,35.761,141.161
268.479,127.035,35.761,141.161
267.899,129.501,34.998,138.151
271.901,128.985,35.773,141.207
270.470,127.768,36.564,144.332
269.713,125.819,37.373,147.525
274.229,126.167,37.373,147.525
274.577,126.514,37.373,147.525
279.789,126.167,37.373,147.525
285.211,128.074,36.576,144.379
283.748,124.008,37.385,147.573
282.010,116.014,37.385,147.573
268.254,99.597,38.212,150.838
271.058,97.438,37.397,147.622
277.824,94.656,36.600,144.474
274.242,89.175,37.410,147.670
279.241,80.685,38.237,150.937
283.151,82.463,38.237,150.937
287.061,83.529,38.237,150.937
290.972,86.017,38.237,150.937
294.171,85.662,38.237,150.937
298.082,84.595,38.237,150.937
310.524,84.240,38.237,150.937
314.895,80.726,39.083,154.277
329.165,77.135,39.948,157.690
336.815,77.317,40.832,161.179
343.846,72.777,41.735,164.745
349.666,70.837,41.735,164.745
355.486,66.569,41.735,164.745
360.530,63.853,41.735,164.745
367.126,63.465,41.735,164.745
374.499,70.061,41.735,164.745
378.465,63.810,42.659,168.390
382.827,61.034,42.659,168.390
384.017,58.258,42.659,168.390
386.793,63.414,42.659,168.390
390.848,57.848,43.603,172.116
393.685,61.496,43.603,172.116
396.988,58.330,44.567,175.924
400.364,63.692,45.553,179.816
404.693,62.142,46.561,183.795
408.220,63.252,47.591,187.861
413.087,63.695,47.591,187.861
418.528,63.912,48.644,192.017
424.089,62.257,49.721,196.266
431.692,58.647,50.821,200.608
434.999,51.560,50.821,200.608
437.362,47.308,50.821,200.608
440.231,41.657,51.945,205.047
443.611,42.140,51.945,205.047
447.958,44.555,51.945,205.047
453.270,46.003,51.945,205.047
455.684,46.486,51.945,205.047
459.065,46.969,51.945,205.047
458.582,45.521,51.945,205.047
463.894,45.038,51.945,205.047
468.240,47.452,51.945,205.047
476.450,50.833,51.945,205.047
484.660,46.486,51.945,205.047
490.599,49.729,53.094,209.583
495.447,45.779,51.962,205.114
498.828,43.364,51.962,205.114
499.311,46.745,51.962,205.114
500.761,50.127,51.962,205.114
503.176,49.644,51.962,205.114
501.098,48.878,53.112,209.652
507.517,46.409,53.112,209.652
507.023,44.928,53.112,209.652
509.492,44.434,53.112,209.652
514.923,48.878,53.112,209.652
518.380,51.347,53.112,209.652
521.836,54.804,53.112,209.652
525.292,57.272,53.112,209.652
529.736,58.754,53.112,209.652
533.193,61.223,53.112,209.652
534.674,61.716,53.112,209.652
538.131,63.198,53.112,209.652
540.105,58.317,54.287,214.291
546.034,57.197,53.129,209.721
547.516,58.679,53.129,209.721
552.367,59.486,51.996,205.248
554.320,60.277,50.887,200.871
555.739,59.804,50.887,200.871
557.158,60.277,50.887,200.871
559.049,59.528,52.013,205.316
559.533,58.077,52.013,205.316
563.350,60.732,50.904,200.937
565.242,60.964,52.030,205.383
566.693,64.350,52.030,205.383
569.112,64.834,52.030,205.383
569.595,63.383,52.030,205.383
572.014,67.736,52.030,205.383
573.465,73.057,52.030,205.383
574.916,70.639,52.030,205.383
579.270,69.187,52.030,205.383
579.753,72.573,52.030,205.383
583.139,74.025,52.030,205.383
582.656,70.639,52.030,205.383
586.474,68.632,50.921,201.003
587.473,73.057,49.835,196.717
587.937,74.447,49.835,196.717
588.022,77.884,48.772,192.522
587.568,79.244,48.772,192.522
587.499,80.408,49.851,196.781
588.889,85.506,49.851,196.781
589.780,89.580,50.954,201.135
589.307,94.791,50.954,201.135
591.220,100.131,49.868,196.846
597.561,97.315,48.804,192.648
599.374,98.479,49.884,196.910
603.929,99.237,48.820,192.711
607.512,95.605,47.779,188.602
607.593,94.619,46.760,184.580
614.114,96.793,46.760,184.580
615.870,100.856,45.763,180.643
588.883,188.487,44.787,176.791
587.354,185.155,43.832,173.021
587.428,178.752,42.897,169.331
590.577,176.329,41.982,165.720
593.658,173.205,41.087,162.186
599.618,171.621,40.211,158.727
601.128,165.026,39.353,155.343
599.079,157.867,38.514,152.030
601.906,157.762,37.693,148.788
601.294,157.660,36.889,145.615
604.663,158.221,36.102,142.510
604.077,156.829,35.333,139.470
605.404,156.100,34.579,136.496
606.082,154.147,33.842,133.585
603.880,155.090,33.842,133.585
605.757,155.605,33.120,130.737
607.594,157.296,32.414,127.949
604.279,161.213,32.414,127.949
597.980,172.616,33.131,130.780
601.006,180.245,32.424,127.991
602.223,177.252,31.733,125.261
604.288,175.777,31.733,125.261
604.243,171.636,32.435,128.033
602.554,173.873,31.743,125.302
600.902,175.494,31.066,122.630
604.295,177.637,30.404,120.015
603.802,178.099,29.755,117.456
602.612,178.809,30.414,120.054
604.329,178.947,31.087,122.711
602.153,179.977,30.424,120.094
601.115,181.530,29.775,117.533
597.626,181.092,30.434,120.133
602.280,181.230,31.107,122.791
600.103,183.376,30.444,120.173
597.123,182.340,31.117,122.831
592.877,178.880,31.806,125.549
589.511,181.074,31.127,122.872
587.333,182.663,30.464,120.251
592.579,183.390,31.138,122.912
594.337,186.535,31.827,125.631
592.450,188.522,32.531,128.411
596.003,194.264,31.837,125.673
591.045,188.881,32.541,128.453
590.999,184.635,33.261,131.295
585.818,184.787,33.997,134.200
582.491,179.040,34.750,137.169
585.664,183.927,34.008,134.244
582.991,178.834,34.761,137.214
584.296,182.477,34.020,134.288
584.248,179.351,34.772,137.259
585.541,179.510,35.542,140.296
585.490,177.615,36.328,143.400
586.840,177.781,37.132,146.573
579.591,176.054,37.132,146.573
581.651,177.950,36.340,143.447
578.094,177.415,37.144,146.621
578.758,176.151,37.966,149.865
573.379,176.728,37.156,146.669
568.781,174.630,36.364,143.541
570.798,179.093,35.588,140.480
570.748,180.628,36.376,143.588
568.591,181.496,37.180,146.765
562.083,173.058,38.003,150.012
548.526,168.869,37.193,146.813
529.102,163.299,38.016,150.061
430.778,190.606,38.857,153.382
412.733,168.296,39.716,156.775
414.210,167.711,40.595,160.244
416.851,164.314,40.595,160.244
419.493,164.691,40.595,160.244
422.890,163.559,40.595,160.244
424.777,160.163,40.595,160.244
428.174,159.785,40.595,160.244
430.061,158.653,40.595,160.244
429.683,155.256,40.595,160.244
430.815,151.105,40.595,160.244
431.948,150.727,40.595,160.244
433.080,151.860,40.595,160.244
433.457,152.992,40.595,160.244
433.835,150.350,40.595,160.244
431.948,150.727,40.595,160.244
432.325,151.860,40.595,160.244
431.948,151.482,40.595,160.244
431.570,151.105,40.595,160.244
430.438,150.727,40.595,160.244
430.815,151.860,40.595,160.244
428.928,150.727,40.595,160.244
427.796,151.860,40.595,160.244
425.154,150.727,40.595,160.244
421.758,154.124,40.595,160.244
417.606,152.237,40.595,160.244
412.700,150.350,40.595,160.244
410.058,148.463,40.595,160.244
406.661,149.595,40.595,160.244
403.471,148.214,41.493,163.789
401.011,145.202,42.411,167.413
399.040,145.596,42.411,167.413
397.857,145.990,42.411,167.413
396.674,144.807,42.411,167.413
397.506,146.972,41.507,163.843
397.577,149.835,40.622,160.349
396.736,146.886,41.520,163.897
396.677,145.473,42.439,167.523
396.282,145.079,42.439,167.523
395.888,144.684,42.439,167.523
396.721,145.329,41.534,163.950
397.107,144.171,41.534,163.950
397.493,143.785,41.534,163.950
397.879,142.627,41.534,163.950
398.265,143.013,41.534,163.950
398.651,144.171,41.534,163.950
398.265,144.557,41.534,163.950
397.879,144.171,41.534,163.950
399.038,145.329,41.534,163.950
397.879,145.716,41.534,163.950
398.265,144.557,41.534,163.950
398.651,144.171,41.534,163.950
398.265,142.240,41.534,163.950
397.879,140.310,41.534,163.950
399.038,138.379,41.534,163.950
398.651,137.993,41.534,163.950
399.038,136.834,41.534,163.950
400.196,140.310,41.534,163.950
399.038,141.468,41.534,163.950
400.968,141.082,41.534,163.950
402.528,143.202,40.648,160.454
405.511,143.092,39.781,157.032
407.004,145.836,38.933,153.684
408.814,147.646,38.933,153.684
411.348,148.731,38.933,153.684
412.434,145.474,38.933,153.684
414.243,145.836,38.933,153.684
416.053,147.646,38.933,153.684
417.139,145.836,38.933,153.684
416.053,143.302,38.933,153.684
416.817,144.592,38.103,150.406
414.833,143.806,37.290,147.199
415.180,144.846,37.290,147.199
410.673,144.499,37.290,147.199
410.068,143.729,36.495,144.060
407.693,139.997,36.495,144.060
404.122,136.644,37.303,147.247
401.000,136.990,37.303,147.247
397.186,134.563,37.303,147.247
391.984,132.135,37.303,147.247
391.637,130.401,37.303,147.247
388.516,130.054,37.303,147.247
386.782,130.401,37.303,147.247
385.048,129.361,37.303,147.247
381.233,127.627,37.303,147.247
379.499,127.280,37.303,147.247
377.072,125.546,37.303,147.247
375.338,125.199,37.303,147.247
372.910,124.159,37.303,147.247
371.870,123.812,37.303,147.247
369.442,125.546,37.303,147.247
369.095,122.425,37.303,147.247
368.055,119.304,37.303,147.247
367.015,118.263,37.303,147.247
366.668,117.223,37.303,147.247
366.321,116.183,37.303,147.247
365.281,115.142,37.303,147.247
364.240,113.408,37.303,147.247
363.200,115.836,37.303,147.247
362.853,114.102,37.303,147.247
360.425,114.449,37.303,147.247
361.466,113.408,37.303,147.247
360.425,111.674,37.303,147.247
361.466,112.021,37.303,147.247
357.651,113.061,37.303,147.247
359.385,114.102,37.303,147.247
354.183,111.674,37.303,147.247
355.917,112.715,37.303,147.247
354.644,113.282,36.507,144.107
353.397,115.146,35.729,141.034
354.098,114.408,34.967,138.026
350.002,116.591,35.740,141.080
351.663,121.575,35.740,141.080
350.666,117.256,35.740,141.080
351.305,120.177,36.531,144.201
346.890,123.913,36.531,144.201
347.229,126.290,36.531,144.201
343.654,122.933,37.339,147.392
341.918,120.503,37.339,147.392
340.183,126.404,37.339,147.392
337.058,125.363,37.339,147.392
334.628,125.710,37.339,147.392
332.198,123.974,37.339,147.392
329.074,122.239,37.339,147.392
325.950,121.197,37.339,147.392
322.826,124.321,37.339,147.392
321.784,124.669,37.339,147.392
318.660,128.487,37.339,147.392
316.230,127.446,37.339,147.392
313.800,129.181,37.339,147.392
311.370,128.834,37.339,147.392
308.246,127.793,37.339,147.392
305.122,129.528,37.339,147.392
302.692,129.181,37.339,147.392
300.262,128.834,37.339,147.392
297.832,130.570,37.339,147.392
296.096,132.306,37.339,147.392
295.055,131.958,37.339,147.392
297.795,134.534,36.543,144.249
294.058,134.873,36.543,144.249
290.321,137.252,36.543,144.249
289.302,135.553,36.543,144.249
286.924,137.252,36.543,144.249
285.904,136.232,36.543,144.249
286.924,137.252,36.543,144.249
285.462,136.713,37.352,147.440
287.893,137.755,37.352,147.440
288.934,140.186,37.352,147.440
286.504,138.450,37.352,147.440
287.545,136.713,37.352,147.440
287.609,136.612,36.555,144.296
285.230,137.631,36.555,144.296
284.211,137.292,36.555,144.296
281.152,138.311,36.555,144.296
279.453,137.292,36.555,144.296
276.394,136.272,36.555,144.296
274.015,135.932,36.555,144.296
272.316,134.913,36.555,144.296
271.976,137.292,36.555,144.296
269.597,134.913,36.555,144.296
267.898,138.651,36.555,144.296
266.199,140.350,36.555,144.296
265.179,135.932,36.555,144.296
266.199,138.311,36.555,144.296
265.859,140.010,36.555,144.296
267.558,138.311,36.555,144.296
270.617,142.729,36.555,144.296
270.277,140.350,36.555,144.296
271.976,142.729,36.555,144.296
271.636,141.030,36.555,144.296
274.695,138.651,36.555,144.296
277.074,138.991,36.555,144.296
278.432,137.042,37.364,147.489
279.821,133.608,38.190,150.752
281.240,133.783,39.035,154.087
281.603,129.065,39.035,154.087
283.418,130.879,39.035,154.087
282.329,129.791,39.035,154.087
283.027,130.722,39.899,157.496
282.200,130.134,40.782,160.981
281.539,133.677,39.912,157.548
281.910,134.791,39.912,157.548
280.055,135.162,39.912,157.548
278.942,136.275,39.912,157.548
276.575,137.227,40.795,161.034
275.437,135.330,40.795,161.034
272.783,141.019,40.795,161.034
271.645,137.606,40.795,161.034
269.748,136.468,40.795,161.034
268.611,134.572,40.795,161.034
266.714,134.193,40.795,161.034
264.818,136.089,40.795,161.034
264.439,135.710,40.795,161.034
263.301,135.330,40.795,161.034
262.922,134.951,40.795,161.034
261.025,133.813,40.795,161.034
260.646,131.917,40.795,161.034
260.716,135.462,39.925,157.600
262.571,137.318,39.925,157.600
260.716,138.431,39.925,157.600
262.215,141.185,39.074,154.239
262.159,142.871,39.938,157.651
263.273,146.212,39.938,157.651
262.446,143.313,40.822,161.139
263.176,143.499,41.725,164.705
264.339,143.111,41.725,164.705
264.727,142.723,41.725,164.705
264.339,143.111,41.725,164.705
263.176,142.723,41.725,164.705
262.012,142.335,41.725,164.705
260.072,142.723,41.725,164.705
258.909,141.559,41.725,164.705
256.969,139.620,41.725,164.705
255.805,137.680,41.725,164.705
254.642,135.741,41.725,164.705
251.926,133.801,41.725,164.705
251.538,133.413,41.725,164.705
249.599,130.698,41.725,164.705
250.763,131.086,41.725,164.705
247.271,130.698,41.725,164.705
247.659,127.982,41.725,164.705
246.496,126.043,41.725,164.705
247.241,123.013,42.648,168.349
246.052,121.031,42.648,168.349
247.241,120.634,42.648,168.349
246.845,121.031,42.648,168.349
248.827,119.841,42.648,168.349
249.224,119.445,42.648,168.349
249.620,119.841,42.648,168.349
251.221,121.254,41.739,164.759
252.386,120.090,41.739,164.759
252.326,117.060,42.662,168.404
254.310,115.870,42.662,168.404
256.293,115.473,42.662,168.404
256.689,112.697,42.662,168.404
256.293,108.334,42.662,168.404
257.483,105.558,42.662,168.404
258.672,103.575,42.662,168.404
258.276,100.798,42.662,168.404
259.466,98.022,42.662,168.404
259.405,96.570,43.606,172.130
260.621,96.976,43.606,172.130
261.027,93.327,43.606,172.130
260.621,91.300,43.606,172.130
258.877,90.658,44.571,175.938
259.292,89.415,44.571,175.938
258.877,91.487,44.571,175.938
258.463,89.415,44.571,175.938
258.877,89.000,44.571,175.938
257.634,89.415,44.571,175.938
258.048,88.172,44.571,175.938
255.977,86.929,44.571,175.938
256.053,89.204,43.620,172.186
255.647,91.232,43.620,172.186
255.241,91.637,43.620,172.186
254.534,91.519,42.690,168.514
254.137,89.534,42.690,168.514
253.445,89.418,41.780,164.921
253.516,87.807,40.889,161.404
252.120,84.765,40.017,157.962
251.004,81.417,40.017,157.962
249.888,78.813,40.017,157.962
252.107,77.270,39.164,154.593
249.785,76.693,40.030,158.014
248.956,73.014,40.916,161.510
247.815,71.873,40.916,161.510
246.179,72.060,41.821,165.083
244.235,70.116,41.821,165.083
242.291,69.727,41.821,165.083
242.679,69.338,41.821,165.083
241.513,69.727,41.821,165.083
241.124,70.116,41.821,165.083
239.180,70.505,41.821,165.083
238.014,68.560,41.821,165.083
239.958,68.172,41.821,165.083
239.569,67.783,41.821,165.083
238.402,65.839,41.821,165.083
238.014,62.340,41.821,165.083
237.625,58.063,41.821,165.083
237.236,56.896,41.821,165.083
236.070,53.397,41.821,165.083
236.817,51.168,42.746,168.735
235.625,47.591,42.746,168.735
236.022,41.630,42.746,168.735
232.663,39.351,43.692,172.469
232.601,36.179,44.659,176.285
231.677,32.075,45.647,180.185
231.252,30.802,45.647,180.185
229.130,29.529,45.647,180.185
228.706,27.407,45.647,180.185
228.282,26.134,45.647,180.185
227.857,28.255,45.647,180.185
227.433,28.680,45.647,180.185
225.311,29.104,45.647,180.185
224.366,26.671,46.657,184.171
223.400,24.183,47.689,188.246
223.843,24.627,47.689,188.246
222.856,22.084,48.744,192.411
220.906,16.664,49.823,196.668
220.443,13.422,49.823,196.668
219.979,12.033,49.823,196.668
218.590,8.790,49.823,196.668
219.979,8.327,49.823,196.668
221.369,6.011,49.823,196.668
222.759,8.327,49.823,196.668
223.222,5.085,49.823,196.668
223.685,7.401,49.823,196.668
226.927,4.158,49.823,196.668
223.973,0.541,50.925,201.020
223.500,1.961,50.925,201.020
225.867,-1.353,50.925,201.020
222.553,-1.826,50.925,201.020
221.133,-4.193,50.925,201.020
220.659,-1.826,50.925,201.020
218.292,-5.140,50.925,201.020
221.117,-5.279,49.839,196.733
221.202,-1.841,48.776,192.537
222.159,2.397,47.736,188.432
222.602,5.504,47.736,188.432
224.395,7.941,46.718,184.413
226.149,12.000,45.722,180.480
226.227,13.515,44.747,176.632
225.501,10.186,43.792,172.865
225.094,8.964,43.792,172.865
224.687,6.929,43.792,172.865
223.976,9.164,42.859,169.179
224.817,6.744,41.945,165.571
225.207,7.914,41.945,165.571
225.597,7.524,41.945,165.571
225.207,8.693,41.945,165.571
225.597,7.524,41.945,165.571
225.207,8.693,41.945,165.571
225.597,10.643,41.945,165.571
225.987,12.593,41.945,165.571
226.810,16.238,41.050,162.040
227.616,20.540,40.175,158.584
227.684,26.191,39.318,155.203
228.456,33.835,38.479,151.893
229.529,35.624,38.479,151.893
230.284,39.657,37.659,148.654
231.698,44.954,36.856,145.484
231.761,48.817,36.070,142.381
234.408,50.012,35.301,139.345
234.468,51.814,34.548,136.373
237.622,52.959,33.811,133.465
237.074,52.867,33.090,130.619
237.665,48.550,33.822,133.509
241.124,46.978,33.822,133.509
243.606,48.098,33.101,130.662
246.629,48.008,32.395,127.875
249.339,46.502,32.395,127.875
251.717,46.995,31.704,125.148
254.369,46.700,31.704,125.148
256.433,48.174,31.704,125.148
258.496,49.648,31.704,125.148
260.559,48.174,31.704,125.148
262.622,52.595,31.704,125.148
263.507,51.711,31.704,125.148
263.801,54.364,31.704,125.148
264.368,53.285,32.406,127.917
264.947,51.557,33.123,130.747
263.816,52.655,32.416,127.959
265.323,51.148,32.416,127.959
265.903,47.544,33.134,130.790
267.443,46.003,33.134,130.790
266.757,44.237,33.867,133.684
267.072,43.292,33.867,133.684
267.386,42.348,33.867,133.684
269.872,41.649,33.144,130.833
271.116,40.371,32.438,128.043
275.241,39.120,31.746,125.313
273.765,38.235,31.746,125.313
278.192,35.579,31.746,125.313
276.126,35.284,31.746,125.313
282.324,34.398,31.746,125.313
282.029,33.513,31.746,125.313
286.456,33.218,31.746,125.313
285.571,35.874,31.746,125.313
290.588,34.988,31.746,125.313
290.293,35.284,31.746,125.313
296.605,36.335,31.069,122.640
295.738,39.512,31.069,122.640
301.359,40.542,30.406,120.025
301.077,39.694,30.406,120.025
302.490,40.542,30.406,120.025
304.469,38.563,30.406,120.025
304.752,39.411,30.406,120.025
305.600,40.259,30.406,120.025
307.578,38.280,30.406,120.025
308.426,38.563,30.406,120.025
308.709,37.715,30.406,120.025
309.557,37.998,30.406,120.025
310.405,38.280,30.406,120.025
311.819,39.694,30.406,120.025
312.362,38.659,31.079,122.680
314.385,39.526,31.079,122.680
315.829,40.971,31.079,122.680
317.274,41.838,31.079,122.680
318.719,40.971,31.079,122.680
319.585,38.948,31.079,122.680
319.874,38.659,31.079,122.680
320.741,39.526,31.079,122.680
321.608,39.237,31.079,122.680
322.475,37.215,31.079,122.680
322.764,35.770,31.079,122.680
324.208,34.325,31.079,122.680
325.653,34.036,31.079,122.680
326.520,34.325,31.079,122.680
326.809,35.192,31.079,122.680
327.098,34.903,31.079,122.680
326.809,35.770,31.079,122.680
325.942,36.637,31.079,122.680
326.809,38.081,31.079,122.680
327.676,39.526,31.079,122.680
327.965,42.704,31.079,122.680
328.254,45.305,31.079,122.680
329.698,48.483,31.079,122.680
330.565,51.661,31.079,122.680
331.720,50.004,31.767,125.395
334.378,49.709,31.767,125.395
338.010,47.403,32.469,128.169
340.975,45.569,31.777,125.436
345.221,43.875,32.480,128.211
348.934,40.890,33.199,131.048
351.712,39.347,33.199,131.048
352.305,36.936,33.933,133.947
354.187,36.236,33.210,131.091
353.261,35.927,33.210,131.091
354.187,35.001,33.210,131.091
353.261,34.692,33.210,131.091
353.570,35.619,33.210,131.091
353.261,35.310,33.210,131.091
354.187,38.089,33.210,131.091
355.114,38.397,33.210,131.091
355.422,41.793,33.210,131.091
355.731,43.337,33.210,131.091
355.422,44.263,33.210,131.091
355.114,45.190,33.210,131.091
356.040,43.028,33.210,131.091
356.966,39.632,33.210,131.091
357.892,37.471,33.210,131.091
358.819,34.692,33.210,131.091
360.661,32.817,32.501,128.295
362.463,31.564,31.808,125.559
362.759,29.494,31.808,125.559
362.463,27.424,31.808,125.559
362.759,24.762,31.808,125.559
362.463,22.101,31.808,125.559
361.805,20.405,32.512,128.337
362.107,18.289,32.512,128.337
362.409,17.382,32.512,128.337
362.711,16.475,32.512,128.337
365.680,18.135,31.819,125.600
365.384,17.839,31.819,125.600
366.272,17.544,31.819,125.600
365.976,17.839,31.819,125.600
365.680,17.544,31.819,125.600
365.384,17.839,31.819,125.600
365.680,17.544,31.819,125.600
364.793,18.431,31.819,125.600
364.497,19.318,31.819,125.600
365.384,19.614,31.819,125.600
365.089,21.093,31.819,125.600
364.201,21.389,31.819,125.600
364.497,22.277,31.819,125.600
364.793,23.756,31.819,125.600
363.905,24.051,31.819,125.600
364.201,24.939,31.819,125.600
364.825,27.704,31.140,122.922
365.694,27.993,31.140,122.922
366.562,28.862,31.140,122.922
365.694,29.730,31.140,122.922
365.404,30.599,31.140,122.922
365.961,30.140,31.829,125.642
366.257,29.844,31.829,125.642
366.212,29.989,32.533,128.421
365.909,29.687,32.533,128.421
365.607,30.594,32.533,128.421
366.514,30.292,32.533,128.421
366.817,29.989,32.533,128.421
366.514,29.687,32.533,128.421
367.422,29.989,32.533,128.421
367.724,30.292,32.533,128.421
367.422,30.594,32.533,128.421
367.119,30.897,32.533,128.421
367.422,30.594,32.533,128.421
367.119,31.502,32.533,128.421
366.817,32.409,32.533,128.421
365.909,32.711,32.533,128.421
365.607,33.014,32.533,128.421
365.909,33.316,32.533,128.421
365.607,33.619,32.533,128.421
365.909,33.921,32.533,128.421
365.002,33.619,32.533,128.421
364.095,33.921,32.533,128.421
363.567,34.999,31.840,125.683
362.480,36.054,31.161,123.003
360.452,36.923,31.161,123.003
359.388,37.397,30.496,120.379
358.538,38.247,30.496,120.379
357.687,37.964,30.496,120.379
356.646,38.428,29.846,117.812
355.813,38.705,29.846,117.812
354.981,37.873,29.846,117.812
354.149,38.150,29.846,117.812
352.206,37.318,29.846,117.812
350.819,37.040,29.846,117.812
349.432,37.318,29.846,117.812
348.044,37.040,29.846,117.812
347.212,37.318,29.846,117.812
345.270,35.375,29.846,117.812
343.500,34.936,30.506,120.419
341.912,33.759,29.856,117.851
340.893,35.284,29.219,115.338
339.534,34.469,29.219,115.338
337.090,32.567,29.219,115.338
335.731,31.752,29.219,115.338
333.830,31.481,29.219,115.338
332.472,30.666,29.219,115.338
330.570,29.851,29.219,115.338
329.212,31.209,29.219,115.338
328.738,32.177,28.596,112.878
326.877,31.911,28.596,112.878
326.413,33.371,27.986,110.471
325.633,33.631,27.986,110.471
324.332,33.891,27.986,110.471
322.511,32.590,27.986,110.471
320.169,32.851,27.986,110.471
318.712,33.778,27.389,108.115
317.439,33.523,27.389,108.115
315.656,34.287,27.389,108.115
314.892,35.560,27.389,108.115
313.110,34.287,27.389,108.115
311.328,36.069,27.389,108.115
310.054,36.324,27.389,108.115
308.781,36.069,27.389,108.115
308.017,36.324,27.389,108.115
306.235,36.579,27.389,108.115
303.943,37.343,27.389,108.115
302.161,38.616,27.389,108.115
301.226,40.505,26.805,105.810
298.983,41.751,26.805,105.810
297.239,41.003,26.805,105.810
295.132,41.642,27.398,108.151
293.859,42.407,27.398,108.151
292.076,43.680,27.398,108.151
291.140,45.079,26.814,105.844
288.897,45.827,26.814,105.844
286.790,44.397,27.407,108.186
289.923,45.051,28.014,110.580
288.465,46.983,27.416,108.222
289.229,47.238,27.416,108.222
288.465,48.003,27.416,108.222
289.229,48.257,27.416,108.222
289.994,48.512,27.416,108.222
289.955,47.580,28.023,110.616
290.737,48.882,28.023,110.616
290.476,49.143,28.023,110.616
290.215,50.445,28.023,110.616
289.955,52.269,28.023,110.616
289.694,53.572,28.023,110.616
289.114,53.699,28.643,113.063
289.380,55.031,28.643,113.063
288.049,55.830,28.643,113.063
289.124,54.725,28.032,110.652
289.085,52.690,28.652,113.100
288.818,51.891,28.652,113.100
288.778,51.469,29.286,115.603
287.961,50.652,29.286,115.603
287.919,50.221,29.934,118.160
287.641,49.386,29.934,118.160
286.806,50.221,29.934,118.160
287.084,46.603,29.934,118.160
287.363,47.994,29.934,118.160
287.898,48.708,30.596,120.775
288.751,50.130,30.596,120.775
289.298,50.270,31.273,123.447
291.667,46.793,31.965,126.178
293.153,48.873,31.965,126.178
295.233,49.170,31.965,126.178
297.313,47.684,31.965,126.178
299.988,49.170,31.965,126.178
303.257,47.090,31.965,126.178
304.742,45.604,31.965,126.178
306.823,45.307,31.965,126.178
309.497,42.632,31.965,126.178
311.577,44.118,31.965,126.178
313.658,43.821,31.965,126.178
315.738,42.335,31.965,126.178
317.542,45.564,32.672,128.970
319.061,42.830,32.672,128.970
320.580,43.134,32.672,128.970
321.491,42.223,32.672,128.970
323.010,43.134,32.672,128.970
325.136,42.223,32.672,128.970
326.655,43.134,32.672,128.970
328.174,43.438,32.672,128.970
329.085,44.349,32.672,128.970
331.819,44.045,32.672,128.970
331.142,42.303,33.395,131.823
331.739,41.167,34.134,134.740
331.185,41.075,33.406,131.867
333.071,41.871,34.145,134.784
333.023,40.710,34.901,137.766
334.320,37.502,35.673,140.814
334.652,39.161,35.673,140.814
334.320,39.492,35.673,140.814
335.020,42.592,34.912,137.811
337.292,43.566,34.912,137.811
336.569,43.051,35.685,140.860
336.519,40.461,36.474,143.977
334.356,38.516,37.281,147.162
340.433,41.087,36.486,144.024
339.677,39.142,37.293,147.211
339.741,40.378,36.498,144.071
342.419,42.895,35.720,140.999
340.759,41.235,35.720,140.999
342.740,43.698,34.958,137.992
343.715,44.673,34.958,137.992
343.390,44.348,34.958,137.992
346.965,45.323,34.958,137.992
350.540,46.298,34.958,137.992
356.238,48.709,34.213,135.049
362.428,51.069,33.483,132.170
365.229,50.758,33.483,132.170
367.686,51.867,32.769,129.351
368.904,50.752,33.494,132.213
371.963,53.663,32.780,129.393
375.543,56.511,32.081,126.634
376.748,54.699,31.396,123.934
381.865,57.990,30.727,121.291
382.722,55.419,30.727,121.291
384.977,53.683,30.072,118.704
386.934,54.522,30.072,118.704
390.009,55.920,30.072,118.704
392.867,54.897,30.737,121.330
394.296,54.040,30.737,121.330
396.296,52.611,30.737,121.330
398.297,53.468,30.737,121.330
398.582,52.611,30.737,121.330
398.868,51.182,30.737,121.330
398.011,51.468,30.737,121.330
398.297,52.897,30.737,121.330
398.582,54.897,30.737,121.330
397.725,55.183,30.737,121.330
396.296,53.182,30.737,121.330
396.900,55.853,30.082,118.743
396.061,56.133,30.082,118.743
395.222,57.531,30.082,118.743
394.942,55.574,30.082,118.743
394.103,56.413,30.082,118.743
392.900,54.809,30.747,121.370
392.401,56.378,30.091,118.782
391.562,59.456,30.091,118.782
391.613,61.531,29.450,116.249
391.339,63.448,29.450,116.249
389.970,65.364,29.450,116.249
390.792,67.281,29.450,116.249
391.613,69.197,29.450,116.249
390.792,72.209,29.450,116.249
391.065,71.935,29.450,116.249
391.339,73.304,29.450,116.249
391.065,75.221,29.450,116.249
391.339,73.852,29.450,116.249
389.970,77.411,29.450,116.249
389.696,76.590,29.450,116.249
388.327,79.054,29.450,116.249
387.506,78.232,29.450,116.249
387.232,80.149,29.450,116.249
386.959,81.518,29.450,116.249
386.685,83.982,29.450,116.249
386.643,81.844,30.101,118.821
386.363,84.922,30.101,118.821
385.740,85.640,30.767,121.450
384.138,86.659,30.111,118.860
384.418,88.059,30.111,118.860
384.698,90.018,30.111,118.860
385.289,91.016,29.469,116.325
384.679,91.719,30.121,118.899
386.889,92.717,29.479,116.363
387.163,94.087,29.479,116.363
390.383,95.064,28.850,113.882
389.578,97.477,28.850,113.882
392.213,98.433,28.235,111.453
390.539,98.017,28.859,113.919
389.734,97.749,28.859,113.919
388.023,95.654,29.498,116.440
387.200,96.476,29.498,116.440
385.829,97.299,29.498,116.440
384.458,98.122,29.498,116.440
384.416,100.532,30.151,119.016
383.014,100.252,30.151,119.016
381.227,103.298,30.818,121.649
382.936,105.423,30.161,119.055
382.312,107.306,30.828,121.689
382.025,109.886,30.828,121.689
380.197,110.621,31.510,124.381
378.937,110.765,32.207,127.133
379.835,114.058,32.207,127.133
379.789,115.448,32.920,129.946
377.203,115.598,33.648,132.821
376.054,120.934,32.930,129.989
377.880,124.975,32.228,127.217
378.456,120.770,32.941,130.031
377.139,119.650,33.670,132.908
374.782,122.575,32.952,130.074
374.248,124.258,32.249,127.300
373.725,125.326,31.562,124.585
373.213,126.372,30.889,121.928
370.628,127.233,30.889,121.928
368.044,127.520,30.889,121.928
366.608,127.233,30.889,121.928
364.024,127.520,30.889,121.928
367.182,128.956,30.889,121.928
365.021,128.319,30.230,119.328
361.929,129.162,30.230,119.328
361.086,127.194,30.230,119.328
362.221,126.571,29.585,116.784
363.862,123.839,28.954,114.293
363.911,120.647,28.337,111.856
363.648,117.223,28.337,111.856
365.220,117.146,27.733,109.470
363.931,118.435,27.733,109.470
365.220,117.146,27.733,109.470
363.931,119.466,27.733,109.470
365.966,118.397,27.141,107.136
367.227,120.163,27.141,107.136
368.994,119.911,27.141,107.136
369.246,119.658,27.141,107.136
368.994,119.911,27.141,107.136
369.246,121.172,27.141,107.136
371.012,123.948,27.141,107.136
371.265,123.191,27.141,107.136
373.031,126.976,27.141,107.136
372.779,127.733,27.141,107.136
374.545,128.490,27.141,107.136
375.806,129.247,27.141,107.136
376.563,132.022,27.141,107.136
376.816,131.770,27.141,107.136
378.077,131.518,27.141,107.136
379.339,130.761,27.141,107.136
380.096,131.518,27.141,107.136
381.358,131.265,27.141,107.136
381.610,133.032,27.141,107.136
381.862,131.770,27.141,107.136
383.124,131.013,27.141,107.136
384.386,129.751,27.141,107.136
386.377,130.651,26.562,104.851
388.803,130.578,25.996,102.615
392.428,133.720,25.996,102.615
394.120,131.545,25.996,102.615
397.745,131.787,25.996,102.615
399.920,130.578,25.996,102.615
402.095,130.337,25.996,102.615
403.563,129.452,26.571,104.886
403.316,130.193,26.571,104.886
407.170,128.216,26.004,102.649
408.137,126.830,26.580,104.920
409.125,126.951,27.168,107.241
409.882,126.194,27.168,107.241
411.145,128.467,27.168,107.241
409.377,129.730,27.168,107.241
408.114,126.951,27.168,107.241
405.980,128.647,27.769,109.614
404.172,125.808,27.769,109.614
401.990,124.327,28.383,112.039
401.726,123.536,28.383,112.039
401.990,122.216,28.383,112.039
400.671,119.841,28.383,112.039
401.990,123.272,28.383,112.039
401.726,121.425,28.383,112.039
403.046,120.633,28.383,112.039
400.815,121.310,29.011,114.518
402.703,118.343,29.011,114.518
400.983,115.117,29.653,117.052
404.374,111.820,30.309,119.642
407.141,117.170,29.663,117.090
410.175,115.240,29.663,117.090
408.988,117.664,30.319,119.681
413.039,116.047,30.990,122.329
415.387,117.982,31.676,125.035
414.731,116.293,32.376,127.802
414.430,115.390,32.376,127.802
413.135,111.166,33.093,130.629
414.365,108.763,33.825,133.520
412.792,107.191,33.825,133.520
410.591,105.619,33.825,133.520
415.308,108.449,33.825,133.520
412.478,107.506,33.825,133.520
411.534,109.707,33.825,133.520
417.509,113.166,33.825,133.520
415.308,110.965,33.825,133.520
421.912,115.053,33.825,133.520
417.296,115.859,34.573,136.474
420.582,117.351,35.338,139.493
423.809,116.622,34.585,136.519
424.427,116.779,35.350,139.539
424.098,116.451,35.350,139.539
426.399,114.150,35.350,139.539
422.784,113.164,35.350,139.539
426.011,114.969,34.596,136.563
429.549,114.004,34.596,136.563
426.831,109.490,35.361,139.585
428.827,103.512,36.144,142.673
427.381,103.677,36.944,145.830
430.093,102.252,36.156,142.720
425.723,107.294,36.156,142.720
432.109,108.303,36.156,142.720
427.067,107.966,36.156,142.720
432.313,114.996,35.385,139.676
429.352,117.957,35.385,139.676
432.313,119.601,35.385,139.676
429.202,126.481,34.630,136.698
432.744,125.515,34.630,136.698
431.134,131.632,34.630,136.698
430.168,129.379,34.630,136.698
431.778,133.564,34.630,136.698
429.524,131.310,34.630,136.698
429.846,132.920,34.630,136.698
430.812,132.598,34.630,136.698
431.778,132.276,34.630,136.698
431.456,134.530,34.630,136.698
431.778,131.632,34.630,136.698
434.675,135.818,34.630,136.698
434.353,132.276,34.630,136.698
435.319,137.749,34.630,136.698
436.285,134.852,34.630,136.698
437.895,131.310,34.630,136.698
441.436,137.427,34.630,136.698
442.402,135.818,34.630,136.698
442.724,134.852,34.630,136.698
442.402,139.681,34.630,136.698
445.944,136.139,34.630,136.698
445.622,135.174,34.630,136.698
445.944,133.564,34.630,136.698
445.622,139.681,34.630,136.698
447.875,136.783,34.630,136.698
448.841,130.666,34.630,136.698
447.231,134.852,34.630,136.698
446.909,132.598,34.630,136.698
445.300,136.139,34.630,136.698
444.334,133.242,34.630,136.698
444.012,136.783,34.630,136.698
443.046,140.969,34.630,136.698
442.080,137.427,34.630,136.698
441.114,137.105,34.630,136.698
439.505,139.359,34.630,136.698
437.895,135.174,34.630,136.698
436.929,140.647,34.630,136.698
435.963,137.749,34.630,136.698
434.353,136.783,34.630,136.698
432.100,135.818,34.630,136.698
429.846,133.564,34.630,136.698
428.236,131.954,34.630,136.698
425.983,130.344,34.630,136.698
423.729,126.803,34.630,136.698
421.008,123.621,35.396,139.722
418.226,118.319,36.179,142.813
415.872,117.983,36.179,142.813
414.425,114.658,36.980,145.973
413.393,110.877,36.980,145.973
412.362,107.095,36.980,145.973
411.331,104.001,36.980,145.973
413.737,102.282,36.980,145.973
414.398,96.030,37.798,149.203
413.785,95.250,36.992,146.021
420.478,99.127,36.203,142.907
419.029,92.309,37.004,146.069
416.836,88.194,37.823,149.301
418.971,86.178,38.660,152.604
418.611,87.975,38.660,152.604
421.127,85.459,38.660,152.604
420.049,84.381,38.660,152.604
419.690,82.584,38.660,152.604
419.330,82.943,38.660,152.604
419.690,81.146,38.660,152.604
418.611,79.349,38.660,152.604
419.690,80.427,38.660,152.604
418.611,78.630,38.660,152.604
420.408,79.708,38.660,152.604
419.330,77.911,38.660,152.604
420.408,77.552,38.660,152.604
420.049,75.755,38.660,152.604
421.127,74.677,38.660,152.604
422.206,74.317,38.660,152.604
423.284,74.677,38.660,152.604
424.362,73.598,38.660,152.604
425.440,76.114,38.660,152.604
425.081,74.317,38.660,152.604
426.159,75.395,38.660,152.604
425.800,74.317,38.660,152.604
427.236,72.256,39.515,155.980
427.604,74.093,39.515,155.980
427.236,75.930,39.515,155.980
428.339,77.767,39.515,155.980
427.236,78.134,39.515,155.980
428.339,79.236,39.515,155.980
427.971,81.073,39.515,155.980
427.604,83.644,39.515,155.980
428.706,84.746,39.515,155.980
428.339,85.114,39.515,155.980
428.706,86.216,39.515,155.980
429.808,87.318,39.515,155.980
430.175,88.420,39.515,155.980
430.543,90.992,39.515,155.980
430.910,94.298,39.515,155.980
431.277,96.869,39.515,155.980
430.175,100.176,39.515,155.980
430.543,102.747,39.515,155.980
429.441,105.319,39.515,155.980
429.073,107.155,39.515,155.980
429.441,108.992,39.515,155.980
427.860,110.697,40.389,159.431
426.734,112.574,40.389,159.431
426.358,115.954,40.389,159.431
426.734,117.080,40.389,159.431
425.607,119.709,40.389,159.431
424.481,122.337,40.389,159.431
424.856,124.966,40.389,159.431
423.730,126.092,40.389,159.431
424.105,127.219,40.389,159.431
423.730,128.345,40.389,159.431
424.856,127.970,40.389,159.431
424.481,129.096,40.389,159.431
424.856,130.222,40.389,159.431
425.983,130.598,40.389,159.431
424.856,130.973,40.389,159.431
425.232,130.598,40.389,159.431
425.607,129.471,40.389,159.431
425.983,129.847,40.389,159.431
425.607,130.222,40.389,159.431
425.983,130.598,40.389,159.431
425.607,129.471,40.389,159.431
426.734,129.096,40.389,159.431
427.109,130.222,40.389,159.431
427.485,132.100,40.389,159.431
428.611,132.475,40.389,159.431
428.680,130.918,39.528,156.032
428.747,131.519,38.685,152.704
428.387,131.160,38.685,152.704
428.747,131.519,38.685,152.704
428.813,130.721,37.860,149.448
429.165,131.073,37.860,149.448
428.813,130.017,37.860,149.448
428.759,127.998,38.698,152.754
428.400,129.078,38.698,152.754
428.759,129.438,38.698,152.754
429.119,129.797,38.698,152.754
429.479,128.718,38.698,152.754
429.839,127.639,38.698,152.754
429.479,126.559,38.698,152.754
429.119,127.639,38.698,152.754
427.571,126.322,39.554,156.134
427.203,127.425,39.554,156.134
426.100,126.322,39.554,156.134
424.518,124.213,40.429,159.588
423.138,124.828,39.567,156.185
423.506,125.932,39.567,156.185
423.138,125.564,39.567,156.185
422.034,127.403,39.567,156.185
418.162,128.347,40.442,159.641
415.530,128.723,40.442,159.641
416.253,126.567,41.337,163.173
416.992,122.768,42.252,166.783
415.302,121.331,43.186,170.473
416.074,119.028,44.142,174.245
414.022,118.618,44.142,174.245
414.432,119.849,44.142,174.245
415.663,117.797,44.142,174.245
413.046,115.444,45.119,178.100
411.241,113.038,46.117,182.040
410.286,108.800,47.137,186.068
409.310,105.378,48.180,190.185
409.242,102.809,49.246,194.393
407.272,99.234,50.336,198.693
404.932,96.894,50.336,198.693
406.803,93.239,51.449,203.090
409.708,97.444,52.588,207.583
407.604,90.583,53.751,212.176
409.602,93.938,54.940,216.870
408.464,86.770,56.156,221.668
411.635,91.359,57.398,226.573
411.553,84.977,58.668,231.586
411.470,80.718,59.966,236.710
410.228,76.364,61.293,241.947
406.239,83.772,61.293,241.947
406.809,79.783,61.293,241.947
403.960,76.934,61.293,241.947
402.251,86.621,61.293,241.947
401.681,81.492,61.293,241.947
398.832,78.643,61.293,241.947
401.681,84.911,61.293,241.947
396.552,79.783,61.293,241.947
394.843,87.191,61.293,241.947
401.111,83.202,61.293,241.947
394.843,87.191,61.293,241.947
390.854,84.342,61.293,241.947
398.262,89.470,61.293,241.947
390.677,89.304,59.986,236.787
386.479,89.141,58.707,231.738
394.666,92.961,58.707,231.738
385.387,90.232,58.707,231.738
382.331,91.125,57.455,226.796
377.523,89.523,57.455,226.796
373.503,88.337,56.230,221.959
381.344,93.042,56.230,221.959
384.518,92.214,57.474,226.870
374.458,85.823,58.745,231.890
366.442,75.892,60.045,237.020
371.467,84.265,60.045,237.020
376.949,84.102,58.765,231.966
367.797,80.969,60.065,237.098
356.070,75.944,60.065,237.098
384.549,82.086,60.065,237.098
350.862,76.567,61.394,242.344
335.378,63.819,62.752,247.705
334.795,67.902,62.752,247.705
325.022,59.715,64.140,253.186
319.655,62.696,64.140,253.186
317.465,67.120,62.773,247.787
311.322,60.141,64.161,253.269
308.339,64.316,64.161,253.269
304.164,66.106,64.161,253.269
299.122,58.972,65.581,258.873
293.635,63.240,65.581,258.873
290.586,57.753,65.581,258.873
287.538,57.143,65.581,258.873
283.270,55.314,65.581,258.873
279.002,57.143,65.581,258.873
275.954,58.972,65.581,258.873
272.905,63.240,65.581,258.873
271.076,58.972,65.581,258.873
268.028,62.020,65.581,258.873
266.198,60.191,65.581,258.873
264.369,57.143,65.581,258.873
261.321,56.533,65.581,258.873
258.272,59.582,65.581,258.873
254.005,63.849,65.581,258.873
252.176,55.923,65.581,258.873
250.346,61.411,65.581,258.873
247.298,65.679,65.581,258.873
244.250,69.946,65.581,258.873
248.517,63.240,65.581,258.873
247.159,63.539,67.032,264.600
247.273,68.162,65.603,258.957
247.180,68.461,67.054,264.687
245.310,66.591,67.054,264.687
243.922,68.190,68.538,270.543
243.285,68.827,68.538,270.543
242.647,72.013,68.538,270.543
242.010,68.827,68.538,270.543
241.373,75.836,68.538,270.543
240.736,75.199,68.538,270.543
240.099,77.111,68.538,270.543
240.736,76.474,68.538,270.543
239.317,75.464,70.054,276.529
238.665,74.813,70.054,276.529
238.785,80.900,68.560,270.632
240.697,80.262,68.560,270.632
242.609,82.175,68.560,270.632
243.246,81.537,68.560,270.632
243.884,80.900,68.560,270.632
243.246,85.362,68.560,270.632
243.884,84.724,68.560,270.632
245.796,89.186,68.560,270.632
244.684,91.457,67.098,264.861
247.803,92.081,67.098,264.861
247.179,91.457,67.098,264.861
245.308,93.329,67.098,264.861
242.189,93.952,67.098,264.861
240.317,95.824,67.098,264.861
238.446,93.952,67.098,264.861
236.155,96.175,65.667,259.212
234.795,93.941,67.120,264.947
232.110,89.068,68.605,270.809
228.921,90.981,68.605,270.809
224.457,89.068,68.605,270.809
225.095,90.981,68.605,270.809
223.181,92.895,68.605,270.809
221.268,93.533,68.605,270.809
221.385,95.805,67.142,265.034
222.009,95.181,67.142,265.034
218.888,94.557,67.142,265.034
215.767,90.188,67.142,265.034
211.397,85.818,67.142,265.034
208.276,82.697,67.142,265.034
210.797,90.938,65.710,259.382
205.634,84.899,67.164,265.121
203.340,85.921,65.732,259.467
205.174,84.087,65.732,259.467
199.674,83.476,65.732,259.467
201.507,91.421,65.732,259.467
198.878,80.308,67.186,265.208
212.237,81.330,65.753,259.552
209.992,81.151,64.351,254.017
203.411,78.160,64.351,254.017
208.286,69.764,65.775,259.638
208.398,71.943,64.372,254.101
201.585,72.922,62.999,248.682
201.000,74.679,62.999,248.682
202.126,71.320,64.393,254.184
197.935,73.116,64.393,254.184
196.891,74.095,63.020,248.763
196.305,69.994,63.020,248.763
194.547,69.408,63.020,248.763
192.790,66.479,63.020,248.763
191.032,64.721,63.020,248.763
190.446,64.135,63.020,248.763
189.860,63.549,63.020,248.763
188.103,62.964,63.020,248.763
187.517,65.893,63.020,248.763
186.931,59.448,63.020,248.763
185.173,61.206,63.020,248.763
184.587,53.589,63.020,248.763
184.001,53.003,63.020,248.763
179.900,53.589,63.020,248.763
179.314,51.832,63.020,248.763
178.729,51.246,63.020,248.763
176.971,49.488,63.020,248.763
175.213,46.559,63.020,248.763
172.693,41.983,64.414,254.267
168.501,41.384,64.414,254.267
166.704,43.181,64.414,254.267
167.968,41.852,63.041,248.845
166.946,41.681,61.696,243.538
163.288,38.391,63.061,248.927
162.265,41.611,61.717,243.618
161.691,38.742,61.717,243.618
162.902,44.105,60.400,238.423
161.651,39.719,61.737,243.698
159.929,39.145,61.737,243.698
157.460,32.281,63.103,249.090
158.698,40.026,61.757,243.778
159.273,37.155,61.757,243.778
160.376,39.820,63.123,249.172
162.137,42.754,63.123,249.172
160.830,38.171,64.520,254.685
160.738,42.199,65.948,260.319
164.396,42.020,64.541,254.768
166.819,48.785,63.165,249.335
170.930,45.849,63.165,249.335
175.714,37.607,64.562,254.852
166.905,44.129,65.991,260.490
175.722,39.338,67.451,266.253
187.337,30.537,68.943,272.144
189.926,29.114,67.473,266.341
352.076,77.300,66.034,260.661
353.372,75.937,64.626,255.102
353.973,82.546,64.626,255.102
353.372,75.937,64.626,255.102
353.482,86.185,63.248,249.662
355.246,89.125,63.248,249.662
353.086,90.087,61.899,244.338
353.662,96.417,61.899,244.338
353.086,92.389,61.899,244.338
351.360,96.417,61.899,244.338
351.935,96.993,61.899,244.338
350.931,104.590,60.579,239.127
352.621,100.648,60.579,239.127
351.638,105.912,59.287,234.028
349.985,103.156,59.287,234.028
349.434,109.219,59.287,234.028
348.883,105.360,59.287,234.028
348.331,111.423,59.287,234.028
348.883,114.179,59.287,234.028
346.858,111.893,58.023,229.037
346.957,120.055,56.785,224.153
346.429,114.247,56.785,224.153
345.508,117.146,55.574,219.373
343.958,119.730,55.574,219.373
343.442,117.146,55.574,219.373
341.892,119.730,55.574,219.373
340.342,119.213,55.574,219.373
338.792,121.796,55.574,219.373
337.242,123.346,55.574,219.373
334.658,126.963,55.574,219.373
333.108,124.380,55.574,219.373
331.558,126.963,55.574,219.373
330.008,128.513,55.574,219.373
328.458,124.896,55.574,219.373
326.908,129.546,55.574,219.373
326.392,129.030,55.574,219.373
324.842,133.680,55.574,219.373
324.325,131.096,55.574,219.373
321.742,135.746,55.574,219.373
320.192,132.130,55.574,219.373
318.294,138.951,54.389,214.695
316.437,136.853,53.229,210.116
315.574,143.387,52.094,205.635
313.796,143.245,50.983,201.250
311.426,146.563,50.983,201.250
309.056,143.245,50.983,201.250
306.686,147.511,50.983,201.250
303.368,147.037,50.983,201.250
300.998,147.511,50.983,201.250
297.680,145.141,50.983,201.250
294.362,147.511,50.983,201.250
291.044,147.985,50.983,201.250
288.675,147.511,50.983,201.250
285.357,149.881,50.983,201.250
282.987,148.459,50.983,201.250
279.669,148.933,50.983,201.250
277.299,150.355,50.983,201.250
275.877,149.881,50.983,201.250
273.507,151.303,50.983,201.250
272.085,150.829,50.983,201.250
270.345,153.432,49.896,196.959
267.097,152.968,49.896,196.959
264.500,157.303,48.832,192.758
261.322,155.942,48.832,192.758
259.960,158.211,48.832,192.758
257.418,158.954,47.791,188.648
255.786,161.394,46.772,184.625
253.612,160.959,46.772,184.625
252.015,165.861,45.774,180.688
249.887,164.585,45.774,180.688
247.759,165.861,45.774,180.688
246.197,169.839,44.798,176.834
244.947,168.589,44.798,176.834
242.615,170.876,43.843,173.063
241.118,173.900,42.908,169.373
238.884,175.322,41.993,165.761
236.151,175.712,41.993,165.761
234.199,175.322,41.993,165.761
232.247,175.712,41.993,165.761
