571.000,291.000,34.000,81.000
570.335,291.222,34.000,81.000
570.114,291.000,34.000,81.000
569.449,290.335,34.000,81.000
569.670,290.557,34.000,81.000
567.685,289.431,34.752,82.792
565.656,288.280,35.521,84.624
566.350,286.196,35.521,84.624
565.192,283.187,35.521,84.624
563.572,284.344,35.521,84.624
563.340,280.871,35.521,84.624
555.700,290.364,35.521,84.624
556.395,288.743,35.521,84.624
555.700,288.048,35.521,84.624
554.543,287.354,35.521,84.624
553.385,286.196,35.521,84.624
555.634,282.138,36.307,86.496
557.162,281.463,35.533,84.652
552.762,283.548,35.533,84.652
547.114,285.120,34.775,82.846
544.644,287.969,34.033,81.080
542.197,290.985,34.786,82.874
540.610,293.479,34.786,82.874
538.116,294.612,34.786,82.874
536.982,297.106,34.786,82.874
535.395,298.693,34.786,82.874
535.168,298.467,34.786,82.874
534.035,298.693,34.786,82.874
533.808,297.106,34.786,82.874
533.128,297.787,34.786,82.874
532.901,298.467,34.786,82.874
531.767,301.414,34.786,82.874
530.634,301.187,34.786,82.874
530.407,299.600,34.786,82.874
530.180,296.653,34.786,82.874
529.560,296.912,35.556,84.707
532.109,298.534,35.556,84.707
531.878,297.839,35.556,84.707
533.036,298.998,35.556,84.707
533.192,296.104,34.798,82.901
533.872,299.052,34.798,82.901
532.738,302.908,34.798,82.901
533.872,300.867,34.798,82.901
535.914,302.454,34.798,82.901
540.676,299.506,34.798,82.901
541.703,298.860,34.056,81.133
542.708,298.655,33.330,79.403
545.967,296.700,33.330,79.403
545.694,298.594,32.619,77.709
543.348,297.072,33.340,79.429
542.754,295.517,34.078,81.186
544.753,298.405,34.078,81.186
544.086,300.404,34.078,81.186
546.085,300.626,34.078,81.186
547.640,303.513,34.078,81.186
550.083,305.512,34.078,81.186
550.750,306.623,34.078,81.186
553.637,304.624,34.078,81.186
553.859,306.178,34.078,81.186
555.858,306.845,34.078,81.186
555.192,309.732,34.078,81.186
554.525,310.398,34.078,81.186
553.859,311.065,34.078,81.186
553.637,309.066,34.078,81.186
553.415,308.399,34.078,81.186
551.860,308.622,34.078,81.186
550.305,305.290,34.078,81.186
547.394,304.622,34.832,82.982
547.546,300.912,34.089,81.213
546.016,301.627,34.844,83.010
543.973,299.129,34.844,83.010
539.204,303.898,34.844,83.010
535.284,304.629,35.614,84.846
539.467,301.730,34.855,83.037
543.123,302.397,34.112,81.266
540.233,305.732,34.112,81.266
541.345,303.731,34.112,81.266
541.122,304.398,34.112,81.266
540.455,303.286,34.112,81.266
539.344,307.066,34.112,81.266
538.677,308.622,34.112,81.266
538.454,310.178,34.112,81.266
538.307,311.355,34.866,83.064
540.515,314.444,35.638,84.902
541.212,317.464,35.638,84.902
542.838,319.555,35.638,84.902
544.928,316.999,35.638,84.902
545.161,320.948,35.638,84.902
548.180,323.503,35.638,84.902
548.877,329.310,35.638,84.902
549.109,330.936,35.638,84.902
549.342,331.633,35.638,84.902
548.645,330.936,35.638,84.902
549.806,330.239,35.638,84.902
550.039,330.471,35.638,84.902
550.271,331.168,35.638,84.902
550.503,331.401,35.638,84.902
552.129,329.775,35.638,84.902
553.755,329.078,35.638,84.902
552.129,331.633,35.638,84.902
552.940,328.043,36.426,86.780
550.813,329.300,37.232,88.700
555.909,326.630,37.232,88.700
561.975,326.873,37.232,88.700
558.290,328.661,38.056,90.663
557.050,327.917,38.056,90.663
558.787,327.669,38.056,90.663
560.523,329.405,38.056,90.663
559.779,330.645,38.056,90.663
562.011,331.389,38.056,90.663
562.755,332.134,38.056,90.663
563.995,332.878,38.056,90.663
566.724,333.622,38.056,90.663
571.436,335.854,38.056,90.663
573.669,337.094,38.056,90.663
577.885,335.854,38.056,90.663
580.118,335.606,38.056,90.663
581.854,337.342,38.056,90.663
586.567,338.583,38.056,90.663
588.303,339.823,38.056,90.663
590.039,338.086,38.056,90.663
591.279,336.350,38.056,90.663
593.512,334.118,38.056,90.663
594.752,331.886,38.056,90.663
595.992,330.645,38.056,90.663
595.744,328.909,38.056,90.663
596.488,324.196,38.056,90.663
597.728,322.956,38.056,90.663
596.535,319.637,38.898,92.669
595.775,317.355,38.898,92.669
593.493,318.116,38.898,92.669
594.378,312.093,39.759,94.719
593.669,309.164,40.638,96.815
599.463,307.898,39.772,94.750
598.638,306.660,38.923,92.729
599.399,304.884,38.923,92.729
599.653,304.123,38.923,92.729
597.370,303.869,38.923,92.729
596.101,303.616,38.923,92.729
594.326,304.884,38.923,92.729
594.072,304.630,38.923,92.729
593.818,304.884,38.923,92.729
593.565,304.630,38.923,92.729
593.818,305.899,38.923,92.729
593.565,306.660,38.923,92.729
593.924,307.476,39.785,94.781
595.597,306.238,38.936,92.760
596.359,305.984,38.936,92.760
597.628,306.745,38.936,92.760
596.359,308.522,38.936,92.760
596.105,308.775,38.936,92.760
594.836,304.969,38.936,92.760
595.090,305.223,38.936,92.760
594.836,304.969,38.936,92.760
594.075,303.700,38.936,92.760
594.329,302.939,38.936,92.760
594.075,301.670,38.936,92.760
593.313,298.371,38.936,92.760
590.522,296.594,38.936,92.760
587.730,297.356,38.936,92.760
586.969,295.072,38.936,92.760
584.169,289.570,39.798,94.812
588.060,287.235,39.798,94.812
594.234,287.496,38.949,92.790
594.996,282.673,38.949,92.790
591.188,285.465,38.949,92.790
587.888,286.734,38.949,92.790
585.603,286.481,38.949,92.790
584.334,288.258,38.949,92.790
586.111,290.035,38.949,92.790
587.888,292.319,38.949,92.790
589.157,293.081,38.949,92.790
592.457,295.366,38.949,92.790
595.757,297.650,38.949,92.790
600.332,299.374,38.118,90.812
606.046,303.100,38.118,90.812
609.276,306.330,38.118,90.812
612.506,308.069,38.118,90.812
617.723,309.311,38.118,90.812
620.456,310.554,38.118,90.812
622.692,311.299,38.118,90.812
624.928,312.044,38.118,90.812
628.158,312.293,38.118,90.812
630.394,314.032,38.118,90.812
634.617,315.771,38.118,90.812
636.356,317.013,38.118,90.812
638.095,318.255,38.118,90.812
638.344,319.001,38.118,90.812
638.592,321.734,38.118,90.812
636.843,323.899,37.306,88.875
637.007,326.019,36.510,86.980
633.497,328.093,35.731,85.125
636.726,325.460,36.522,87.008
648.917,322.275,37.330,88.933
653.540,321.058,37.330,88.933
651.358,325.993,36.534,87.037
650.644,329.089,36.534,87.037
648.501,328.374,36.534,87.037
649.215,331.946,36.534,87.037
648.025,331.232,36.534,87.037
649.215,330.993,36.534,87.037
649.930,331.232,36.534,87.037
649.692,331.946,36.534,87.037
650.882,333.137,36.534,87.037
651.597,330.993,36.534,87.037
653.263,331.232,36.534,87.037
652.549,330.041,36.534,87.037
652.311,330.755,36.534,87.037
652.073,328.136,36.534,87.037
650.406,326.946,36.534,87.037
651.120,323.374,36.534,87.037
651.835,322.659,36.534,87.037
651.120,319.088,36.534,87.037
652.311,320.278,36.534,87.037
653.025,320.516,36.534,87.037
654.216,322.659,36.534,87.037
655.406,320.516,36.534,87.037
653.740,323.612,36.534,87.037
655.277,322.015,35.755,85.181
658.024,317.930,36.546,87.065
656.833,322.456,36.546,87.065
660.667,319.940,35.767,85.209
667.285,322.625,36.558,87.094
671.579,326.080,35.778,85.236
677.580,329.012,35.015,83.419
680.373,330.561,34.269,81.640
682.675,333.369,33.538,79.899
684.206,337.085,33.538,79.899
688.359,338.616,33.538,79.899
690.326,341.020,33.538,79.899
693.168,343.425,33.538,79.899
696.446,346.703,33.538,79.899
697.102,348.671,33.538,79.899
699.507,351.075,33.538,79.899
699.816,350.872,34.280,81.667
700.132,350.200,35.038,83.473
699.904,352.712,35.038,83.473
700.057,353.822,34.291,81.693
698.940,352.705,34.291,81.693
699.090,353.791,33.560,79.951
698.434,352.698,33.560,79.951
696.465,351.604,33.560,79.951
696.684,351.823,33.560,79.951
695.590,352.916,33.560,79.951
694.497,353.572,33.560,79.951
694.222,357.587,32.844,78.246
692.296,354.376,32.844,78.246
689.085,358.015,32.844,78.246
687.586,355.661,32.844,78.246
686.088,354.590,32.844,78.246
684.993,354.393,32.144,76.578
682.689,356.279,32.144,76.578
682.022,360.932,31.458,74.945
689.608,362.367,31.458,74.945
690.932,366.130,30.787,73.346
686.038,367.880,30.131,71.782
683.520,371.863,29.488,70.251
682.559,376.668,29.488,70.251
683.136,378.397,29.488,70.251
682.559,378.974,29.488,70.251
681.982,381.088,29.488,70.251
680.637,383.971,29.488,70.251
681.598,387.623,29.488,70.251
682.175,387.046,29.488,70.251
682.447,388.861,30.141,71.806
681.464,390.629,30.141,71.806
683.625,388.861,30.141,71.806
685.393,391.808,30.141,71.806
685.197,393.969,30.141,71.806
685.393,394.951,30.141,71.806
685.590,395.148,30.141,71.806
685.393,395.344,30.141,71.806
685.983,396.326,30.141,71.806
687.751,398.487,30.141,71.806
686.376,399.469,30.141,71.806
688.537,399.666,30.141,71.806
686.376,396.719,30.141,71.806
686.179,394.558,30.141,71.806
684.411,396.719,30.141,71.806
684.215,393.380,30.141,71.806
684.085,391.158,30.808,73.395
683.483,391.359,30.808,73.395
680.521,392.335,30.151,71.829
682.683,389.781,30.151,71.829
684.451,386.440,30.151,71.829
684.205,390.047,29.508,70.298
684.876,390.267,30.160,71.853
688.009,390.492,30.828,73.443
689.014,391.497,30.828,73.443
689.617,391.698,30.828,73.443
690.621,390.291,30.828,73.443
692.832,390.090,30.828,73.443
695.845,391.898,30.828,73.443
698.859,392.903,30.828,73.443
701.070,394.711,30.828,73.443
702.605,395.775,31.510,75.068
705.685,396.802,31.510,75.068
707.944,397.418,31.510,75.068
711.025,395.570,31.510,75.068
714.330,394.193,30.838,73.467
