131.000,50.000,36.000,89.000
130.760,50.240,36.000,89.000
131.000,50.481,36.000,89.000
130.760,50.721,36.000,89.000
131.000,50.962,36.000,89.000
130.760,51.202,36.000,89.000
130.519,51.443,36.000,89.000
129.871,51.207,36.797,90.969
130.027,52.887,36.012,89.029
129.786,54.571,36.012,89.029
129.546,55.293,36.012,89.029
129.305,60.344,36.012,89.029
129.065,61.066,36.012,89.029
129.305,64.193,36.012,89.029
130.508,68.764,36.012,89.029
134.597,72.372,36.012,89.029
135.447,78.125,36.809,90.999
141.593,80.830,36.809,90.999
145.523,85.690,37.623,93.012
152.308,88.957,37.623,93.012
159.094,93.230,37.623,93.012
166.519,95.917,36.821,91.029
173.652,98.622,36.821,91.029
180.785,99.852,36.821,91.029
188.409,102.066,36.821,91.029
196.525,102.804,36.821,91.029
204.150,103.541,36.821,91.029
211.282,104.279,36.821,91.029
218.415,105.017,36.821,91.029
220.815,104.265,37.635,93.043
223.580,104.517,37.635,93.043
226.345,104.768,37.635,93.043
226.597,104.517,37.635,93.043
224.334,104.265,37.635,93.043
216.541,104.014,37.635,93.043
209.915,104.764,36.833,91.059
202.288,104.026,36.833,91.059
193.677,104.272,36.833,91.059
182.294,103.520,37.648,93.073
171.702,103.273,38.481,95.133
160.649,103.530,38.481,95.133
150.625,104.301,38.481,95.133
142.142,105.072,38.481,95.133
134.174,105.843,38.481,95.133
125.692,107.128,38.481,95.133
116.695,107.899,38.481,95.133
108.213,109.699,38.481,95.133
100.245,109.956,38.481,95.133
93.819,110.213,38.481,95.133
87.907,110.984,38.481,95.133
83.537,111.241,38.481,95.133
78.139,110.984,38.481,95.133
77.368,108.671,38.481,95.133
75.569,104.301,38.481,95.133
75.312,98.389,38.481,95.133
75.569,93.505,38.481,95.133
76.340,87.079,38.481,95.133
80.196,80.139,38.481,95.133
84.051,72.685,38.481,95.133
85.700,66.515,37.660,93.104
93.134,60.476,36.857,91.118
94.364,55.798,36.857,91.118
101.012,53.090,36.857,91.118
108.286,48.129,36.071,89.175
115.755,47.888,36.071,89.175
123.225,46.684,36.071,89.175
131.176,44.997,36.071,89.175
140.091,43.792,36.071,89.175
148.524,44.515,36.071,89.175
156.475,46.202,36.071,89.175
164.426,48.852,36.071,89.175
172.776,50.115,36.869,91.148
180.800,52.429,37.685,93.165
189.107,53.184,37.685,93.165
197.917,54.946,37.685,93.165
206.224,55.701,37.685,93.165
213.524,56.456,37.685,93.165
219.506,57.692,36.881,91.178
222.709,58.431,36.881,91.178
222.955,58.678,36.881,91.178
222.709,58.431,36.881,91.178
216.057,56.214,36.881,91.178
209.406,54.982,36.881,91.178
200.563,51.673,37.697,93.195
191.525,47.769,38.531,95.257
182.002,45.452,38.531,95.257
171.162,41.995,39.384,97.365
161.428,39.628,39.384,97.365
151.694,38.312,39.384,97.365
142.487,36.997,39.384,97.365
132.227,36.208,39.384,97.365
122.251,37.499,38.544,95.289
111.695,38.272,38.544,95.289
102.684,42.134,38.544,95.289
93.673,43.936,38.544,95.289
85.177,46.768,38.544,95.289
77.195,49.085,38.544,95.289
73.333,55.007,38.544,95.289
72.561,57.324,38.544,95.289
72.818,64.275,38.544,95.289
73.591,69.682,38.544,95.289
78.483,74.574,38.544,95.289
80.800,78.951,38.544,95.289
85.692,85.387,38.544,95.289
88.524,89.249,38.544,95.289
90.841,96.715,38.544,95.289
92.643,101.607,38.544,95.289
96.505,108.044,38.544,95.289
97.792,113.965,38.544,95.289
100.109,116.797,38.544,95.289
105.516,119.630,38.544,95.289
110.923,120.917,38.544,95.289
115.815,121.689,38.544,95.289
122.926,122.457,37.722,93.257
130.737,119.685,37.722,93.257
137.901,114.732,38.556,95.320
143.620,110.739,39.409,97.429
150.727,106.790,39.409,97.429
157.835,102.841,39.409,97.429
164.943,99.946,39.409,97.429
171.524,96.524,39.409,97.429
177.578,93.101,39.409,97.429
183.106,90.732,39.409,97.429
189.870,86.443,38.569,95.351
194.522,83.517,39.422,97.461
200.052,80.094,39.422,97.461
206.635,78.250,39.422,97.461
210.058,75.354,39.422,97.461
215.588,71.404,39.422,97.461
217.958,69.034,39.422,97.461
221.381,67.190,39.422,97.461
221.645,64.820,39.422,97.461
221.381,60.871,39.422,97.461
219.011,59.027,39.422,97.461
214.008,55.604,39.422,97.461
207.425,52.707,39.422,97.461
200.315,50.337,39.422,97.461
192.152,47.967,39.422,97.461
184.515,46.124,39.422,97.461
175.299,44.807,39.422,97.461
165.555,41.911,39.422,97.461
156.339,40.594,39.422,97.461
146.596,38.224,39.422,97.461
137.379,36.908,39.422,97.461
128.689,35.064,39.422,97.461
119.999,34.274,39.422,97.461
111.836,32.431,39.422,97.461
103.673,31.641,39.422,97.461
96.563,31.378,39.422,97.461
89.980,31.114,39.422,97.461
87.610,32.431,39.422,97.461
83.660,32.694,39.422,97.461
83.396,33.484,39.422,97.461
83.660,35.328,39.422,97.461
88.136,37.171,39.422,97.461
93.666,39.541,39.422,97.461
96.036,41.911,39.422,97.461
100.513,45.861,39.422,97.461
101.695,50.199,38.582,95.382
106.076,54.581,38.582,95.382
107.232,56.840,37.759,93.348
110.795,61.482,36.954,91.358
112.029,63.703,36.954,91.358
113.264,64.444,36.954,91.358
115.485,64.690,36.954,91.358
117.707,64.937,36.954,91.358
119.766,65.673,36.166,89.409
123.390,64.949,36.166,89.409
128.463,62.775,36.166,89.409
133.536,63.016,36.166,89.409
140.209,62.805,35.394,87.503
146.283,63.510,34.640,85.637
151.605,63.279,34.640,85.637
157.389,60.734,34.640,85.637
160.860,59.577,34.640,85.637
163.683,60.267,33.901,83.811
166.626,59.135,33.901,83.811
168.952,59.810,33.178,82.023
171.656,61.753,32.470,80.274
177.078,62.403,32.470,80.274
181.199,63.922,32.470,80.274
186.621,65.006,32.470,80.274
192.612,66.489,31.778,78.562
197.070,67.975,31.778,78.562
202.114,68.608,31.100,76.887
205.850,68.827,30.437,75.247
209.114,68.258,29.788,73.643
210.109,65.671,29.788,73.643
212.536,66.265,29.153,72.072
213.509,62.565,29.153,72.072
215.885,63.146,28.531,70.535
219.125,64.480,28.531,70.535
221.983,68.863,28.531,70.535
224.842,76.296,28.531,70.535
226.557,86.396,28.531,70.535
227.510,98.022,28.531,70.535
227.701,105.073,28.531,70.535
228.273,112.506,28.531,70.535
225.414,119.176,28.531,70.535
221.412,124.322,28.531,70.535
218.172,125.656,28.531,70.535
215.694,127.752,28.531,70.535
210.168,129.467,28.531,70.535
205.022,129.658,28.531,70.535
198.733,127.943,28.531,70.535
190.538,125.465,28.531,70.535
179.675,124.131,28.531,70.535
170.611,123.597,27.923,69.031
158.487,121.919,27.923,69.031
148.229,120.613,27.923,69.031
137.201,117.933,27.327,67.559
125.336,115.195,27.327,67.559
114.201,112.092,27.327,67.559
103.862,109.640,27.932,69.054
93.190,107.679,27.336,67.581
82.782,107.496,27.336,67.581
77.121,104.758,27.336,67.581
70.365,101.653,27.336,67.581
65.070,99.645,27.336,67.581
62.696,95.445,27.336,67.581
63.609,90.515,27.336,67.581
66.348,84.489,27.336,67.581
71.278,77.733,27.336,67.581
77.669,68.786,27.336,67.581
83.695,60.569,27.336,67.581
89.720,53.813,27.336,67.581
95.746,44.866,27.336,67.581
100.311,37.379,27.336,67.581
103.780,30.258,27.336,67.581
107.980,22.771,27.336,67.581
110.354,16.380,27.336,67.581
116.014,11.815,27.336,67.581
120.354,8.488,26.753,66.140
124.464,8.667,26.753,66.140
129.646,9.203,26.753,66.140
135.544,13.313,26.753,66.140
141.441,19.568,26.753,66.140
146.623,24.750,26.753,66.140
153.235,30.647,26.753,66.140
159.549,37.726,26.183,64.729
166.020,43.847,26.183,64.729
172.807,47.667,26.762,66.161
181.924,53.209,26.762,66.161
190.683,59.108,26.762,66.161
199.085,63.577,26.762,66.161
209.275,68.403,26.762,66.161
217.319,73.230,26.762,66.161
225.006,77.341,26.762,66.161
231.943,80.875,27.354,67.625
238.703,85.078,27.354,67.625
245.464,89.646,27.354,67.625
250.763,94.214,27.354,67.625
255.331,96.954,27.354,67.625
258.802,99.695,27.354,67.625
260.081,102.071,27.354,67.625
258.071,104.446,27.354,67.625
254.234,106.456,27.354,67.625
248.570,107.369,27.354,67.625
241.809,107.917,27.354,67.625
232.597,107.359,27.959,69.121
222.699,106.799,27.959,69.121
214.536,108.076,27.363,67.647
204.849,107.527,27.363,67.647
194.796,108.441,27.363,67.647
186.206,109.721,27.363,67.647
176.519,110.635,27.363,67.647
167.563,111.914,27.363,67.647
157.510,112.462,27.363,67.647
147.457,113.376,27.363,67.647
137.770,112.828,27.363,67.647
129.545,112.280,27.363,67.647
120.954,111.366,27.363,67.647
111.998,110.817,27.363,67.647
105.601,108.441,27.363,67.647
99.570,107.893,27.363,67.647
93.538,105.517,27.363,67.647
88.237,103.872,27.363,67.647
83.668,99.302,27.363,67.647
80.926,95.464,27.363,67.647
75.991,90.529,27.363,67.647
73.250,85.960,27.363,67.647
71.239,80.294,27.363,67.647
69.229,74.627,27.363,67.647
67.584,68.961,27.363,67.647
67.401,62.199,27.363,67.647
67.218,55.801,27.363,67.647
67.401,49.039,27.363,67.647
68.221,43.594,26.780,66.205
68.853,36.737,27.372,67.670
68.304,30.704,27.372,67.670
67.756,25.767,27.372,67.670
66.110,23.024,27.372,67.670
63.733,21.013,27.372,67.670
63.550,21.196,27.372,67.670
61.199,24.561,26.788,66.227
58.157,30.466,26.788,66.227
55.831,34.939,26.788,66.227
53.862,37.981,26.788,66.227
53.286,42.309,26.217,64.814
51.710,45.637,26.217,64.814
52.235,46.863,26.217,64.814
53.461,49.139,26.217,64.814
56.438,51.416,26.217,64.814
58.714,54.043,26.217,64.814
62.742,58.421,26.217,64.814
66.420,63.849,26.217,64.814
69.047,69.979,26.217,64.814
73.075,76.809,26.217,64.814
79.204,82.938,26.217,64.814
85.683,89.067,26.217,64.814
92.863,95.196,26.217,64.814
101.444,99.925,26.217,64.814
109.675,102.201,26.217,64.814
121.058,105.178,26.217,64.814
132.441,106.754,26.217,64.814
143.824,107.280,26.217,64.814
154.857,107.105,26.217,64.814
166.240,103.427,26.217,64.814
176.222,99.399,26.217,64.814
184.452,95.021,26.217,64.814
191.282,90.643,26.217,64.814
196.711,88.717,26.217,64.814
201.089,86.440,26.217,64.814
203.015,85.214,26.217,64.814
203.190,82.938,26.217,64.814
201.614,79.610,26.217,64.814
198.637,76.283,26.217,64.814
193.559,74.357,26.217,64.814
188.480,70.329,26.217,64.814
182.351,66.651,26.217,64.814
175.521,62.624,26.217,64.814
169.742,59.647,26.217,64.814
163.613,56.669,26.217,64.814
156.783,55.093,26.217,64.814
150.303,55.969,26.217,64.814
141.722,56.494,26.217,64.814
135.243,59.121,26.217,64.814
128.413,63.499,26.217,64.814
122.284,69.628,26.217,64.814
117.556,75.057,26.217,64.814
114.578,81.187,26.217,64.814
113.353,86.615,26.217,64.814
113.528,89.592,26.217,64.814
117.556,93.970,26.217,64.814
123.335,95.196,26.217,64.814
130.515,96.422,26.217,64.814
139.446,97.648,26.217,64.814
148.727,97.473,26.217,64.814
159.410,97.648,26.217,64.814
169.042,95.722,26.217,64.814
178.018,95.550,26.797,66.248
186.430,95.729,26.797,66.248
194.127,96.982,26.797,66.248
200.392,97.877,26.797,66.248
206.299,99.488,26.797,66.248
210.058,102.531,26.797,66.248
213.101,105.574,26.797,66.248
213.996,110.764,26.797,66.248
213.101,114.881,26.797,66.248
209.342,117.924,26.797,66.248
203.435,121.325,26.797,66.248
196.454,123.652,26.797,66.248
190.189,125.263,26.797,66.248
182.851,125.800,26.797,66.248
175.512,126.695,26.797,66.248
168.173,126.516,26.797,66.248
157.970,124.189,26.797,66.248
147.051,121.504,26.797,66.248
138.280,118.819,26.797,66.248
129.509,114.702,26.797,66.248
119.742,108.584,27.390,67.714
108.947,103.644,27.390,67.714
99.251,97.607,27.390,67.714
90.902,93.215,26.806,66.270
83.919,85.515,26.806,66.270
77.294,79.248,26.806,66.270
72.101,72.265,26.806,66.270
67.625,65.640,26.806,66.270
66.371,59.731,26.806,66.270
67.983,53.822,26.806,66.270
71.385,48.630,26.806,66.270
76.936,43.795,26.806,66.270
82.128,39.319,26.806,66.270
87.321,34.842,26.806,66.270
92.871,31.440,26.806,66.270
97.706,27.680,26.806,66.270
101.466,25.353,26.806,66.270
106.301,23.741,26.806,66.270
110.061,24.278,26.806,66.270
113.821,24.815,26.806,66.270
116.507,28.217,26.806,66.270
121.699,31.261,26.806,66.270
124.743,35.738,26.806,66.270
129.220,41.288,26.806,66.270
133.696,45.407,26.806,66.270
136.382,49.525,26.806,66.270
140.500,53.285,26.806,66.270
143.902,55.255,26.806,66.270
146.230,57.224,26.806,66.270
149.632,58.478,26.806,66.270
151.602,60.089,26.806,66.270
153.571,60.985,26.806,66.270
156.615,62.596,26.806,66.270
157.152,63.849,26.806,66.270
