177.000,128.000,29.000,18.000
177.276,125.703,29.000,18.000
176.816,123.773,29.000,18.000
177.276,123.498,29.000,18.000
176.265,122.671,29.000,18.000
176.541,120.190,29.000,18.000
177.735,119.914,29.000,18.000
179.416,119.048,29.642,18.398
180.449,116.512,29.642,18.398
180.919,113.976,29.642,18.398
181.764,113.695,29.642,18.398
184.067,113.004,30.297,18.805
188.195,112.332,30.297,18.805
192.515,109.932,30.297,18.805
197.794,109.260,30.297,18.805
201.922,107.820,30.297,18.805
202.786,107.340,30.297,18.805
200.758,106.037,30.968,19.221
198.305,105.350,30.968,19.221
194.478,104.859,30.968,19.221
193.423,104.952,31.653,19.647
194.125,104.250,31.653,19.647
196.584,105.593,32.353,20.081
197.822,106.754,33.069,20.526
198.217,107.940,33.801,20.980
196.182,109.332,33.801,20.980
194.790,110.510,33.801,20.980
193.860,110.167,34.549,21.444
193.313,109.620,34.549,21.444
192.766,110.167,34.549,21.444
192.875,109.620,34.549,21.444
193.860,111.043,34.549,21.444
195.940,111.152,34.549,21.444
197.801,112.356,34.549,21.444
199.577,112.687,35.313,21.918
203.493,113.022,35.313,21.918
205.618,114.253,35.313,21.918
206.849,114.813,35.313,21.918
207.856,116.491,35.313,21.918
208.416,119.512,35.313,21.918
208.751,122.085,35.313,21.918
207.073,123.763,35.313,21.918
204.947,125.889,35.313,21.918
203.045,127.568,35.313,21.918
204.723,128.575,35.313,21.918
213.735,130.073,36.094,22.403
225.514,132.246,36.094,22.403
230.432,132.818,36.094,22.403
229.825,134.490,35.325,21.926
223.893,136.169,35.325,21.926
217.513,137.176,35.325,21.926
215.387,137.064,35.325,21.926
218.185,137.624,35.325,21.926
223.221,138.631,35.325,21.926
224.453,139.862,35.325,21.926
222.774,141.317,35.325,21.926
221.543,143.444,35.325,21.926
222.998,148.033,35.325,21.926
225.124,154.412,35.325,21.926
226.579,160.792,35.325,21.926
221.319,161.351,35.325,21.926
208.448,160.568,35.325,21.926
199.830,159.113,35.325,21.926
202.180,158.777,35.325,21.926
204.306,156.203,35.325,21.926
206.657,156.539,35.325,21.926
216.394,156.651,35.325,21.926
225.908,156.539,35.325,21.926
230.496,156.203,35.325,21.926
228.594,155.867,35.325,21.926
222.662,153.293,35.325,21.926
217.178,150.495,35.325,21.926
215.499,149.040,35.325,21.926
214.491,146.913,35.325,21.926
216.170,147.249,35.325,21.926
218.521,148.256,35.325,21.926
223.109,150.383,35.325,21.926
221.207,151.838,35.325,21.926
218.856,151.950,35.325,21.926
216.954,151.614,35.325,21.926
217.513,151.278,35.325,21.926
218.968,151.614,35.325,21.926
220.423,150.607,35.325,21.926
222.326,149.823,35.325,21.926
224.453,149.711,35.325,21.926
229.041,150.047,35.325,21.926
237.659,150.159,35.325,21.926
246.949,150.495,35.325,21.926
252.209,151.726,35.325,21.926
253.217,150.943,35.325,21.926
249.523,149.711,35.325,21.926
246.949,148.256,35.325,21.926
247.509,149.040,35.325,21.926
248.516,150.271,35.325,21.926
248.404,151.502,35.325,21.926
246.725,152.286,35.325,21.926
246.837,151.054,35.325,21.926
245.830,150.495,35.325,21.926
244.599,151.726,35.325,21.926
243.144,152.286,35.325,21.926
242.584,155.084,35.325,21.926
243.815,158.777,35.325,21.926
242.584,162.918,35.325,21.926
237.548,167.507,35.325,21.926
227.363,172.096,35.325,21.926
216.506,174.894,35.325,21.926
211.470,177.021,35.325,21.926
210.686,178.252,35.325,21.926
215.051,178.364,35.325,21.926
218.744,177.132,35.325,21.926
217.737,176.797,35.325,21.926
211.805,177.580,35.325,21.926
209.007,178.364,35.325,21.926
208.000,177.580,35.325,21.926
209.231,173.887,35.325,21.926
209.068,170.992,34.571,21.458
208.276,168.793,33.834,21.000
207.311,168.471,33.834,21.000
210.048,170.245,33.112,20.553
215.399,170.979,33.112,20.553
222.729,171.502,32.406,20.114
222.421,170.988,32.406,20.114
205.479,155.484,32.406,20.114
210.716,155.792,32.406,20.114
218.211,156.100,32.406,20.114
224.885,154.765,32.406,20.114
231.025,155.928,33.123,20.559
237.518,156.462,33.856,21.014
245.046,157.899,34.605,21.479
252.512,162.098,35.371,21.954
257.818,163.367,36.153,22.440
259.201,166.090,36.953,22.937
255.805,168.080,36.953,22.937
252.878,168.197,36.953,22.937
255.103,169.017,36.953,22.937
260.137,168.900,36.953,22.937
263.064,169.251,36.953,22.937
264.118,170.071,36.953,22.937
266.109,169.485,36.953,22.937
267.865,169.368,36.953,22.937
270.089,168.080,36.953,22.937
272.782,166.558,36.953,22.937
271.963,165.504,36.953,22.937
270.675,165.621,36.953,22.937
268.450,163.865,36.953,22.937
268.099,163.046,36.953,22.937
264.938,162.694,36.953,22.937
262.713,161.172,36.953,22.937
261.191,161.524,36.953,22.937
259.903,161.875,36.953,22.937
257.679,161.524,36.953,22.937
254.283,162.811,36.953,22.937
250.419,163.163,36.953,22.937
245.385,164.216,36.953,22.937
239.882,165.270,36.953,22.937
232.306,165.624,37.771,23.444
226.442,166.462,37.771,23.444
223.690,167.060,37.771,23.444
222.134,166.940,37.771,23.444
222.971,167.539,37.771,23.444
221.655,168.137,37.771,23.444
220.578,168.017,37.771,23.444
220.458,168.137,37.771,23.444
217.945,168.496,37.771,23.444
215.911,168.616,37.771,23.444
214.594,168.496,37.771,23.444
212.799,168.376,37.771,23.444
210.286,168.017,37.771,23.444
209.688,167.658,37.771,23.444
208.850,168.257,37.771,23.444
209.688,168.616,37.771,23.444
207.653,169.693,37.771,23.444
205.379,170.291,37.771,23.444
203.584,170.650,37.771,23.444
202.029,171.009,37.771,23.444
199.037,171.129,37.771,23.444
197.481,171.009,37.771,23.444
196.883,170.411,37.771,23.444
196.284,170.531,37.771,23.444
196.883,170.172,37.771,23.444
196.284,168.616,37.771,23.444
195.925,168.735,37.771,23.444
193.891,168.137,37.771,23.444
192.335,166.342,37.771,23.444
191.019,165.744,37.771,23.444
189.702,165.145,37.771,23.444
190.540,162.871,37.771,23.444
192.814,161.555,37.771,23.444
193.891,161.675,37.771,23.444
191.856,160.119,37.771,23.444
190.759,158.177,36.965,22.944
191.111,156.420,36.965,22.944
192.973,155.197,36.177,22.455
193.775,153.249,36.177,22.455
196.182,150.842,36.177,22.455
197.443,148.205,36.177,22.455
198.704,146.028,36.177,22.455
199.965,143.162,36.177,22.455
199.850,140.526,36.177,22.455
202.486,138.348,36.177,22.455
204.206,136.170,36.177,22.455
205.008,133.992,36.177,22.455
205.581,131.356,36.177,22.455
207.071,129.866,36.177,22.455
208.561,127.688,36.177,22.455
211.198,127.115,36.177,22.455
213.376,124.937,36.177,22.455
215.553,123.217,36.177,22.455
217.961,122.644,36.177,22.455
219.221,121.613,36.177,22.455
221.927,119.974,35.406,21.976
226.078,117.842,35.406,21.976
230.672,116.022,34.651,21.507
234.534,114.241,33.912,21.049
237.435,112.415,33.912,21.049
238.617,110.373,33.912,21.049
239.914,107.353,34.662,21.514
241.695,105.406,35.429,21.990
243.283,103.882,36.213,22.477
245.144,103.038,37.014,22.974
245.965,102.686,37.014,22.974
247.624,103.527,37.833,23.483
248.943,104.366,37.833,23.483
249.892,102.241,38.670,24.002
250.260,100.403,38.670,24.002
253.078,97.830,38.670,24.002
256.443,95.606,37.845,23.490
259.042,95.279,37.038,22.989
259.863,94.223,37.038,22.989
261.858,93.401,37.038,22.989
263.384,92.345,37.038,22.989
263.267,91.289,37.038,22.989
264.088,89.998,37.038,22.989
263.971,88.942,37.038,22.989
265.027,87.181,37.038,22.989
263.971,85.186,37.038,22.989
265.731,84.130,37.038,22.989
265.614,82.135,37.038,22.989
266.905,81.548,37.038,22.989
267.961,80.962,37.038,22.989
268.548,80.140,37.038,22.989
267.726,77.441,37.038,22.989
268.313,77.089,37.038,22.989
267.726,75.563,37.038,22.989
267.843,74.742,37.038,22.989
269.134,73.686,37.038,22.989
268.313,72.160,37.038,22.989
268.900,70.635,37.038,22.989
269.486,70.283,37.038,22.989
268.900,69.226,37.038,22.989
270.190,68.640,37.038,22.989
269.369,68.288,37.038,22.989
270.660,68.170,37.038,22.989
271.481,68.053,37.038,22.989
272.537,67.936,37.038,22.989
271.951,68.288,37.038,22.989
273.007,67.466,37.038,22.989
271.716,66.410,37.038,22.989
273.007,65.588,37.038,22.989
273.828,65.706,37.038,22.989
275.354,64.180,37.038,22.989
276.175,63.828,37.038,22.989
276.293,64.180,37.038,22.989
276.880,64.298,37.038,22.989
276.762,64.650,37.038,22.989
277.349,65.471,37.038,22.989
276.527,65.823,37.038,22.989
276.880,66.175,37.038,22.989
277.466,65.823,37.038,22.989
276.410,65.941,37.038,22.989
276.058,64.884,37.038,22.989
275.237,64.063,37.038,22.989
274.885,62.772,37.038,22.989
275.706,62.655,37.038,22.989
274.885,61.833,37.038,22.989
275.471,61.481,37.038,22.989
275.119,61.129,37.038,22.989
274.532,60.308,37.038,22.989
274.885,60.425,37.038,22.989
275.471,61.012,37.038,22.989
273.476,61.598,37.038,22.989
274.532,63.359,37.038,22.989
275.119,65.119,37.038,22.989
275.237,66.175,37.038,22.989
276.527,67.231,37.038,22.989
277.818,68.522,37.038,22.989
279.109,69.578,37.038,22.989
279.461,70.400,37.038,22.989
280.517,70.987,37.038,22.989
281.339,72.278,37.038,22.989
281.691,73.099,37.038,22.989
282.512,73.451,37.038,22.989
282.395,74.038,37.038,22.989
282.982,74.859,37.038,22.989
282.630,76.385,37.038,22.989
283.451,76.972,37.038,22.989
283.569,78.263,37.038,22.989
284.155,78.615,37.038,22.989
283.803,79.671,37.038,22.989
284.625,80.492,37.038,22.989
284.507,81.079,37.038,22.989
284.155,81.900,37.038,22.989
282.395,83.426,37.038,22.989
281.574,83.778,37.038,22.989
280.752,84.365,37.038,22.989
279.696,84.482,37.038,22.989
277.701,84.600,37.038,22.989
275.471,84.482,37.038,22.989
273.476,83.895,37.038,22.989
271.716,83.309,37.038,22.989
269.721,81.548,37.038,22.989
268.430,81.196,37.038,22.989
266.435,79.671,37.038,22.989
265.144,79.319,37.038,22.989
263.149,77.089,37.038,22.989
262.328,75.798,37.038,22.989
260.802,75.681,37.038,22.989
259.981,74.390,37.038,22.989
259.159,73.334,37.038,22.989
257.634,72.278,37.038,22.989
257.986,70.987,37.038,22.989
256.930,70.635,37.038,22.989
257.751,69.109,37.038,22.989
257.399,67.818,37.038,22.989
256.343,67.701,37.038,22.989
256.695,66.879,37.038,22.989
257.047,66.762,37.038,22.989
255.756,65.941,37.038,22.989
256.108,65.823,37.038,22.989
254.817,65.471,37.038,22.989
254.230,64.415,37.038,22.989
253.644,63.359,37.038,22.989
253.996,62.772,37.038,22.989
253.174,62.185,37.038,22.989
254.465,60.425,37.038,22.989
255.991,59.838,37.038,22.989
256.812,59.956,37.038,22.989
257.634,58.899,37.038,22.989
257.282,58.782,37.038,22.989
255.991,58.195,37.038,22.989
255.404,57.843,37.038,22.989
255.521,58.195,37.038,22.989
255.404,57.843,37.038,22.989
254.817,58.430,37.038,22.989
255.404,58.313,37.038,22.989
255.052,57.961,37.038,22.989
254.230,58.313,37.038,22.989
254.583,57.491,37.038,22.989
254.465,57.608,37.038,22.989
253.644,57.726,37.038,22.989
253.292,57.608,37.038,22.989
252.001,57.726,37.038,22.989
250.945,57.843,37.038,22.989
251.531,57.961,37.038,22.989
250.241,58.078,37.038,22.989
248.950,57.256,37.038,22.989
248.598,57.374,37.038,22.989
247.307,57.256,37.038,22.989
246.016,56.904,37.038,22.989
244.490,57.022,37.038,22.989
244.138,55.966,37.038,22.989
242.847,56.083,37.038,22.989
242.730,55.496,37.038,22.989
241.204,55.614,37.038,22.989
239.209,55.731,37.038,22.989
237.919,55.848,37.038,22.989
237.332,56.200,37.038,22.989
235.337,55.848,37.038,22.989
234.281,56.200,37.038,22.989
233.224,55.848,37.038,22.989
232.168,56.200,37.038,22.989
230.877,55.614,37.038,22.989
230.525,55.966,37.038,22.989
229.235,56.552,37.038,22.989
228.178,56.435,37.038,22.989
226.653,56.552,37.038,22.989
225.831,56.904,37.038,22.989
225.010,57.022,37.038,22.989
223.015,55.966,37.038,22.989
221.959,56.787,37.038,22.989
221.841,56.435,37.038,22.989
220.316,56.083,37.038,22.989
218.555,55.966,37.038,22.989
217.499,56.552,37.038,22.989
217.147,56.435,37.038,22.989
215.387,56.552,37.038,22.989
214.096,57.139,37.038,22.989
213.040,57.256,37.038,22.989
211.984,57.609,37.038,22.989
211.397,58.195,37.038,22.989
211.514,58.547,37.038,22.989
210.693,59.369,37.038,22.989
210.575,59.721,37.038,22.989
209.754,60.308,37.038,22.989
210.106,60.660,37.038,22.989
209.050,61.481,37.038,22.989
208.463,62.068,37.038,22.989
208.111,62.420,37.038,22.989
206.820,63.241,37.038,22.989
207.172,63.359,37.038,22.989
206.116,63.946,37.038,22.989
205.295,65.002,37.038,22.989
205.412,65.823,37.038,22.989
205.060,66.175,37.038,22.989
204.473,66.058,37.038,22.989
205.060,66.410,37.038,22.989
204.473,67.231,37.038,22.989
204.591,68.053,37.038,22.989
204.238,68.405,37.038,22.989
203.886,69.226,37.038,22.989
204.943,69.578,37.038,22.989
204.825,70.165,37.038,22.989
204.708,70.048,37.038,22.989
205.060,70.400,37.038,22.989
204.473,71.221,37.038,22.989
205.529,71.339,37.038,22.989
205.881,71.925,37.038,22.989
207.172,72.512,37.038,22.989
206.820,72.160,37.038,22.989
207.642,71.808,37.038,22.989
208.228,72.160,37.038,22.989
208.815,71.808,37.038,22.989
210.341,72.160,37.038,22.989
210.693,71.573,37.038,22.989
212.218,71.925,37.038,22.989
212.336,72.278,37.038,22.989
212.688,71.691,37.038,22.989
213.509,71.808,37.038,22.989
213.861,71.926,37.038,22.989
214.918,72.043,37.038,22.989
215.739,70.517,37.038,22.989
216.560,70.400,37.038,22.989
217.617,69.813,37.038,22.989
218.908,69.461,37.038,22.989
220.198,68.640,37.038,22.989
220.785,68.288,37.038,22.989
222.545,66.527,37.038,22.989
223.602,66.175,37.038,22.989
224.658,65.588,37.038,22.989
225.714,65.471,37.038,22.989
226.535,64.650,37.038,22.989
227.357,64.298,37.038,22.989
227.240,63.476,37.038,22.989
228.061,63.359,37.038,22.989
229.474,63.265,36.248,22.499
229.129,62.001,36.248,22.499
229.933,61.886,36.248,22.499
229.589,61.082,36.248,22.499
231.082,60.278,36.248,22.499
230.048,59.704,36.248,22.499
229.933,59.819,36.248,22.499
227.774,57.956,35.475,22.019
226.088,58.293,35.475,22.019
225.076,57.056,35.475,22.019
224.065,56.045,35.475,22.019
224.851,55.708,35.475,22.019
225.863,56.045,35.475,22.019
228.083,54.655,34.719,21.550
230.173,55.205,34.719,21.550
231.383,53.555,34.719,21.550
232.373,53.445,34.719,21.550
233.363,52.455,34.719,21.550
234.793,51.684,34.719,21.550
236.883,50.914,34.719,21.550
238.973,49.044,34.719,21.550
240.623,48.274,34.719,21.550
242.273,47.944,34.719,21.550
243.924,46.734,34.719,21.550
246.014,46.184,34.719,21.550
247.664,46.074,34.719,21.550
249.094,45.304,34.719,21.550
250.964,44.754,34.719,21.550
252.394,43.764,34.719,21.550
253.824,42.994,34.719,21.550
255.914,42.224,34.719,21.550
257.784,42.114,34.719,21.550
259.874,40.684,34.719,21.550
261.964,40.354,34.719,21.550
264.054,38.924,34.719,21.550
265.924,37.714,34.719,21.550
268.945,37.202,33.979,21.090
271.421,35.587,33.979,21.090
274.585,35.915,33.254,20.640
276.869,35.018,32.545,20.200
