256.000,152.000,73.000,210.000
255.459,152.541,73.000,210.000
256.000,153.081,73.000,210.000
255.459,153.622,73.000,210.000
256.000,154.162,73.000,210.000
255.459,153.622,73.000,210.000
256.000,154.162,73.000,210.000
255.459,153.622,73.000,210.000
254.919,154.162,73.000,210.000
255.459,153.622,73.000,210.000
254.919,154.162,73.000,210.000
254.378,153.622,73.000,210.000
254.919,154.162,73.000,210.000
254.378,153.622,73.000,210.000
254.919,154.162,73.000,210.000
254.378,153.622,73.000,210.000
254.919,154.162,73.000,210.000
254.378,153.622,73.000,210.000
254.919,154.162,73.000,210.000
254.378,153.622,73.000,210.000
254.919,154.162,73.000,210.000
254.378,153.622,73.000,210.000
254.919,154.162,73.000,210.000
254.378,153.622,73.000,210.000
254.919,154.162,73.000,210.000
254.378,153.622,73.000,210.000
254.919,154.162,73.000,210.000
254.378,153.622,73.000,210.000
254.919,154.162,73.000,210.000
254.378,153.622,73.000,210.000
254.919,154.162,73.000,210.000
254.378,153.622,73.000,210.000
254.919,154.162,73.000,210.000
254.378,153.622,73.000,210.000
254.919,154.162,73.000,210.000
254.378,154.703,73.000,210.000
254.919,154.162,73.000,210.000
254.378,153.622,73.000,210.000
254.919,154.162,73.000,210.000
254.378,153.622,73.000,210.000
254.919,154.162,73.000,210.000
254.378,153.622,73.000,210.000
254.919,154.162,73.000,210.000
254.378,153.622,73.000,210.000
254.919,154.162,73.000,210.000
254.378,153.622,73.000,210.000
254.919,154.162,73.000,210.000
254.378,153.622,73.000,210.000
254.919,154.162,73.000,210.000
254.378,153.622,73.000,210.000
254.919,154.162,73.000,210.000
254.378,154.703,73.000,210.000
254.919,154.162,73.000,210.000
254.378,153.622,73.000,210.000
254.919,154.162,73.000,210.000
254.378,153.622,73.000,210.000
254.919,154.162,73.000,210.000
254.378,153.622,73.000,210.000
254.919,154.162,73.000,210.000
254.378,154.703,73.000,210.000
254.919,154.162,73.000,210.000
254.378,153.622,73.000,210.000
254.919,154.162,73.000,210.000
254.378,153.622,73.000,210.000
254.919,154.162,73.000,210.000
254.378,153.622,73.000,210.000
254.919,154.162,73.000,210.000
254.378,154.703,73.000,210.000
254.919,154.162,73.000,210.000
254.378,154.703,73.000,210.000
254.919,154.162,73.000,210.000
254.378,154.703,73.000,210.000
254.919,154.162,73.000,210.000
254.378,154.703,73.000,210.000
254.919,154.162,73.000,210.000
254.378,153.622,73.000,210.000
254.919,154.162,73.000,210.000
254.378,153.622,73.000,210.000
254.919,154.162,73.000,210.000
254.378,154.703,73.000,210.000
254.919,154.162,73.000,210.000
254.378,154.703,73.000,210.000
254.919,154.162,73.000,210.000
254.378,154.703,73.000,210.000
253.838,154.162,73.000,210.000
253.297,153.622,73.000,210.000
253.838,154.162,73.000,210.000
254.378,153.622,73.000,210.000
254.919,154.162,73.000,210.000
254.378,153.622,73.000,210.000
254.919,154.162,73.000,210.000
254.378,154.703,73.000,210.000
254.919,154.162,73.000,210.000
254.378,154.703,73.000,210.000
254.919,154.162,73.000,210.000
254.378,154.703,73.000,210.000
254.919,154.162,73.000,210.000
254.378,154.703,73.000,210.000
254.919,154.162,73.000,210.000
254.378,154.703,73.000,210.000
254.919,154.162,73.000,210.000
254.378,153.622,73.000,210.000
254.919,154.162,73.000,210.000
254.378,153.622,73.000,210.000
253.838,154.162,73.000,210.000
254.378,153.622,73.000,210.000
254.919,154.162,73.000,210.000
254.378,153.622,73.000,210.000
254.919,154.162,73.000,210.000
254.378,153.622,73.000,210.000
254.919,154.162,73.000,210.000
254.378,153.622,73.000,210.000
254.919,154.162,73.000,210.000
254.378,153.622,73.000,210.000
254.919,154.162,73.000,210.000
255.459,153.622,73.000,210.000
254.919,154.162,73.000,210.000
254.378,153.622,73.000,210.000
254.919,154.162,73.000,210.000
254.378,153.622,73.000,210.000
254.919,154.162,73.000,210.000
254.378,153.622,73.000,210.000
254.919,154.162,73.000,210.000
254.378,153.622,73.000,210.000
254.919,154.162,73.000,210.000
254.378,153.622,73.000,210.000
254.919,154.162,73.000,210.000
254.378,154.703,73.000,210.000
254.919,154.162,73.000,210.000
254.378,154.703,73.000,210.000
254.919,154.162,73.000,210.000
254.378,153.622,73.000,210.000
254.919,154.162,73.000,210.000
254.378,153.622,73.000,210.000
254.919,154.162,73.000,210.000
254.378,153.622,73.000,210.000
254.919,154.162,73.000,210.000
254.378,154.703,73.000,210.000
254.919,154.162,73.000,210.000
254.378,153.622,73.000,210.000
254.919,154.162,73.000,210.000
254.378,153.622,73.000,210.000
254.919,154.162,73.000,210.000
254.378,153.622,73.000,210.000
254.919,154.162,73.000,210.000
254.378,153.622,73.000,210.000
254.919,154.162,73.000,210.000
254.378,154.703,73.000,210.000
254.919,154.162,73.000,210.000
254.378,153.622,73.000,210.000
254.919,154.162,73.000,210.000
254.378,154.703,73.000,210.000
254.919,154.162,73.000,210.000
254.378,153.622,73.000,210.000
254.919,154.162,73.000,210.000
254.378,153.622,73.000,210.000
254.919,154.162,73.000,210.000
254.378,154.703,73.000,210.000
254.919,154.162,73.000,210.000
254.378,154.703,73.000,210.000
254.919,154.162,73.000,210.000
254.378,154.703,73.000,210.000
254.919,154.162,73.000,210.000
254.378,154.703,73.000,210.000
254.919,154.162,73.000,210.000
254.378,153.622,73.000,210.000
254.919,154.162,73.000,210.000
254.378,153.622,73.000,210.000
254.919,154.162,73.000,210.000
254.378,153.622,73.000,210.000
254.919,154.162,73.000,210.000
254.378,153.622,73.000,210.000
254.919,154.162,73.000,210.000
254.378,153.622,73.000,210.000
254.919,154.162,73.000,210.000
254.378,153.622,73.000,210.000
254.919,154.162,73.000,210.000
254.378,154.703,73.000,210.000
254.919,154.162,73.000,210.000
254.378,154.703,73.000,210.000
254.919,154.162,73.000,210.000
254.378,154.703,73.000,210.000
254.919,154.162,73.000,210.000
254.378,154.703,73.000,210.000
254.919,154.162,73.000,210.000
254.378,154.703,73.000,210.000
254.919,154.162,73.000,210.000
254.378,153.622,73.000,210.000
254.919,154.162,73.000,210.000
254.378,154.703,73.000,210.000
254.919,154.162,73.000,210.000
254.378,154.703,73.000,210.000
254.919,154.162,73.000,210.000
254.378,154.703,73.000,210.000
254.919,154.162,73.000,210.000
254.378,153.622,73.000,210.000
254.919,154.162,73.000,210.000
254.378,153.622,73.000,210.000
254.919,154.162,73.000,210.000
254.378,154.703,73.000,210.000
253.838,154.162,73.000,210.000
253.297,153.622,73.000,210.000
253.838,154.162,73.000,210.000
254.378,154.703,73.000,210.000
253.838,155.243,73.000,210.000
254.378,154.703,73.000,210.000
253.838,154.162,73.000,210.000
254.378,153.622,73.000,210.000
254.919,154.162,73.000,210.000
254.378,154.703,73.000,210.000
253.838,154.162,73.000,210.000
254.378,153.622,73.000,210.000
254.919,154.162,73.000,210.000
254.378,154.703,73.000,210.000
254.919,155.243,73.000,210.000
254.378,154.703,73.000,210.000
254.919,154.162,73.000,210.000
254.378,154.703,73.000,210.000
254.919,154.162,73.000,210.000
254.378,154.703,73.000,210.000
254.919,154.162,73.000,210.000
254.378,154.703,73.000,210.000
253.838,155.243,73.000,210.000
253.297,155.784,73.000,210.000
253.838,155.243,73.000,210.000
253.297,154.703,73.000,210.000
253.838,154.162,73.000,210.000
253.297,153.622,73.000,210.000
253.838,154.162,73.000,210.000
253.297,153.622,73.000,210.000
253.838,154.162,73.000,210.000
253.297,153.622,73.000,210.000
253.838,154.162,73.000,210.000
253.297,154.703,73.000,210.000
253.838,154.162,73.000,210.000
253.297,154.703,73.000,210.000
253.838,154.162,73.000,210.000
253.297,154.703,73.000,210.000
253.838,155.243,73.000,210.000
253.297,154.703,73.000,210.000
253.838,155.243,73.000,210.000
253.297,154.703,73.000,210.000
253.838,155.243,73.000,210.000
253.297,154.703,73.000,210.000
253.838,154.162,73.000,210.000
253.297,153.622,73.000,210.000
253.838,154.162,73.000,210.000
253.297,153.622,73.000,210.000
253.838,154.162,73.000,210.000
253.297,153.622,73.000,210.000
253.838,154.162,73.000,210.000
253.297,153.622,73.000,210.000
253.838,154.162,73.000,210.000
253.297,154.703,73.000,210.000
253.838,154.162,73.000,210.000
253.297,154.703,73.000,210.000
253.838,154.162,73.000,210.000
253.297,154.703,73.000,210.000
253.838,154.162,73.000,210.000
253.297,153.622,73.000,210.000
253.838,154.162,73.000,210.000
253.297,153.622,73.000,210.000
253.838,154.162,73.000,210.000
253.297,153.622,73.000,210.000
253.838,154.162,73.000,210.000
253.297,153.622,73.000,210.000
253.838,154.162,73.000,210.000
253.297,153.622,73.000,210.000
253.838,154.162,73.000,210.000
253.297,153.622,73.000,210.000
253.838,154.162,73.000,210.000
253.297,153.622,73.000,210.000
253.838,154.162,73.000,210.000
253.297,154.703,73.000,210.000
253.838,154.162,73.000,210.000
253.297,154.703,73.000,210.000
253.838,154.162,73.000,210.000
253.297,153.622,73.000,210.000
253.838,154.162,73.000,210.000
253.297,153.622,73.000,210.000
253.838,154.162,73.000,210.000
253.297,153.622,73.000,210.000
253.838,154.162,73.000,210.000
253.297,153.622,73.000,210.000
253.838,154.162,73.000,210.000
253.297,153.622,73.000,210.000
253.838,154.162,73.000,210.000
253.297,153.622,73.000,210.000
253.838,154.162,73.000,210.000
253.297,154.703,73.000,210.000
253.838,154.162,73.000,210.000
253.297,153.622,73.000,210.000
253.838,154.162,73.000,210.000
253.297,153.622,73.000,210.000
253.838,154.162,73.000,210.000
253.297,153.622,73.000,210.000
253.838,154.162,73.000,210.000
253.297,153.622,73.000,210.000
253.838,154.162,73.000,210.000
253.297,153.622,73.000,210.000
253.838,154.162,73.000,210.000
253.297,153.622,73.000,210.000
253.838,154.162,73.000,210.000
253.297,153.622,73.000,210.000
253.838,154.162,73.000,210.000
253.297,153.622,73.000,210.000
253.838,153.081,73.000,210.000
253.297,152.541,73.000,210.000
253.838,152.000,73.000,210.000
253.297,152.541,73.000,210.000
253.838,152.000,73.000,210.000
253.297,152.541,73.000,210.000
252.757,152.000,73.000,210.000
252.216,151.459,73.000,210.000
251.676,150.919,73.000,210.000
251.933,151.595,71.443,205.522
251.404,150.008,71.443,205.522
250.875,148.421,71.443,205.522
250.346,146.834,71.443,205.522
250.875,145.247,71.443,205.522
251.127,145.909,69.920,201.139
251.374,144.561,68.429,196.850
251.880,143.041,68.429,196.850
251.374,138.481,68.429,196.850
250.867,135.947,68.429,196.850
250.360,131.387,68.429,196.850
249.854,130.880,68.429,196.850
248.334,122.267,68.429,196.850
246.814,118.720,68.429,196.850
245.293,114.160,68.429,196.850
243.773,111.627,68.429,196.850
241.439,103.667,69.943,201.205
239.886,102.113,69.943,201.205
235.351,96.126,71.490,205.656
233.562,95.768,69.966,201.271
228.900,93.178,69.966,201.271
140.516,171.036,71.514,205.724
139.987,171.565,71.514,205.724
140.516,171.036,71.514,205.724
139.987,171.565,71.514,205.724
139.457,172.095,71.514,205.724
139.216,169.270,73.096,210.276
138.969,166.382,74.713,214.928
139.522,165.829,74.713,214.928
138.969,166.382,74.713,214.928
139.522,165.829,74.713,214.928
138.969,166.382,74.713,214.928
138.415,165.829,74.713,214.928
137.862,166.382,74.713,214.928
138.415,166.935,74.713,214.928
137.862,166.382,74.713,214.928
138.415,166.935,74.713,214.928
138.969,166.382,74.713,214.928
138.415,165.829,74.713,214.928
137.862,166.382,74.713,214.928
138.415,165.829,74.713,214.928
137.862,166.382,74.713,214.928
138.415,165.829,74.713,214.928
137.862,166.382,74.713,214.928
138.415,166.935,74.713,214.928
137.862,167.488,74.713,214.928
137.309,166.935,74.713,214.928
136.756,167.488,74.713,214.928
137.309,168.041,74.713,214.928
136.756,168.595,74.713,214.928
137.309,168.041,74.713,214.928
137.572,170.866,73.120,210.345
138.114,170.325,73.120,210.345
138.655,171.949,73.120,210.345
139.197,171.408,73.120,210.345
138.655,169.783,73.120,210.345
138.114,170.325,73.120,210.345
137.572,170.866,73.120,210.345
138.114,170.325,73.120,210.345
138.655,170.866,73.120,210.345
139.197,170.325,73.120,210.345
138.655,170.866,73.120,210.345
139.197,170.325,73.120,210.345
138.655,170.866,73.120,210.345
139.197,170.325,73.120,210.345
138.655,170.866,73.120,210.345
139.197,170.325,73.120,210.345
138.655,170.866,73.120,210.345
139.197,170.325,73.120,210.345
139.738,170.866,73.120,210.345
139.197,170.325,73.120,210.345
138.655,170.866,73.120,210.345
139.197,169.242,73.120,210.345
139.738,169.783,73.120,210.345
140.279,170.325,73.120,210.345
139.738,169.783,73.120,210.345
140.279,170.325,73.120,210.345
139.738,169.783,73.120,210.345
139.197,170.325,73.120,210.345
138.655,170.866,73.120,210.345
139.197,169.242,73.120,210.345
139.738,169.783,73.120,210.345
139.197,170.325,73.120,210.345
138.655,170.866,73.120,210.345
139.197,170.325,73.120,210.345
138.655,170.866,73.120,210.345
139.197,170.325,73.120,210.345
138.655,170.866,73.120,210.345
139.197,171.408,73.120,210.345
138.655,170.866,73.120,210.345
139.957,174.675,71.560,205.859
139.715,171.848,73.144,210.413
140.256,172.389,73.144,210.413
138.885,169.500,74.762,215.069
138.332,168.946,74.762,215.069
136.930,165.992,76.416,219.827
135.498,162.974,78.107,224.691
134.920,161.239,78.107,224.691
134.341,162.974,78.107,224.691
132.877,161.088,79.835,229.662
131.381,156.707,81.601,234.744
54.627,132.170,83.407,239.937
58.950,132.788,83.407,239.937
65.744,134.641,83.407,239.937
73.772,135.258,83.407,239.937
84.271,134.641,83.407,239.937
93.535,134.023,83.407,239.937
103.504,129.447,85.252,245.246
112.973,127.553,85.252,245.246
124.473,124.185,87.138,250.672
134.151,123.540,87.138,250.672
143.829,121.604,87.138,250.672
156.088,118.378,87.138,250.672
164.476,117.733,87.138,250.672
175.445,118.378,87.138,250.672
185.123,116.442,87.138,250.672
192.861,114.339,89.066,256.218
202.753,112.360,89.066,256.218
211.326,111.701,89.066,256.218
218.581,109.722,89.066,256.218
221.878,110.382,89.066,256.218
227.813,109.722,89.066,256.218
231.111,110.382,89.066,256.218
234.408,109.722,89.066,256.218
236.387,109.063,89.066,256.218
238.365,109.722,89.066,256.218
239.025,110.382,89.066,256.218
239.684,109.722,89.066,256.218
240.344,110.382,89.066,256.218
241.003,111.041,89.066,256.218
242.982,111.701,89.066,256.218
243.641,113.679,89.066,256.218
244.301,114.339,89.066,256.218
243.641,114.998,89.066,256.218
242.982,114.339,89.066,256.218
242.322,116.317,89.066,256.218
241.663,116.977,89.066,256.218
241.003,117.636,89.066,256.218
240.344,116.977,89.066,256.218
241.003,116.317,89.066,256.218
241.663,116.977,89.066,256.218
241.003,116.317,89.066,256.218
241.663,116.977,89.066,256.218
241.003,116.317,89.066,256.218
241.663,116.977,89.066,256.218
241.003,117.636,89.066,256.218
242.589,121.004,87.167,250.754
243.234,121.649,87.167,250.754
242.589,121.004,87.167,250.754
243.234,121.649,87.167,250.754
242.589,122.295,87.167,250.754
243.234,122.940,87.167,250.754
242.589,123.585,87.167,250.754
243.234,122.940,87.167,250.754
242.589,123.585,87.167,250.754
243.234,122.940,87.167,250.754
242.589,123.585,87.167,250.754
243.234,122.940,87.167,250.754
242.589,123.585,87.167,250.754
243.234,122.940,87.167,250.754
242.589,123.585,87.167,250.754
243.234,122.940,87.167,250.754
242.589,123.585,87.167,250.754
243.234,122.940,87.167,250.754
242.589,123.585,87.167,250.754
243.234,122.940,87.167,250.754
243.879,123.585,87.167,250.754
243.234,122.940,87.167,250.754
242.589,123.585,87.167,250.754
243.234,122.940,87.167,250.754
243.879,123.585,87.167,250.754
243.234,122.940,87.167,250.754
243.879,123.585,87.167,250.754
243.234,122.940,87.167,250.754
243.879,123.585,87.167,250.754
243.234,122.940,87.167,250.754
243.879,123.585,87.167,250.754
243.234,122.940,87.167,250.754
242.589,123.585,87.167,250.754
243.234,122.940,87.167,250.754
243.879,123.585,87.167,250.754
244.187,125.637,85.308,245.407
243.555,126.269,85.308,245.407
243.856,129.494,83.489,240.173
244.150,131.459,81.708,235.052
245.605,134.549,79.966,230.039
243.828,135.141,79.966,230.039
242.969,139.306,78.261,225.133
234.287,133.809,79.992,230.114
230.330,128.191,81.762,235.206
243.043,125.164,81.762,235.206
255.329,121.934,83.571,240.410
258.898,121.200,85.420,245.729
257.297,119.138,87.310,251.165
246.389,124.932,85.448,245.809
245.756,125.565,85.448,245.809
245.124,124.932,85.448,245.809
245.756,125.565,85.448,245.809
245.124,126.197,85.448,245.809
245.756,125.565,85.448,245.809
245.124,126.197,85.448,245.809
244.491,125.565,85.448,245.809
243.858,126.197,85.448,245.809
244.491,125.565,85.448,245.809
243.858,126.197,85.448,245.809
244.491,125.565,85.448,245.809
243.858,126.197,85.448,245.809
244.491,125.565,85.448,245.809
243.858,126.197,85.448,245.809
244.491,125.565,85.448,245.809
243.858,126.197,85.448,245.809
244.491,125.565,85.448,245.809
243.858,126.197,85.448,245.809
244.491,125.565,85.448,245.809
243.858,126.197,85.448,245.809
244.491,125.565,85.448,245.809
243.858,126.197,85.448,245.809
244.491,125.565,85.448,245.809
243.858,126.197,85.448,245.809
244.491,125.565,85.448,245.809
243.858,126.197,85.448,245.809
244.491,125.565,85.448,245.809
243.858,126.197,85.448,245.809
244.491,125.565,85.448,245.809
243.858,126.197,85.448,245.809
244.491,125.565,85.448,245.809
243.858,126.197,85.448,245.809
244.491,125.565,85.448,245.809
243.858,126.197,85.448,245.809
244.491,125.565,85.448,245.809
243.858,126.197,85.448,245.809
244.491,126.830,85.448,245.809
243.858,126.197,85.448,245.809
244.491,126.830,85.448,245.809
243.858,126.197,85.448,245.809
244.491,125.565,85.448,245.809
243.858,126.197,85.448,245.809
244.491,126.830,85.448,245.809
243.858,126.197,85.448,245.809
244.491,126.830,85.448,245.809
243.858,126.197,85.448,245.809
244.491,126.830,85.448,245.809
245.124,126.197,85.448,245.809
245.756,125.565,85.448,245.809
245.124,126.197,85.448,245.809
244.491,125.565,85.448,245.809
243.858,126.197,85.448,245.809
244.160,129.428,83.626,240.567
244.779,128.809,83.626,240.567
245.398,129.428,83.626,240.567
244.779,128.809,83.626,240.567
245.398,128.190,83.626,240.567
244.779,128.809,83.626,240.567
245.398,128.190,83.626,240.567
246.017,128.809,83.626,240.567
245.398,128.190,83.626,240.567
244.779,128.809,83.626,240.567
245.398,129.428,83.626,240.567
246.017,128.809,83.626,240.567
245.398,129.428,83.626,240.567
244.779,128.809,83.626,240.567
245.398,129.428,83.626,240.567
244.779,130.047,83.626,240.567
244.160,129.428,83.626,240.567
244.779,128.809,83.626,240.567
245.398,129.428,83.626,240.567
246.017,128.809,83.626,240.567
245.398,128.190,83.626,240.567
246.017,128.809,83.626,240.567
245.398,128.190,83.626,240.567
244.779,128.809,83.626,240.567
245.398,128.190,83.626,240.567
246.017,128.809,83.626,240.567
245.398,129.428,83.626,240.567
244.779,130.047,83.626,240.567
244.160,130.666,83.626,240.567
244.779,130.047,83.626,240.567
244.160,130.666,83.626,240.567
244.779,130.047,83.626,240.567
244.160,129.428,83.626,240.567
243.540,128.809,83.626,240.567
244.160,128.190,83.626,240.567
244.779,128.809,83.626,240.567
245.398,128.190,83.626,240.567
244.779,128.809,83.626,240.567
244.160,128.190,83.626,240.567
244.779,128.809,83.626,240.567
245.074,130.777,81.842,235.437
244.194,136.208,80.097,230.416
246.763,141.523,78.389,225.503
251.515,146.725,76.717,220.694
252.083,146.157,76.717,220.694
252.651,142.180,76.717,220.694
250.947,141.612,76.717,220.694
249.243,142.180,76.717,220.694
248.675,140.476,76.717,220.694
248.107,139.908,76.717,220.694
248.675,139.340,76.717,220.694
248.107,139.908,76.717,220.694
248.675,139.340,76.717,220.694
248.107,139.908,76.717,220.694
248.675,139.340,76.717,220.694
248.107,139.908,76.717,220.694
248.675,139.340,76.717,220.694
248.107,138.772,76.717,220.694
248.675,139.340,76.717,220.694
248.107,138.772,76.717,220.694
248.675,138.204,76.717,220.694
248.107,138.772,76.717,220.694
248.675,139.340,76.717,220.694
248.107,138.772,76.717,220.694
248.675,139.340,76.717,220.694
248.107,139.908,76.717,220.694
248.675,139.340,76.717,220.694
250.040,141.146,75.081,215.987
249.484,140.590,75.081,215.987
248.928,141.146,75.081,215.987
250.265,143.985,73.480,211.381
249.721,144.529,73.480,211.381
250.265,143.985,73.480,211.381
249.721,143.440,73.480,211.381
249.177,142.896,73.480,211.381
249.721,143.440,73.480,211.381
250.265,142.896,73.480,211.381
249.721,143.440,73.480,211.381
250.265,142.896,73.480,211.381
249.721,143.440,73.480,211.381
250.265,142.896,73.480,211.381
249.721,143.440,73.480,211.381
250.265,142.896,73.480,211.381
249.721,143.440,73.480,211.381
250.265,143.985,73.480,211.381
249.721,143.440,73.480,211.381
250.265,142.896,73.480,211.381
249.721,143.440,73.480,211.381
250.265,142.896,73.480,211.381
249.721,143.440,73.480,211.381
250.265,142.896,73.480,211.381
249.721,143.440,73.480,211.381
250.265,143.985,73.480,211.381
249.721,143.440,73.480,211.381
250.265,142.896,73.480,211.381
249.721,143.440,73.480,211.381
250.265,142.896,73.480,211.381
249.721,143.440,73.480,211.381
250.265,142.896,73.480,211.381
249.721,143.440,73.480,211.381
250.265,142.896,73.480,211.381
249.721,143.440,73.480,211.381
250.265,142.896,73.480,211.381
249.721,143.440,73.480,211.381
250.265,142.896,73.480,211.381
249.721,143.440,73.480,211.381
250.265,142.896,73.480,211.381
249.721,143.440,73.480,211.381
250.265,142.896,73.480,211.381
249.721,143.440,73.480,211.381
250.265,143.985,73.480,211.381
249.721,144.529,73.480,211.381
250.265,143.985,73.480,211.381
249.721,143.440,73.480,211.381
250.265,143.985,73.480,211.381
249.721,144.529,73.480,211.381
250.265,143.985,73.480,211.381
249.721,144.529,73.480,211.381
250.265,143.985,73.480,211.381
249.721,144.529,73.480,211.381
250.265,143.985,73.480,211.381
249.721,144.529,73.480,211.381
249.177,143.985,73.480,211.381
250.485,145.714,71.913,206.874
251.017,146.246,71.913,206.874
251.550,146.779,71.913,206.874
251.017,146.246,71.913,206.874
251.550,146.779,71.913,206.874
251.017,146.246,71.913,206.874
251.550,146.779,71.913,206.874
251.017,146.246,71.913,206.874
251.550,146.779,71.913,206.874
251.017,146.246,71.913,206.874
251.550,146.779,71.913,206.874
251.017,146.246,71.913,206.874
251.550,146.779,71.913,206.874
251.017,146.246,71.913,206.874
251.550,146.779,71.913,206.874
251.017,146.246,71.913,206.874
251.550,146.779,71.913,206.874
251.017,146.246,71.913,206.874
251.550,146.779,71.913,206.874
251.017,146.246,71.913,206.874
251.550,146.779,71.913,206.874
251.017,146.246,71.913,206.874
251.550,146.779,71.913,206.874
251.017,146.246,71.913,206.874
251.550,146.779,71.913,206.874
251.017,146.246,71.913,206.874
251.550,146.779,71.913,206.874
251.017,146.246,71.913,206.874
250.485,146.779,71.913,206.874
251.017,146.246,71.913,206.874
251.550,146.779,71.913,206.874
251.017,146.246,71.913,206.874
251.550,146.779,71.913,206.874
252.082,146.246,71.913,206.874
251.550,146.779,71.913,206.874
251.017,146.246,71.913,206.874
250.485,146.779,71.913,206.874
249.952,146.246,71.913,206.874
249.179,148.966,70.380,202.462
247.616,148.444,70.380,202.462
244.850,149.096,68.879,198.144
257.600,151.646,68.879,198.144
253.135,189.139,70.403,202.528
244.243,191.766,71.960,207.009
234.049,183.395,73.553,211.589
245.101,151.108,75.180,216.271
250.111,147.211,75.180,216.271
248.702,143.086,76.843,221.056
250.070,144.895,75.205,216.342
248.399,144.338,75.205,216.342
248.665,146.108,73.601,211.728
249.210,145.563,73.601,211.728
249.755,145.018,73.601,211.728
249.210,144.473,73.601,211.728
249.755,143.928,73.601,211.728
249.210,143.383,73.601,211.728
249.755,143.928,73.601,211.728
250.300,143.383,73.601,211.728
249.755,142.838,73.601,211.728
249.210,142.293,73.601,211.728
249.755,142.838,73.601,211.728
249.210,142.293,73.601,211.728
249.755,142.838,73.601,211.728
249.210,142.293,73.601,211.728
249.755,142.838,73.601,211.728
249.210,142.293,73.601,211.728
249.755,142.838,73.601,211.728
249.210,142.293,73.601,211.728
249.755,142.838,73.601,211.728
249.210,142.293,73.601,211.728
249.755,142.838,73.601,211.728
249.210,142.293,73.601,211.728
249.755,142.838,73.601,211.728
249.210,142.293,73.601,211.728
250.520,145.076,72.031,207.213
249.986,145.609,72.031,207.213
249.453,146.143,72.031,207.213
250.735,147.838,70.495,202.794
250.213,147.316,70.495,202.794
251.468,149.982,68.992,198.469
251.979,150.492,68.992,198.469
251.468,151.003,68.992,198.469
251.235,149.338,70.518,202.861
252.801,149.860,70.518,202.861
253.323,149.338,70.518,202.861
254.890,149.860,70.518,202.861
249.146,152.471,70.518,202.861
247.580,160.303,70.518,202.861
256.009,173.769,72.078,207.349
256.873,164.277,73.673,211.937
254.145,151.730,73.673,211.937
250.198,150.309,72.102,207.417
248.847,145.245,73.697,212.006
250.159,148.032,72.126,207.485
250.693,147.498,72.126,207.485
251.227,146.964,72.126,207.485
251.761,146.430,72.126,207.485
251.227,145.896,72.126,207.485
250.693,146.430,72.126,207.485
251.227,145.896,72.126,207.485
250.693,146.430,72.126,207.485
251.227,145.896,72.126,207.485
250.693,146.430,72.126,207.485
251.227,145.896,72.126,207.485
250.693,146.430,72.126,207.485
251.227,145.896,72.126,207.485
250.693,145.362,72.126,207.485
251.227,145.896,72.126,207.485
250.693,146.430,72.126,207.485
251.227,145.896,72.126,207.485
250.693,145.362,72.126,207.485
251.227,145.896,72.126,207.485
250.693,146.430,72.126,207.485
251.227,145.896,72.126,207.485
250.693,146.430,72.126,207.485
251.227,145.896,72.126,207.485
250.693,146.430,72.126,207.485
251.227,145.896,72.126,207.485
250.693,146.430,72.126,207.485
251.227,145.896,72.126,207.485
251.761,146.430,72.126,207.485
252.295,145.896,72.126,207.485
251.761,146.430,72.126,207.485
252.295,145.896,72.126,207.485
251.761,146.430,72.126,207.485
252.295,145.896,72.126,207.485
251.761,146.430,72.126,207.485
252.295,145.896,72.126,207.485
251.761,146.430,72.126,207.485
251.227,145.896,72.126,207.485
250.693,145.362,72.126,207.485
251.227,145.896,72.126,207.485
250.693,145.362,72.126,207.485
251.227,145.896,72.126,207.485
250.693,146.430,72.126,207.485
251.227,145.896,72.126,207.485
250.693,146.430,72.126,207.485
251.227,145.896,72.126,207.485
250.693,146.430,72.126,207.485
251.227,145.896,72.126,207.485
250.693,146.430,72.126,207.485
251.227,145.896,72.126,207.485
250.693,146.430,72.126,207.485
251.227,145.896,72.126,207.485
250.693,146.430,72.126,207.485
251.227,145.896,72.126,207.485
250.693,146.430,72.126,207.485
251.227,145.896,72.126,207.485
250.693,146.430,72.126,207.485
251.227,145.896,72.126,207.485
250.693,146.430,72.126,207.485
251.227,145.896,72.126,207.485
250.693,146.430,72.126,207.485
251.227,145.896,72.126,207.485
250.693,146.430,72.126,207.485
251.227,145.896,72.126,207.485
250.693,145.362,72.126,207.485
251.227,145.896,72.126,207.485
250.693,146.430,72.126,207.485
251.227,145.896,72.126,207.485
250.693,145.362,72.126,207.485
250.159,145.896,72.126,207.485
249.625,145.362,72.126,207.485
250.159,144.828,72.126,207.485
251.443,147.555,70.588,203.060
250.920,148.077,70.588,203.060
250.397,148.600,70.588,203.060
250.920,148.077,70.588,203.060
250.397,148.600,70.588,203.060
251.654,151.269,69.082,198.730
251.420,148.540,70.611,203.127
251.669,151.209,69.105,198.795
252.181,150.698,69.105,198.795
251.669,152.233,69.105,198.795
252.181,151.721,69.105,198.795
252.692,152.233,69.105,198.795
255.895,155.832,67.631,194.556
259.995,160.320,66.189,190.407
267.907,160.756,67.653,194.620
276.423,165.264,67.653,194.620
288.946,167.769,67.653,194.620
303.269,169.254,69.150,198.925
315.785,169.709,70.680,203.327
332.009,169.186,70.680,203.327
348.059,162.050,72.244,207.825
363.571,157.236,72.244,207.825
375.169,170.279,70.703,203.393
408.722,179.008,69.196,199.056
414.866,179.463,70.727,203.460
437.447,172.323,72.291,207.962
451.642,145.031,73.891,212.563
456.121,144.661,72.315,208.030
461.537,149.460,70.773,203.594
466.253,149.984,70.773,203.594
472.538,192.857,72.339,208.098
474.516,194.445,73.939,212.702
477.254,193.898,73.939,212.702
480.681,198.804,72.363,208.166
482.288,198.268,72.363,208.166
479.609,200.947,72.363,208.166
481.930,202.650,70.819,203.727
480.602,199.853,72.386,208.235
480.358,196.993,73.988,212.842
480.906,195.350,73.988,212.842
482.549,194.802,73.988,212.842
483.097,194.254,73.988,212.842
480.573,191.331,75.625,217.551
477.994,188.343,77.298,222.364
477.733,186.477,79.008,227.284
477.148,185.892,79.008,227.284
479.682,190.007,77.323,222.437
480.254,189.435,77.323,222.437
474.053,186.380,79.034,227.358
476.979,185.795,79.034,227.358
479.514,191.039,77.349,222.510
480.086,190.467,77.349,222.510
477.223,189.894,77.349,222.510
480.807,192.818,75.699,217.765
476.884,194.500,75.699,217.765
478.565,193.939,75.699,217.765
479.473,190.949,77.374,222.583
480.400,185.515,79.086,227.508
480.985,184.929,79.086,227.508
481.933,180.590,80.836,232.541
481.660,178.638,82.624,237.686
481.381,175.374,84.452,242.945
481.095,170.740,86.321,248.320
482.130,167.330,88.231,253.814
479.120,163.844,90.183,259.430
482.013,167.254,88.260,253.897
481.359,166.601,88.260,253.897
482.013,167.254,88.260,253.897
480.358,163.767,90.212,259.515
481.026,163.099,90.212,259.515
481.694,163.767,90.212,259.515
482.362,163.099,90.212,259.515
481.392,166.510,88.289,253.981
483.354,165.857,88.289,253.981
483.665,169.195,86.406,248.565
483.373,165.781,88.317,254.064
481.411,166.435,88.317,254.064
483.373,165.781,88.317,254.064
481.411,166.435,88.317,254.064
482.065,165.781,88.317,254.064
481.411,166.435,88.317,254.064
482.983,169.775,86.434,248.646
481.363,166.360,88.346,254.147
482.017,165.706,88.346,254.147
481.363,166.360,88.346,254.147
482.017,165.706,88.346,254.147
481.363,166.360,88.346,254.147
482.017,165.706,88.346,254.147
481.363,165.052,88.346,254.147
483.325,165.706,88.346,254.147
481.363,166.360,88.346,254.147
483.325,165.706,88.346,254.147
481.363,165.052,88.346,254.147
483.325,164.397,88.346,254.147
481.363,165.052,88.346,254.147
483.325,164.397,88.346,254.147
481.363,165.052,88.346,254.147
483.325,164.397,88.346,254.147
481.363,165.052,88.346,254.147
482.017,164.397,88.346,254.147
480.055,165.052,88.346,254.147
480.709,165.706,88.346,254.147
481.363,166.360,88.346,254.147
482.017,165.706,88.346,254.147
481.363,165.052,88.346,254.147
482.017,165.706,88.346,254.147
481.363,166.360,88.346,254.147
482.017,165.706,88.346,254.147
482.671,166.360,88.346,254.147
482.017,167.014,88.346,254.147
481.363,166.360,88.346,254.147
482.017,167.014,88.346,254.147
482.671,165.052,88.346,254.147
483.325,164.397,88.346,254.147
480.055,166.360,88.346,254.147
480.709,167.014,88.346,254.147
481.363,166.360,88.346,254.147
482.017,167.014,88.346,254.147
481.363,165.052,88.346,254.147
482.017,165.706,88.346,254.147
481.363,166.360,88.346,254.147
482.017,165.706,88.346,254.147
481.363,166.360,88.346,254.147
482.017,165.706,88.346,254.147
481.363,165.052,88.346,254.147
482.017,165.706,88.346,254.147
482.671,165.052,88.346,254.147
483.326,165.706,88.346,254.147
481.363,166.360,88.346,254.147
482.017,167.014,88.346,254.147
480.361,163.524,90.301,259.770
479.693,162.855,90.301,259.770
480.361,162.187,90.301,259.770
479.693,161.518,90.301,259.770
480.361,162.187,90.301,259.770
479.693,162.855,90.301,259.770
480.361,162.187,90.301,259.770
479.693,161.518,90.301,259.770
480.361,162.187,90.301,259.770
479.693,162.855,90.301,259.770
480.361,162.187,90.301,259.770
479.693,161.518,90.301,259.770
480.361,160.849,90.301,259.770
479.693,161.518,90.301,259.770
481.300,166.221,88.375,254.231
481.954,165.567,88.375,254.231
481.300,164.912,88.375,254.231
479.643,161.421,90.331,259.855
480.312,160.752,90.331,259.855
480.981,160.083,90.331,259.855
479.288,156.515,92.329,265.605
479.972,157.198,92.329,265.605
479.288,156.515,92.329,265.605
479.972,157.198,92.329,265.605
480.655,156.515,92.329,265.605
478.604,157.198,92.329,265.605
473.819,156.515,92.329,265.605
474.502,157.198,92.329,265.605
473.819,156.515,92.329,265.605
473.135,158.566,92.329,265.605
471.084,159.249,92.329,265.605
470.401,158.566,92.329,265.605
471.084,159.249,92.329,265.605
471.768,158.566,92.329,265.605
472.452,159.249,92.329,265.605
471.768,158.566,92.329,265.605
472.452,157.882,92.329,265.605
471.768,158.566,92.329,265.605
471.084,159.249,92.329,265.605
470.401,158.566,92.329,265.605
471.084,157.882,92.329,265.605
470.401,158.566,92.329,265.605
471.084,157.882,92.329,265.605
470.401,158.566,92.329,265.605
471.084,157.882,92.329,265.605
470.401,158.566,92.329,265.605
471.084,157.882,92.329,265.605
470.401,158.566,92.329,265.605
471.084,157.882,92.329,265.605
470.401,158.566,92.329,265.605
471.084,157.882,92.329,265.605
470.401,158.566,92.329,265.605
471.084,157.882,92.329,265.605
471.768,158.566,92.329,265.605
471.084,157.882,92.329,265.605
470.401,158.566,92.329,265.605
471.084,157.882,92.329,265.605
470.401,158.566,92.329,265.605
471.084,157.882,92.329,265.605
470.401,158.566,92.329,265.605
471.084,157.882,92.329,265.605
470.401,158.566,92.329,265.605
471.084,157.882,92.329,265.605
470.401,158.566,92.329,265.605
471.084,157.882,92.329,265.605
470.401,158.566,92.329,265.605
471.084,157.882,92.329,265.605
470.401,158.566,92.329,265.605
471.084,157.882,92.329,265.605
470.401,158.566,92.329,265.605
471.084,159.249,92.329,265.605
470.401,158.566,92.329,265.605
471.084,159.249,92.329,265.605
470.401,158.566,92.329,265.605
471.084,157.882,92.329,265.605
470.401,158.566,92.329,265.605
471.084,157.882,92.329,265.605
470.401,158.566,92.329,265.605
471.084,157.882,92.329,265.605
470.401,158.566,92.329,265.605
471.084,157.882,92.329,265.605
470.401,158.566,92.329,265.605
471.084,157.882,92.329,265.605
470.401,158.566,92.329,265.605
471.084,157.882,92.329,265.605
470.401,158.566,92.329,265.605
471.084,159.249,92.329,265.605
469.354,155.602,94.372,271.481
471.033,159.170,92.360,265.692
470.349,159.854,92.360,265.692
469.666,159.170,92.360,265.692
468.982,159.854,92.360,265.692
469.666,159.170,92.360,265.692
468.982,158.486,92.360,265.692
468.298,159.170,92.360,265.692
469.942,162.662,90.390,260.026
468.248,159.091,92.390,265.779
467.563,158.407,92.390,265.779
466.879,157.723,92.390,265.779
466.195,157.039,92.390,265.779
465.883,154.809,94.434,271.659
465.184,155.508,94.434,271.659
464.485,157.605,94.434,271.659
462.714,156.777,96.523,277.670
460.905,155.929,98.659,283.813
458.714,161.043,98.659,283.813
453.600,163.234,98.659,283.813
448.486,166.887,98.659,283.813
444.610,176.250,96.555,277.761
435.316,181.255,96.555,277.761
415.704,180.407,98.691,283.906
386.561,174.992,100.875,290.188
369.171,163.258,103.107,296.608
346.645,156.016,105.388,303.171
323.620,146.995,107.720,309.878
302.085,136.626,107.720,309.878
273.585,117.476,110.103,316.734
253.204,108.508,110.103,316.734
247.306,100.098,107.755,309.980
243.072,94.944,105.457,303.369
241.938,91.406,103.208,296.900
242.703,92.170,103.208,296.900
240.410,92.934,103.208,296.900
238.117,95.227,103.208,296.900
235.825,97.519,103.208,296.900
233.243,101.421,101.007,290.569
233.990,96.186,101.007,290.569
236.234,93.942,101.007,290.569
236.590,96.320,98.853,284.372
234.117,97.236,96.745,278.308
233.400,97.952,96.745,278.308
233.742,98.848,94.682,272.373
234.075,101.077,92.663,266.564
236.134,101.763,92.663,266.564
237.783,105.266,90.687,260.880
236.808,108.695,88.753,255.316
234.837,108.038,88.753,255.316
236.808,107.381,88.753,255.316
237.466,106.724,88.753,255.316
238.123,107.381,88.753,255.316
238.780,108.038,88.753,255.316
239.437,107.381,88.753,255.316
238.780,108.038,88.753,255.316
239.093,108.860,86.860,249.872
239.736,109.503,86.860,249.872
241.282,112.787,85.008,244.543
240.653,112.158,85.008,244.543
241.282,111.529,85.008,244.543
240.653,112.158,85.008,244.543
242.541,112.787,85.008,244.543
241.912,112.158,85.008,244.543
241.282,112.787,85.008,244.543
241.912,112.158,85.008,244.543
242.541,112.787,85.008,244.543
241.912,112.158,85.008,244.543
242.541,111.529,85.008,244.543
241.912,110.899,85.008,244.543
241.282,111.529,85.008,244.543
241.582,113.529,83.195,239.328
240.966,112.913,83.195,239.328
240.350,112.297,83.195,239.328
240.966,112.913,83.195,239.328
240.350,112.297,83.195,239.328
240.966,110.449,83.195,239.328
242.814,111.065,83.195,239.328
243.430,111.681,83.195,239.328
244.046,112.297,83.195,239.328
244.662,111.681,83.195,239.328
245.278,113.529,83.195,239.328
245.571,116.675,81.421,234.224
244.968,116.072,81.421,234.224
244.365,115.469,81.421,234.224
244.652,118.548,79.685,229.229
245.243,117.958,79.685,229.229
245.833,117.368,79.685,229.229
245.243,117.958,79.685,229.229
245.833,117.368,79.685,229.229
246.423,117.958,79.685,229.229
245.833,117.368,79.685,229.229
246.423,117.958,79.685,229.229
245.833,117.368,79.685,229.229
246.423,117.958,79.685,229.229
245.833,117.368,79.685,229.229
245.243,117.958,79.685,229.229
245.833,117.368,79.685,229.229
245.243,117.958,79.685,229.229
245.833,117.368,79.685,229.229
245.243,116.778,79.685,229.229
245.833,117.368,79.685,229.229
244.976,120.381,77.985,224.341
245.554,119.803,77.985,224.341
246.131,121.536,77.985,224.341
244.399,122.113,77.985,224.341
244.976,121.536,77.985,224.341
245.554,122.113,77.985,224.341
244.976,121.536,77.985,224.341
245.554,122.113,77.985,224.341
244.976,121.536,77.985,224.341
245.554,122.113,77.985,224.341
244.976,121.536,77.985,224.341
245.554,123.268,77.985,224.341
244.715,126.216,76.322,219.557
244.984,130.192,74.695,214.875
245.880,134.126,76.347,219.629
242.102,139.321,78.036,224.488
225.053,144.631,79.763,229.455
212.529,132.902,81.528,234.532
228.828,120.225,81.528,234.532
241.916,119.816,79.789,229.530
241.325,118.044,79.789,229.530
240.734,117.453,79.789,229.530
243.293,119.331,78.088,224.635
244.683,122.284,76.422,219.845
246.043,126.264,74.793,215.157
245.490,125.710,74.793,215.157
246.043,125.156,74.793,215.157
247.375,127.984,73.198,210.568
246.833,127.442,73.198,210.568
246.291,127.984,73.198,210.568
246.833,127.442,73.198,210.568
246.291,127.984,73.198,210.568
246.833,127.442,73.198,210.568
246.291,126.900,73.198,210.568
246.833,127.442,73.198,210.568
246.291,127.984,73.198,210.568
246.833,127.442,73.198,210.568
246.291,127.984,73.198,210.568
246.833,127.442,73.198,210.568
246.291,127.984,73.198,210.568
246.833,127.442,73.198,210.568
246.291,127.984,73.198,210.568
246.833,127.442,73.198,210.568
246.291,127.984,73.198,210.568
246.833,127.442,73.198,210.568
246.291,127.984,73.198,210.568
246.833,127.442,73.198,210.568
246.291,126.900,73.198,210.568
246.833,127.442,73.198,210.568
246.291,126.900,73.198,210.568
246.833,127.442,73.198,210.568
246.291,126.900,73.198,210.568
246.833,127.442,73.198,210.568
246.291,127.984,73.198,210.568
246.833,127.442,73.198,210.568
246.291,127.984,73.198,210.568
246.833,127.442,73.198,210.568
246.291,127.984,73.198,210.568
246.833,127.442,73.198,210.568
246.291,127.984,73.198,210.568
246.833,127.442,73.198,210.568
246.291,127.984,73.198,210.568
246.833,127.442,73.198,210.568
246.291,126.900,73.198,210.568
246.833,127.442,73.198,210.568
245.207,127.984,73.198,210.568
245.749,127.442,73.198,210.568
252.794,126.900,73.198,210.568
168.425,144.295,71.637,206.078
167.894,142.704,71.637,206.078
250.110,129.443,71.637,206.078
248.519,129.973,71.637,206.078
246.928,129.443,71.637,206.078
246.397,129.973,71.637,206.078
245.867,130.504,71.637,206.078
246.397,129.973,71.637,206.078
245.867,130.504,71.637,206.078
246.397,129.973,71.637,206.078
245.867,130.504,71.637,206.078
246.397,131.034,71.637,206.078
246.928,130.504,71.637,206.078
246.397,131.034,71.637,206.078
245.867,130.504,71.637,206.078
246.397,129.973,71.637,206.078
245.867,130.504,71.637,206.078
246.397,131.034,71.637,206.078
246.928,130.504,71.637,206.078
246.397,131.034,71.637,206.078
245.867,130.504,71.637,206.078
246.397,129.973,71.637,206.078
245.867,130.504,71.637,206.078
246.397,129.973,71.637,206.078
245.867,130.504,71.637,206.078
246.397,129.973,71.637,206.078
245.867,130.504,71.637,206.078
246.397,129.973,71.637,206.078
245.867,130.504,71.637,206.078
246.397,129.973,71.637,206.078
245.867,130.504,71.637,206.078
246.397,129.973,71.637,206.078
245.867,130.504,71.637,206.078
246.397,129.973,71.637,206.078
245.867,130.504,71.637,206.078
246.397,131.034,71.637,206.078
246.928,130.504,71.637,206.078
246.397,131.034,71.637,206.078
245.867,130.504,71.637,206.078
246.397,129.973,71.637,206.078
245.867,130.504,71.637,206.078
246.397,129.973,71.637,206.078
245.867,130.504,71.637,206.078
246.397,131.034,71.637,206.078
245.867,130.504,71.637,206.078
246.397,131.034,71.637,206.078
246.650,133.743,70.109,201.683
247.169,134.262,70.109,201.683
247.416,136.913,68.614,197.382
169.309,153.218,67.151,193.173
167.817,152.721,67.151,193.173
165.527,153.163,68.636,197.447
247.349,136.392,68.636,197.447
249.550,138.008,67.173,193.237
250.048,138.505,67.173,193.237
250.545,138.008,67.173,193.237
250.048,138.505,67.173,193.237
250.545,138.008,67.173,193.237
250.048,137.511,67.173,193.237
250.545,137.013,67.173,193.237
250.048,137.511,67.173,193.237
250.545,137.013,67.173,193.237
250.048,137.511,67.173,193.237
250.545,137.013,67.173,193.237
250.048,137.511,67.173,193.237
249.550,138.008,67.173,193.237
249.053,138.505,67.173,193.237
249.550,138.008,67.173,193.237
249.053,137.511,67.173,193.237
249.550,137.013,67.173,193.237
249.053,137.511,67.173,193.237
249.550,137.013,67.173,193.237
250.048,137.511,67.173,193.237
250.545,138.008,67.173,193.237
250.782,140.548,65.740,189.116
251.952,142.095,64.338,185.083
252.428,142.571,64.338,185.083
251.952,143.048,64.338,185.083
253.097,144.562,62.966,181.136
252.631,145.028,62.966,181.136
253.752,147.409,61.624,177.273
254.208,147.865,61.624,177.273
249.266,149.218,62.987,181.195
251.286,146.205,61.644,177.331
251.078,146.611,63.008,181.255
250.611,145.212,63.008,181.255
251.078,144.745,63.008,181.255
250.611,145.212,63.008,181.255
251.078,144.745,63.008,181.255
250.611,145.212,63.008,181.255
251.078,144.745,63.008,181.255
251.544,145.212,63.008,181.255
252.011,144.745,63.008,181.255
251.544,145.212,63.008,181.255
252.011,144.745,63.008,181.255
251.544,145.212,63.008,181.255
252.011,144.745,63.008,181.255
251.544,145.212,63.008,181.255
252.011,144.745,63.008,181.255
251.544,145.212,63.008,181.255
252.011,144.745,63.008,181.255
251.544,145.212,63.008,181.255
252.011,144.745,63.008,181.255
251.544,145.212,63.008,181.255
252.011,144.745,63.008,181.255
251.544,145.212,63.008,181.255
252.011,144.745,63.008,181.255
251.544,145.212,63.008,181.255
252.011,144.745,63.008,181.255
251.544,145.212,63.008,181.255
252.011,144.745,63.008,181.255
251.544,145.212,63.008,181.255
252.011,144.745,63.008,181.255
251.544,145.212,63.008,181.255
251.766,146.695,61.664,177.389
250.397,147.151,61.664,177.389
248.854,148.603,60.349,173.606
246.795,149.000,61.684,177.447
248.482,139.929,63.049,181.373
256.987,144.219,64.444,185.386
259.740,140.683,65.870,189.488
258.092,143.174,64.465,185.447
253.796,143.651,64.465,185.447
252.364,143.174,64.465,185.447
251.886,143.651,64.465,185.447
251.409,144.128,64.465,185.447
251.886,144.606,64.465,185.447
251.409,144.128,64.465,185.447
251.886,143.651,64.465,185.447
252.364,144.128,64.465,185.447
252.841,143.651,64.465,185.447
252.364,143.174,64.465,185.447
252.841,143.651,64.465,185.447
252.364,143.174,64.465,185.447
251.886,143.651,64.465,185.447
251.409,143.174,64.465,185.447
251.886,143.651,64.465,185.447
251.409,143.174,64.465,185.447
251.886,143.651,64.465,185.447
251.409,143.174,64.465,185.447
251.886,143.651,64.465,185.447
251.409,143.174,64.465,185.447
251.886,143.651,64.465,185.447
251.409,143.174,64.465,185.447
252.556,145.611,63.090,181.492
252.089,146.078,63.090,181.492
252.556,145.611,63.090,181.492
253.958,146.078,63.090,181.492
254.425,145.611,63.090,181.492
255.826,146.078,63.090,181.492
257.552,143.586,64.486,185.508
259.939,141.199,64.486,185.508
262.928,141.796,63.111,181.552
267.134,136.656,63.111,181.552
271.339,133.385,63.111,181.552
274.035,128.952,64.507,185.569
277.378,127.519,64.507,185.569
279.767,126.086,64.507,185.569
281.199,125.609,64.507,185.569
284.543,125.131,64.507,185.569
285.976,126.564,64.507,185.569
287.409,127.997,64.507,185.569
288.842,130.385,64.507,185.569
285.650,129.819,65.935,189.674
282.388,130.253,67.393,193.871
281.889,129.754,67.393,193.871
280.392,132.249,67.393,193.871
279.668,136.721,65.956,189.737
277.076,140.156,64.550,185.691
274.687,141.590,64.550,185.691
270.385,143.980,64.550,185.691
264.216,143.413,65.978,189.799
266.332,139.316,64.571,185.751
263.795,141.757,63.194,181.790
263.327,139.418,63.194,181.790
262.143,140.805,64.592,185.812
261.664,141.283,64.592,185.812
260.230,143.674,64.592,185.812
259.751,134.587,64.592,185.812
260.230,137.935,64.592,185.812
259.019,138.361,66.021,189.923
259.508,138.850,66.021,189.923
264.885,143.249,66.021,189.923
268.887,140.091,64.613,185.873
267.452,139.613,64.613,185.873
267.930,136.264,64.613,185.873
267.452,134.829,64.613,185.873
266.017,131.480,64.613,185.873
264.581,130.044,64.613,185.873
263.146,128.609,64.613,185.873
263.625,123.347,64.613,185.873
268.887,119.998,64.613,185.873
265.426,123.363,63.235,181.909
266.831,118.213,63.235,181.909
267.299,121.490,63.235,181.909
264.958,120.085,63.235,181.909
262.617,119.617,63.235,181.909
258.517,116.147,64.634,185.934
254.326,110.615,66.064,190.048
258.163,106.990,67.526,194.253
251.663,111.490,67.526,194.253
254.547,110.897,69.020,198.551
256.761,116.462,67.548,194.316
259.262,115.962,67.548,194.316
266.249,119.480,66.108,190.173
272.143,120.093,64.698,186.117
276.895,116.543,66.129,190.235
276.405,117.032,66.129,190.235
275.915,113.605,66.129,190.235
277.384,115.074,66.129,190.235
273.957,113.605,66.129,190.235
272.488,116.053,66.129,190.235
275.915,116.543,66.129,190.235
278.364,118.991,66.129,190.235
385.596,146.901,66.129,190.235
386.086,146.411,66.129,190.235
385.596,146.901,66.129,190.235
385.107,146.411,66.129,190.235
385.596,145.922,66.129,190.235
386.086,146.411,66.129,190.235
385.596,146.901,66.129,190.235
386.086,146.411,66.129,190.235
385.596,146.901,66.129,190.235
386.086,146.411,66.129,190.235
385.596,146.901,66.129,190.235
386.086,145.432,66.129,190.235
385.596,146.901,66.129,190.235
386.086,146.411,66.129,190.235
385.596,146.901,66.129,190.235
386.086,146.411,66.129,190.235
385.596,146.901,66.129,190.235
386.086,146.411,66.129,190.235
385.596,145.922,66.129,190.235
385.107,145.432,66.129,190.235
385.596,145.922,66.129,190.235
385.107,145.432,66.129,190.235
273.957,132.211,66.129,190.235
273.467,134.660,66.129,190.235
276.895,136.129,66.129,190.235
280.322,137.598,66.129,190.235
281.791,139.066,66.129,190.235
284.239,139.556,66.129,190.235
284.729,139.066,66.129,190.235
285.219,138.577,66.129,190.235
284.729,139.066,66.129,190.235
285.219,138.577,66.129,190.235
284.729,139.066,66.129,190.235
285.219,138.577,66.129,190.235
284.729,139.066,66.129,190.235
285.219,139.556,66.129,190.235
284.729,140.046,66.129,190.235
285.219,139.556,66.129,190.235
285.708,139.066,66.129,190.235
286.198,138.577,66.129,190.235
285.708,139.066,66.129,190.235
286.198,138.577,66.129,190.235
285.708,139.066,66.129,190.235
286.198,138.577,66.129,190.235
285.708,139.066,66.129,190.235
285.219,139.556,66.129,190.235
284.729,140.046,66.129,190.235
285.219,139.556,66.129,190.235
284.729,140.046,66.129,190.235
285.219,139.556,66.129,190.235
284.729,140.046,66.129,190.235
287.794,141.602,64.719,186.178
292.641,143.126,63.339,182.208
384.876,149.382,64.740,186.239
386.028,150.905,63.360,182.268
388.965,151.492,62.009,178.381
290.939,146.756,60.686,174.577
289.591,147.206,60.686,174.577
289.142,147.655,60.686,174.577
288.693,147.206,60.686,174.577
288.243,148.554,60.686,174.577
288.693,148.104,60.686,174.577
288.243,147.655,60.686,174.577
288.038,145.257,62.029,178.439
285.922,144.713,63.401,182.387
284.336,146.205,62.049,178.498
385.872,150.340,62.049,178.498
387.862,152.686,60.726,174.691
388.311,153.136,60.726,174.691
388.761,153.586,60.726,174.691
289.391,145.942,60.726,174.691
288.941,146.391,60.726,174.691
288.491,146.841,60.726,174.691
288.042,147.291,60.726,174.691
287.592,147.740,60.726,174.691
288.042,147.291,60.726,174.691
287.592,147.740,60.726,174.691
288.042,147.291,60.726,174.691
288.491,147.740,60.726,174.691
288.941,147.291,60.726,174.691
288.491,147.740,60.726,174.691
288.042,147.291,60.726,174.691
287.592,147.740,60.726,174.691
288.042,147.291,60.726,174.691
287.592,147.740,60.726,174.691
288.042,147.291,60.726,174.691
287.592,147.740,60.726,174.691
288.042,147.291,60.726,174.691
287.592,147.740,60.726,174.691
288.042,147.291,60.726,174.691
287.592,147.740,60.726,174.691
288.042,147.291,60.726,174.691
287.592,147.740,60.726,174.691
288.673,150.036,59.431,170.966
288.233,150.476,59.431,170.966
291.313,151.796,59.431,170.966
295.274,151.356,59.431,170.966
300.551,149.009,60.746,174.748
304.079,149.409,62.090,178.615
305.777,149.818,63.464,182.567
307.513,150.236,64.868,186.606
305.300,151.660,66.303,190.735
305.791,156.078,66.303,190.735
302.240,160.478,64.889,186.667
295.059,167.562,63.505,182.686
283.303,169.913,63.505,182.686
272.488,176.026,63.505,182.686
268.180,182.959,62.151,178.791
248.392,177.897,62.151,178.791
230.994,176.397,63.526,182.746
221.019,172.911,64.932,186.790
210.922,168.584,64.932,186.790
195.739,158.038,66.368,190.922
188.367,153.615,66.368,190.922
180.996,147.227,66.368,190.922
174.654,140.526,67.837,195.146
169.128,136.006,67.837,195.146
167.857,130.199,69.338,199.464
163.236,127.632,69.338,199.464
164.777,126.092,69.338,199.464
158.093,127.724,67.859,195.210
156.821,127.128,69.360,199.529
154.455,126.519,70.895,203.944
154.980,129.144,70.895,203.944
153.406,132.818,70.895,203.944
153.930,135.443,70.895,203.944
154.780,133.732,72.463,208.456
156.390,133.195,72.463,208.456
157.999,131.585,72.463,208.456
156.390,131.049,72.463,208.456
155.853,130.512,72.463,208.456
155.317,129.976,72.463,208.456
154.780,130.512,72.463,208.456
155.317,129.976,72.463,208.456
155.853,129.439,72.463,208.456
156.390,129.976,72.463,208.456
155.853,130.512,72.463,208.456
155.317,131.049,72.463,208.456
155.853,131.585,72.463,208.456
156.390,131.049,72.463,208.456
155.853,130.512,72.463,208.456
155.317,131.049,72.463,208.456
154.780,130.512,72.463,208.456
154.535,127.650,74.067,213.068
155.083,128.198,74.067,213.068
155.345,130.998,72.487,208.525
155.881,130.462,72.487,208.525
156.418,129.925,72.487,208.525
156.955,129.388,72.487,208.525
157.492,130.998,72.487,208.525
158.028,131.535,72.487,208.525
158.565,132.072,72.487,208.525
158.028,131.535,72.487,208.525
157.492,132.072,72.487,208.525
156.955,131.535,72.487,208.525
161.349,132.207,70.941,204.078
199.257,137.034,72.511,208.593
210.898,141.845,70.965,204.145
156.777,135.014,70.965,204.145
156.251,134.489,70.965,204.145
156.777,133.964,70.965,204.145
157.302,133.438,70.965,204.145
156.777,132.913,70.965,204.145
156.251,133.438,70.965,204.145
155.726,133.964,70.965,204.145
156.251,133.438,70.965,204.145
155.726,132.913,70.965,204.145
156.251,132.387,70.965,204.145
155.726,132.913,70.965,204.145
156.251,133.438,70.965,204.145
155.726,132.913,70.965,204.145
156.251,133.438,70.965,204.145
155.726,133.964,70.965,204.145
156.251,133.438,70.965,204.145
155.726,132.913,70.965,204.145
155.200,133.438,70.965,204.145
154.675,132.913,70.965,204.145
155.200,133.438,70.965,204.145
155.726,132.913,70.965,204.145
155.200,133.438,70.965,204.145
154.675,132.913,70.965,204.145
153.345,131.199,72.535,208.661
152.808,130.662,72.535,208.661
151.196,131.199,72.535,208.661
150.659,130.662,72.535,208.661
150.122,131.199,72.535,208.661
150.659,131.737,72.535,208.661
150.122,132.274,72.535,208.661
150.659,132.811,72.535,208.661
150.122,133.348,72.535,208.661
150.659,132.811,72.535,208.661
150.122,133.348,72.535,208.661
150.659,133.885,72.535,208.661
150.122,133.348,72.535,208.661
150.659,133.885,72.535,208.661
150.122,133.348,72.535,208.661
150.659,133.885,72.535,208.661
150.122,133.348,72.535,208.661
150.659,132.811,72.535,208.661
150.122,132.274,72.535,208.661
150.659,132.811,72.535,208.661
150.122,133.348,72.535,208.661
150.659,132.811,72.535,208.661
150.122,133.348,72.535,208.661
150.659,132.811,72.535,208.661
150.122,132.274,72.535,208.661
149.877,129.408,74.140,213.278
150.426,129.957,74.140,213.278
151.746,132.760,72.559,208.730
151.208,133.298,72.559,208.730
150.671,133.835,72.559,208.730
150.134,134.372,72.559,208.730
150.390,136.080,71.011,204.279
150.640,138.765,69.497,199.922
149.096,139.279,69.497,199.922
148.582,139.794,69.497,199.922
148.067,140.308,69.497,199.922
148.582,140.823,69.497,199.922
147.279,139.145,71.034,204.346
146.753,139.671,71.034,204.346
147.279,139.145,71.034,204.346
147.805,139.671,71.034,204.346
148.331,139.145,71.034,204.346
147.805,139.671,71.034,204.346
148.331,139.145,71.034,204.346
147.805,140.723,71.034,204.346
148.055,143.409,69.520,199.988
147.541,142.894,69.520,199.988
148.055,143.409,69.520,199.988
148.570,141.865,69.520,199.988
148.055,141.350,69.520,199.988
148.570,140.835,69.520,199.988
148.055,140.321,69.520,199.988
148.570,139.806,69.520,199.988
148.055,140.321,69.520,199.988
148.570,139.806,69.520,199.988
148.055,140.321,69.520,199.988
148.570,139.806,69.520,199.988
148.055,140.321,69.520,199.988
148.570,139.806,69.520,199.988
148.055,140.321,69.520,199.988
148.570,139.806,69.520,199.988
148.055,140.321,69.520,199.988
148.570,139.806,69.520,199.988
149.085,140.321,69.520,199.988
149.600,139.806,69.520,199.988
149.085,140.321,69.520,199.988
149.600,139.806,69.520,199.988
149.085,140.321,69.520,199.988
148.570,139.806,69.520,199.988
149.085,140.321,69.520,199.988
148.570,139.806,69.520,199.988
148.055,140.321,69.520,199.988
148.570,139.806,69.520,199.988
148.055,140.321,69.520,199.988
148.570,139.806,69.520,199.988
148.055,140.321,69.520,199.988
148.570,139.806,69.520,199.988
148.055,140.321,69.520,199.988
148.570,139.806,69.520,199.988
148.055,140.321,69.520,199.988
148.570,139.806,69.520,199.988
149.085,140.321,69.520,199.988
149.600,139.806,69.520,199.988
149.085,140.321,69.520,199.988
148.570,139.806,69.520,199.988
148.055,140.321,69.520,199.988
148.570,139.806,69.520,199.988
149.085,140.321,69.520,199.988
149.600,139.806,69.520,199.988
149.085,140.321,69.520,199.988
148.570,139.806,69.520,199.988
149.085,140.321,69.520,199.988
148.570,139.806,69.520,199.988
149.085,140.321,69.520,199.988
149.600,139.806,69.520,199.988
149.085,140.321,69.520,199.988
148.570,139.806,69.520,199.988
148.055,140.321,69.520,199.988
148.570,139.806,69.520,199.988
148.055,140.321,69.520,199.988
148.570,139.806,69.520,199.988
148.055,140.321,69.520,199.988
148.570,139.806,69.520,199.988
148.055,140.321,69.520,199.988
148.570,139.806,69.520,199.988
149.085,140.321,69.520,199.988
148.570,139.806,69.520,199.988
148.055,140.321,69.520,199.988
148.570,140.835,69.520,199.988
148.055,141.350,69.520,199.988
