344.000,560.000,28.000,103.000
344.741,559.753,28.000,103.000
345.482,559.012,28.000,103.000
346.967,557.616,28.619,105.279
347.437,556.189,29.253,107.608
348.452,556.338,29.900,109.989
350.299,555.546,29.900,109.989
350.035,555.810,29.900,109.989
350.299,557.657,29.900,109.989
348.329,558.067,29.262,107.643
350.416,556.072,29.910,110.025
348.955,555.465,29.272,107.679
353.862,554.173,29.272,107.679
364.382,554.077,28.648,105.382
363.803,552.124,29.281,107.714
371.836,555.514,28.657,105.417
374.823,555.419,28.046,103.169
374.080,557.647,28.046,103.169
373.513,556.762,28.666,105.452
373.766,556.509,28.666,105.452
375.537,554.738,28.666,105.452
375.790,553.980,28.666,105.452
376.549,553.727,28.666,105.452
378.319,553.980,28.666,105.452
381.608,553.221,28.666,105.452
384.596,555.076,28.055,103.203
385.833,556.809,28.055,103.203
388.557,553.096,28.055,103.203
390.290,556.314,28.055,103.203
391.032,554.581,28.055,103.203
392.765,552.848,28.055,103.203
393.508,554.086,28.055,103.203
396.537,551.147,28.676,105.486
398.582,552.867,29.310,107.820
398.324,551.057,29.310,107.820
399.617,549.764,29.310,107.820
401.945,546.401,29.310,107.820
402.426,543.330,29.959,110.206
402.917,545.677,30.622,112.644
397.252,548.075,31.299,115.136
405.814,550.008,31.299,115.136
410.912,547.875,31.992,117.684
410.065,547.028,31.992,117.684
411.477,548.440,31.992,117.684
408.936,547.028,31.992,117.684
410.912,548.440,31.992,117.684
414.017,549.287,31.992,117.684
414.864,549.569,31.992,117.684
415.147,549.287,31.992,117.684
415.993,550.134,31.992,117.684
416.840,549.287,31.992,117.684
417.687,549.004,31.992,117.684
418.534,548.157,31.992,117.684
419.946,548.440,31.992,117.684
422.486,549.851,31.992,117.684
421.075,549.004,31.992,117.684
417.499,522.807,32.699,120.287
421.463,516.580,32.002,117.722
396.205,524.946,32.710,120.327
357.882,537.636,32.013,117.761
309.169,519.041,32.721,120.366
288.089,522.273,32.023,117.799
209.455,529.472,32.732,120.406
178.345,521.569,32.034,117.838
174.055,525.822,31.350,115.325
147.458,521.452,30.682,112.866
114.121,511.956,30.028,110.459
40.387,501.112,30.692,112.903
13.827,489.003,30.037,110.495
8.819,479.805,30.702,112.940
-1.358,485.021,31.381,115.438
-17.507,485.180,32.076,117.993
-20.055,482.633,32.076,117.993
-21.622,478.162,31.392,115.476
-21.021,476.990,30.722,113.014
-23.892,476.584,31.402,115.514
-25.677,478.468,32.097,118.070
42.436,538.578,32.807,120.682
60.923,536.795,32.107,118.109
64.816,537.235,31.423,115.590
63.814,539.804,30.752,113.125
60.742,543.364,30.097,110.713
62.070,544.161,30.097,110.713
62.647,543.550,29.455,108.352
65.717,543.452,28.827,106.041
64.954,544.724,28.827,106.041
64.525,543.648,28.212,103.780
63.147,547.394,27.610,101.566
63.676,544.955,27.021,99.401
62.484,547.101,27.021,99.401
64.380,546.092,26.445,97.281
62.188,546.905,25.881,95.206
59.162,546.379,25.329,93.176
50.445,548.391,25.329,93.176
46.686,547.128,25.890,95.237
47.183,545.281,25.338,93.206
45.082,541.749,24.797,91.219
42.183,539.136,24.269,89.274
45.395,541.492,24.269,89.274
53.792,522.951,24.805,91.249
57.378,518.081,25.354,93.268
55.937,517.746,25.915,95.331
53.041,514.556,26.489,97.440
50.080,510.325,27.075,99.596
48.296,507.933,26.497,97.472
44.747,511.451,25.932,95.394
43.480,510.042,25.379,93.359
39.714,506.918,25.941,95.425
38.112,504.858,25.941,95.425
36.637,503.565,26.515,97.536
34.159,505.156,27.101,99.694
30.572,503.004,27.101,99.694
19.810,506.591,27.101,99.694
14.336,503.275,26.523,97.568
11.293,499.764,26.523,97.568
11.996,495.317,26.523,97.568
11.762,491.806,26.523,97.568
11.528,493.912,26.523,97.568
7.073,493.825,25.958,95.488
4.172,486.827,26.532,97.600
2.533,481.911,26.532,97.600
37.794,513.416,25.966,95.519
35.641,514.214,25.413,93.482
36.561,513.265,24.871,91.488
33.653,514.875,24.340,89.537
30.932,515.445,24.879,91.518
23.141,535.160,25.429,93.543
19.775,535.384,25.429,93.543
16.933,534.116,25.992,95.613
14.410,532.052,25.992,95.613
12.932,535.040,26.567,97.728
6.558,532.256,27.155,99.891
3.025,531.897,27.756,102.101
3.557,534.638,27.164,99.923
1.879,530.563,27.164,99.923
-0.162,522.743,27.765,102.134
-2.464,522.179,27.173,99.956
-3.183,524.817,27.173,99.956
-4.727,533.413,27.774,102.168
50.907,540.520,27.774,102.168
61.025,538.627,28.388,104.428
60.121,540.465,27.783,102.201
60.856,539.730,27.783,102.201
62.572,540.465,27.783,102.201
63.105,540.846,27.190,100.022
65.044,539.988,27.792,102.235
62.837,539.253,27.792,102.235
64.554,538.517,27.792,102.235
66.505,537.480,27.199,100.054
68.414,536.927,26.619,97.921
66.300,535.753,26.619,97.921
65.596,535.988,26.619,97.921
63.481,537.162,26.619,97.921
66.535,535.048,26.619,97.921
65.022,534.208,27.208,100.087
63.476,534.347,27.810,102.302
60.877,529.905,28.425,104.565
58.220,529.529,29.054,106.879
57.788,530.422,28.435,104.599
53.523,528.665,28.435,104.599
51.766,528.916,28.435,104.599
51.344,530.757,27.828,102.369
50.607,531.494,27.828,102.369
48.006,529.597,28.444,104.634
47.100,531.922,27.838,102.402
46.686,530.409,27.244,100.219
44.639,530.548,27.847,102.436
41.857,531.877,27.253,100.251
40.989,531.787,26.672,98.114
37.458,530.139,26.672,98.114
34.794,528.690,26.103,96.021
35.222,534.080,26.680,98.146
32.728,532.262,27.271,100.317
31.677,531.402,27.874,102.537
28.562,532.054,28.491,104.805
25.899,531.155,29.121,107.124
24.777,530.237,29.765,109.494
21.995,530.388,30.424,111.917
18.595,526.643,31.097,114.393
16.827,527.371,31.785,116.924
17.977,525.644,31.107,114.430
28.628,530.832,30.444,111.990
46.301,533.839,29.795,109.602
49.406,533.741,29.159,107.265
47.605,535.542,29.159,107.265
47.668,535.942,28.538,104.977
46.759,538.760,27.929,102.739
47.769,539.618,27.333,100.548
47.363,539.528,26.750,98.403
47.599,539.292,26.750,98.403
47.202,538.293,26.180,96.305
49.281,539.910,26.180,96.305
48.588,541.065,26.180,96.305
49.017,541.198,26.759,98.436
49.456,542.314,27.351,100.614
51.842,542.224,26.768,98.468
55.542,544.412,26.197,96.368
52.537,543.719,26.197,96.368
55.845,544.811,26.777,98.500
51.871,544.947,27.369,100.680
55.655,546.254,26.786,98.533
60.018,546.390,27.378,100.713
59.611,544.902,26.794,98.565
58.429,546.557,26.794,98.565
57.120,545.101,26.223,96.463
59.202,545.796,26.223,96.463
57.028,544.371,25.664,94.406
58.161,545.503,25.664,94.406
55.762,544.694,26.232,96.495
56.192,545.307,26.812,98.630
57.123,545.934,27.405,100.812
58.816,546.176,27.405,100.812
57.943,545.620,26.821,98.662
60.073,546.803,26.821,98.662
60.131,547.170,26.249,96.558
58.509,547.402,26.249,96.558
59.668,547.170,26.249,96.558
60.579,547.304,26.830,98.694
59.054,545.966,27.423,100.878
59.780,546.692,27.423,100.878
58.439,547.068,26.838,98.727
57.729,547.305,26.838,98.727
59.860,547.542,26.838,98.727
58.676,546.831,26.838,98.727
60.334,548.016,26.838,98.727
58.109,546.557,26.266,96.621
59.268,547.253,26.266,96.621
58.431,547.166,25.706,94.561
55.558,548.238,26.275,96.653
55.790,546.151,26.275,96.653
56.949,548.702,26.275,96.653
56.559,546.827,25.714,94.592
54.865,546.742,25.166,92.575
56.631,549.227,24.629,90.600
56.684,547.051,24.104,88.668
52.666,549.822,24.637,90.630
43.499,559.380,24.112,88.697
48.063,561.761,23.598,86.806
55.768,557.388,23.598,86.806
63.847,554.099,23.094,84.955
69.397,552.844,22.602,83.143
71.591,553.442,22.602,83.143
83.558,552.214,22.120,81.370
92.342,553.581,22.120,81.370
92.766,555.389,21.648,79.635
94.310,556.292,22.127,81.397
95.677,555.706,22.127,81.397
96.653,555.511,22.127,81.397
105.050,557.268,22.127,81.397
109.541,559.806,22.127,81.397
111.298,558.830,22.127,81.397
113.446,562.931,22.127,81.397
117.546,565.469,22.127,81.397
124.380,562.931,22.127,81.397
127.700,565.859,22.127,81.397
143.054,561.920,22.617,83.198
146.738,563.278,23.117,85.038
150.327,564.774,22.624,83.225
155.379,565.469,22.142,81.450
164.466,567.656,21.670,79.713
173.071,564.405,21.670,79.713
186.647,561.919,21.670,79.713
190.281,561.728,21.670,79.713
189.325,562.302,21.670,79.713
194.105,562.111,21.670,79.713
198.503,561.537,21.670,79.713
200.607,561.346,21.670,79.713
204.240,560.390,21.670,79.713
212.845,559.051,21.670,79.713
213.801,560.772,21.670,79.713
214.757,559.434,21.670,79.713
217.625,560.007,21.670,79.713
222.406,561.346,21.670,79.713
225.274,561.919,21.670,79.713
231.584,560.963,21.670,79.713
235.317,563.103,21.207,78.013
240.744,563.291,21.207,78.013
245.049,564.226,21.207,78.013
252.347,562.916,21.207,78.013
268.628,561.606,21.207,78.013
272.933,559.548,21.207,78.013
273.120,558.986,21.207,78.013
279.299,557.473,20.755,76.350
286.405,552.462,20.313,74.721
298.268,549.589,20.762,76.375
301.650,547.034,21.221,78.064
301.609,545.199,21.691,79.792
307.160,548.070,21.691,79.792
309.265,550.941,21.691,79.792
311.371,554.195,21.691,79.792
313.632,555.968,21.228,78.090
318.011,559.509,20.776,76.425
321.395,561.517,21.235,78.116
324.692,562.169,20.782,76.450
328.272,563.868,20.339,74.819
335.272,562.971,20.339,74.819
340.851,565.325,19.906,73.224
346.651,566.276,19.481,71.662
348.754,567.088,19.912,73.248
354.894,569.393,19.487,71.686
368.773,566.281,19.919,73.272
387.228,548.528,19.919,73.272
388.459,545.540,19.919,73.272
385.791,545.474,19.494,71.709
382.849,540.436,19.078,70.180
385.486,538.750,18.671,68.683
396.732,562.435,19.084,70.203
397.046,564.279,19.507,71.756
399.509,562.235,19.938,73.344
405.677,559.781,20.379,74.967
408.250,563.243,20.830,76.625
410.117,565.256,21.291,78.321
414.510,566.996,20.837,76.650
418.003,566.445,20.837,76.650
419.871,566.169,21.298,78.346
429.080,570.116,21.298,78.346
434.561,571.495,20.844,76.676
437.320,569.103,20.844,76.676
440.814,570.759,20.844,76.676
444.760,567.853,20.399,75.040
452.565,564.595,20.851,76.701
462.684,563.307,20.851,76.701
469.468,562.884,20.406,75.065
470.729,563.064,20.406,75.065
474.591,557.790,19.971,73.464
480.749,556.025,19.545,71.898
483.119,557.623,19.128,70.364
486.089,553.655,18.720,68.864
492.498,555.822,18.321,67.395
497.830,558.599,18.726,68.886
502.012,562.997,18.327,67.417
513.051,568.124,18.733,68.909
540.496,562.963,18.333,67.439
567.837,591.275,18.333,67.439
564.763,592.083,18.333,67.439
562.983,591.275,18.333,67.439
559.586,592.731,18.333,67.439
556.512,594.187,18.333,67.439
554.463,602.001,18.739,68.932
553.055,603.468,19.153,70.457
555.122,605.670,19.577,72.016
560.462,608.279,20.010,73.609
566.286,606.548,20.453,75.238
580.595,608.916,20.017,73.633
586.767,607.147,19.590,72.063
588.476,608.416,19.172,70.526
592.757,607.374,18.763,69.022
595.032,607.312,18.363,67.550
601.385,604.379,18.769,69.045
609.832,606.201,18.769,69.045
615.298,603.717,18.769,69.045
616.935,602.377,18.369,67.572
619.787,605.754,17.977,66.131
623.435,608.451,17.977,66.131
626.532,607.780,17.594,64.721
629.264,608.021,17.219,63.341
635.159,610.307,16.852,61.990
637.287,611.936,17.225,63.362
640.175,613.304,17.225,63.362
646.951,613.247,16.857,62.010
652.436,611.471,16.498,60.688
653.594,609.452,16.146,59.394
658.298,611.046,15.802,58.127
664.573,610.070,15.802,58.127
670.908,607.836,16.151,59.413
677.321,603.988,16.151,59.413
679.952,604.661,16.509,60.728
685.925,603.642,16.509,60.728
695.869,604.632,16.874,62.071
718.700,583.708,17.247,63.445
724.984,581.585,17.629,64.848
726.887,580.061,18.019,66.283
727.842,578.833,18.417,67.750
728.822,578.458,18.025,66.305
731.526,578.936,18.025,66.305
734.937,579.796,17.640,64.891
737.165,581.501,18.031,66.327
735.150,593.808,18.430,67.794
739.501,599.301,18.837,69.294
745.319,600.464,18.837,69.294
750.140,601.960,18.837,69.294
763.556,597.917,19.254,70.827
771.541,596.048,19.254,70.827
772.565,595.657,18.843,69.317
783.184,602.006,18.442,67.839
790.753,603.827,18.048,66.392
794.734,603.986,18.048,66.392
802.631,602.095,18.448,67.861
810.365,602.527,18.856,69.362
816.821,600.540,18.454,67.883
825.909,599.620,18.862,69.385
833.126,599.025,19.279,70.920
833.795,598.064,19.706,72.489
838.809,595.638,20.142,74.093
842.621,598.655,19.712,72.513
845.578,599.873,19.712,72.513
850.275,599.351,19.712,72.513
854.677,602.639,19.292,70.967
858.526,602.031,19.719,72.537
858.127,601.048,20.155,74.142
861.779,598.936,20.601,75.782
901.227,596.209,20.601,75.782
904.426,595.791,20.162,74.166
905.126,597.001,20.608,75.807
904.332,593.709,21.064,77.484
903.031,592.408,21.064,77.484
946.573,573.231,21.530,79.199
949.423,573.041,21.530,79.199
950.373,572.471,21.530,79.199
947.903,573.421,21.530,79.199
948.473,572.851,21.530,79.199
948.283,573.421,21.530,79.199
946.953,572.471,21.530,79.199
