118.000,96.000,39.000,144.000
118.345,95.655,39.000,144.000
119.380,95.310,39.000,144.000
121.455,92.643,39.863,147.186
123.219,92.290,39.863,147.186
123.144,88.832,40.745,150.442
123.504,89.914,40.745,150.442
124.286,90.475,39.876,147.234
125.052,91.025,39.026,144.094
125.397,89.989,39.026,144.094
125.742,90.334,39.026,144.094
126.778,90.679,39.026,144.094
126.433,91.715,39.026,144.094
117.109,94.133,39.026,144.094
112.737,92.180,39.889,147.283
99.478,93.847,40.772,150.541
91.167,100.790,41.674,153.872
87.848,102.634,41.674,153.872
77.892,107.428,41.674,153.872
74.753,106.873,42.596,157.276
70.484,111.093,41.687,153.922
68.875,112.070,42.610,157.328
66.448,113.067,43.552,160.809
63.967,114.887,44.516,164.367
63.303,115.500,43.567,160.861
63.396,122.789,42.638,157.431
66.396,128.468,41.728,154.074
67.503,131.791,41.728,154.074
77.385,135.067,42.652,157.483
78.871,137.632,43.595,160.967
83.592,137.052,44.560,164.528
85.144,129.095,45.546,168.169
87.572,132.831,44.574,164.582
88.755,127.703,44.574,164.582
97.214,129.078,43.624,161.073
95.530,123.692,44.589,164.636
101.448,127.243,44.589,164.636
97.108,122.903,44.589,164.636
106.030,119.853,45.576,168.279
111.801,122.594,46.584,172.002
117.160,127.953,46.584,172.002
118.054,122.238,45.590,168.334
115.041,117.423,44.618,164.744
123.332,121.766,44.618,164.744
129.254,122.160,44.618,164.744
125.893,108.459,45.605,168.389
135.018,100.316,46.614,172.115
146.912,95.417,47.646,175.923
159.139,101.741,47.646,175.923
160.866,113.775,46.630,172.171
164.147,121.577,45.635,168.500
167.358,125.319,44.662,164.906
173.834,124.725,45.650,168.555
182.317,127.553,45.650,168.555
185.144,123.917,45.650,168.555
189.135,129.218,44.677,164.960
191.112,131.986,44.677,164.960
178.857,129.218,44.677,164.960
174.671,124.523,45.665,168.610
171.035,122.502,45.665,168.610
178.921,124.689,44.691,165.015
173.914,123.274,45.680,168.666
170.115,129.358,44.706,165.069
167.569,127.122,45.695,168.721
169.225,126.193,44.721,165.123
171.995,122.631,44.721,165.123
169.448,122.857,45.710,168.776
168.234,118.408,45.710,168.776
167.830,115.577,45.710,168.776
166.904,114.969,46.722,172.510
176.567,118.801,45.725,168.831
175.642,119.032,46.737,172.567
181.018,121.927,46.737,172.567
178.356,118.730,47.771,176.385
180.902,118.574,46.752,172.623
182.597,117.623,45.755,168.942
184.191,114.494,46.768,172.680
186.684,115.937,45.770,168.998
184.659,117.962,45.770,168.998
183.195,114.689,44.794,165.394
143.163,109.536,44.794,165.394
139.438,115.502,43.839,161.867
138.274,117.442,43.839,161.867
140.611,113.559,42.904,158.415
142.509,110.143,42.904,158.415
139.092,104.448,42.904,158.415
126.743,102.844,41.989,155.037
120.496,101.514,42.918,158.467
113.999,100.642,42.003,155.087
109.790,101.937,41.107,151.780
107.774,103.205,40.230,148.543
112.130,98.976,41.121,151.830
115.725,97.439,40.244,148.592
123.915,94.234,40.244,148.592
137.730,94.102,39.385,145.423
142.718,98.640,40.257,148.641
149.486,101.134,40.257,148.641
153.405,101.490,40.257,148.641
159.981,96.519,41.148,151.929
157.262,95.683,40.270,148.689
159.404,94.408,41.161,151.979
161.954,89.673,41.161,151.979
160.861,88.580,41.161,151.979
156.126,94.043,41.161,151.979
155.762,92.222,41.161,151.979
156.552,93.492,40.283,148.738
155.951,92.673,39.424,145.566
158.052,93.889,38.583,142.462
160.109,93.762,37.761,139.424
162.766,94.927,36.955,136.451
157.171,97.958,36.167,133.541
138.290,101.478,36.167,133.541
132.815,103.210,35.396,130.693
128.743,104.777,35.396,130.693
118.278,99.756,36.179,133.585
110.275,100.717,36.179,133.585
106.113,100.397,36.179,133.585
102.487,102.747,35.408,130.736
98.520,108.127,36.191,133.629
94.357,113.571,36.191,133.629
89.553,114.531,36.191,133.629
87.952,111.649,36.191,133.629
93.396,111.329,36.191,133.629
101.402,113.571,36.191,133.629
113.295,113.089,36.992,136.585
118.860,117.999,36.992,136.585
122.865,120.903,37.810,139.607
124.236,126.583,37.004,136.630
125.873,125.601,37.004,136.630
127.845,124.218,36.215,133.716
127.305,121.628,35.443,130.865
127.238,120.506,36.227,133.760
125.175,118.028,37.028,136.719
126.813,120.977,37.028,136.719
127.523,120.856,36.239,133.804
127.455,122.370,37.040,136.764
127.386,119.157,37.860,139.790
128.112,116.450,37.052,136.809
129.403,111.875,37.872,139.836
132.419,108.859,37.872,139.836
134.438,110.673,37.065,136.854
135.781,114.345,36.274,133.936
137.715,119.795,35.501,131.079
142.211,119.322,36.286,133.979
143.475,114.176,37.089,136.944
147.742,108.597,37.089,136.944
149.715,104.017,37.910,139.974
151.392,106.366,37.910,139.974
153.069,111.397,37.910,139.974
150.050,116.429,37.910,139.974
152.718,120.185,37.101,136.989
155.016,115.260,37.101,136.989
152.563,111.975,36.310,134.067
154.812,110.368,36.310,134.067
157.704,114.545,36.310,134.067
152.207,120.620,35.536,131.208
148.120,129.109,35.536,131.208
144.032,133.197,35.536,131.208
136.788,129.462,36.322,134.111
131.909,123.147,35.547,131.251
121.529,124.091,35.547,131.251
107.659,123.975,34.789,128.452
101.799,123.267,34.047,125.713
95.483,126.060,33.321,123.032
94.197,126.840,34.058,125.754
98.336,127.309,33.332,123.073
105.618,123.806,34.070,125.796
108.681,121.476,34.823,128.579
112.320,121.956,34.081,125.837
116.843,126.480,34.081,125.837
126.795,133.416,34.081,125.837
134.334,139.145,34.081,125.837
150.317,137.034,34.081,125.837
165.504,134.597,33.354,123.153
170.696,135.057,32.643,120.527
165.754,141.075,31.947,117.957
159.829,141.237,32.653,120.567
154.371,144.399,33.376,123.234
147.567,150.083,34.114,125.961
147.266,157.630,34.114,125.961
149.707,164.692,34.869,128.747
147.080,167.430,35.641,131.596
148.976,168.264,36.429,134.508
153.590,169.117,37.235,137.484
155.896,170.765,37.235,137.484
151.041,173.004,38.059,140.525
146.077,175.293,38.901,143.635
138.147,170.490,39.762,146.812
139.907,162.397,39.762,146.812
157.625,147.346,38.914,143.682
195.157,118.767,38.914,143.682
207.945,111.104,39.775,146.861
210.061,106.923,40.655,150.110
213.717,110.115,41.554,153.431
177.656,119.902,40.668,150.159
179.824,121.156,39.801,146.957
183.303,118.989,38.952,143.823
181.580,115.887,38.952,143.823
182.328,115.095,38.121,140.756
181.109,116.271,37.308,137.754
177.370,114.876,36.513,134.817
167.483,117.871,35.734,131.942
159.635,124.458,34.972,129.128
154.937,126.134,34.226,126.374
149.789,126.436,34.226,126.374
147.669,126.739,34.226,126.374
150.118,126.912,34.984,129.170
152.904,129.698,34.984,129.170
158.166,134.342,34.984,129.170
161.312,137.730,35.758,132.028
167.154,140.537,36.549,134.949
167.232,137.924,35.769,132.071
168.528,140.247,35.007,129.255
172.555,141.796,35.007,129.255
