598.000,312.000,75.000,200.000
598.527,312.527,75.000,200.000
600.109,313.054,75.000,200.000
603.799,312.527,75.000,200.000
605.380,312.000,75.000,200.000
605.908,311.473,75.000,200.000
606.435,312.000,75.000,200.000
606.962,311.473,75.000,200.000
607.489,312.000,75.000,200.000
608.016,312.527,75.000,200.000
609.598,312.000,75.000,200.000
610.125,312.527,75.000,200.000
611.706,312.000,75.000,200.000
612.234,312.527,75.000,200.000
611.706,312.000,75.000,200.000
612.234,312.527,75.000,200.000
611.951,310.862,76.659,204.425
612.490,311.400,76.659,204.425
611.951,309.784,76.659,204.425
610.334,309.245,76.659,204.425
608.718,308.706,76.659,204.425
608.179,308.167,76.659,204.425
608.718,308.706,76.659,204.425
609.257,308.167,76.659,204.425
610.873,308.706,76.659,204.425
612.820,305.886,78.355,208.948
615.574,304.233,78.355,208.948
618.328,302.581,78.355,208.948
619.980,302.030,78.355,208.948
621.633,301.480,78.355,208.948
620.194,299.740,80.089,213.571
615.220,296.793,81.861,218.296
613.494,298.519,81.861,218.296
611.991,296.701,83.672,223.126
607.874,296.113,83.672,223.126
607.286,296.701,83.672,223.126
604.530,294.843,85.523,228.063
604.208,291.696,87.416,233.108
603.878,288.480,89.350,238.266
605.762,286.596,89.350,238.266
610.158,284.712,89.350,238.266
612.042,284.084,89.350,238.266
614.312,280.797,91.327,243.538
620.628,278.768,93.347,248.926
623.908,280.737,93.347,248.926
626.279,280.025,95.413,254.433
630.095,277.906,97.524,260.063
632.151,277.221,97.524,260.063
631.783,275.055,99.681,265.817
633.885,272.953,99.681,265.817
631.783,275.055,99.681,265.817
619.777,268.480,101.887,271.698
613.448,264.731,104.141,277.709
608.499,260.900,106.445,283.853
606.545,256.983,108.800,290.134
605.781,257.748,108.800,290.134
605.016,255.454,108.800,290.134
601.192,251.630,108.800,290.134
592.780,247.806,108.800,290.134
593.544,247.042,108.800,290.134
592.780,244.747,108.800,290.134
592.015,242.453,108.800,290.134
588.191,235.570,108.800,290.134
581.308,231.746,108.800,290.134
582.073,226.393,108.800,290.134
582.838,227.158,108.800,290.134
583.603,220.275,108.800,290.134
584.367,221.040,108.800,290.134
580.784,217.037,111.207,296.553
573.876,217.811,113.668,303.114
566.686,213.816,113.668,303.114
566.257,212.950,116.183,309.821
558.907,213.767,116.183,309.821
554.824,211.317,116.183,309.821
554.008,210.500,116.183,309.821
553.191,212.950,116.183,309.821
550.741,207.233,116.183,309.821
551.558,211.317,116.183,309.821
547.474,207.233,116.183,309.821
546.658,206.417,116.183,309.821
545.841,207.233,116.183,309.821
546.658,204.783,116.183,309.821
557.274,205.600,116.183,309.821
556.458,203.150,116.183,309.821
573.607,205.600,116.183,309.821
582.590,203.150,116.183,309.821
591.573,200.700,116.183,309.821
595.656,198.250,116.183,309.821
596.473,195.800,116.183,309.821
595.656,196.617,116.183,309.821
596.473,194.167,116.183,309.821
600.556,193.351,116.183,309.821
603.006,190.901,116.183,309.821
605.456,188.451,116.183,309.821
624.239,187.634,116.183,309.821
623.422,188.451,116.183,309.821
638.939,187.634,116.183,309.821
656.088,183.551,116.183,309.821
673.238,181.101,116.183,309.821
681.272,176.826,118.753,316.675
685.446,175.992,118.753,316.675
686.281,178.496,118.753,316.675
690.454,177.661,118.753,316.675
702.975,180.165,118.753,316.675
705.991,175.796,121.381,323.682
708.551,173.236,121.381,323.682
708.093,168.770,124.066,330.843
717.686,169.643,124.066,330.843
718.558,167.026,124.066,330.843
721.174,167.898,124.066,330.843
723.790,165.282,124.066,330.843
729.895,164.410,124.066,330.843
740.463,167.097,121.420,323.788
743.024,167.951,121.420,323.788
745.584,168.804,121.420,323.788
747.701,171.434,118.831,316.883
751.384,172.398,116.297,310.125
758.139,176.492,113.817,303.512
757.339,174.092,113.817,303.512
760.866,175.015,111.390,297.039
761.649,172.666,111.390,297.039
766.103,166.943,113.854,303.611
773.305,166.143,113.854,303.611
777.307,160.541,113.854,303.611
781.308,158.140,113.854,303.611
786.910,152.538,113.854,303.611
789.311,153.339,113.854,303.611
783.709,150.938,113.854,303.611
779.708,146.936,113.854,303.611
774.106,142.935,113.854,303.611
773.305,138.934,113.854,303.611
770.905,134.932,113.854,303.611
770.104,134.132,113.854,303.611
767.704,131.731,113.854,303.611
771.705,130.931,113.854,303.611
775.706,130.131,113.854,303.611
781.308,129.330,113.854,303.611
782.109,126.930,113.854,303.611
781.308,127.730,113.854,303.611
783.709,126.930,113.854,303.611
778.107,129.330,113.854,303.611
772.505,133.332,113.854,303.611
768.504,134.132,113.854,303.611
766.103,136.533,113.854,303.611
766.546,137.456,111.426,297.137
761.063,142.939,111.426,297.137
752.448,148.421,111.426,297.137
747.152,147.572,113.892,303.711
752.225,154.668,111.463,297.234
753.430,147.316,113.929,303.811
748.016,146.447,116.450,310.532
733.989,131.972,119.026,317.403
737.012,131.065,121.660,324.426
729.316,130.210,121.660,324.426
718.211,123.959,124.351,331.603
714.115,130.266,127.103,338.940
713.222,127.586,127.103,338.940
731.983,133.840,127.103,338.940
740.023,141.880,127.103,338.940
731.983,146.347,127.103,338.940
718.582,145.454,127.103,338.940
706.968,153.495,127.103,338.940
707.861,150.814,127.103,338.940
705.181,155.281,127.103,338.940
697.140,154.388,127.103,338.940
681.952,153.495,127.103,338.940
672.125,154.388,127.103,338.940
671.232,151.708,127.103,338.940
670.338,150.814,127.103,338.940
667.658,148.134,127.103,338.940
647.110,145.454,127.103,338.940
633.709,148.134,127.103,338.940
627.455,152.601,127.103,338.940
622.988,151.708,127.103,338.940
622.095,150.814,127.103,338.940
619.415,151.708,127.103,338.940
616.735,149.028,127.103,338.940
612.268,148.134,127.103,338.940
611.374,145.454,127.103,338.940
606.907,149.921,127.103,338.940
606.014,149.028,127.103,338.940
594.400,148.134,127.103,338.940
584.572,147.241,127.103,338.940
572.970,138.857,129.915,346.439
564.752,126.986,129.915,346.439
554.788,114.626,132.789,354.104
550.414,109.741,135.727,361.939
538.012,106.879,135.727,361.939
523.701,105.925,135.727,361.939
511.299,108.787,135.727,361.939
494.951,109.732,138.730,369.947
480.324,116.558,138.730,369.947
483.249,117.533,138.730,369.947
468.622,124.359,138.730,369.947
459.846,127.284,138.730,369.947
449.120,132.160,138.730,369.947
442.294,135.085,138.730,369.947
437.418,136.060,138.730,369.947
436.443,137.035,138.730,369.947
437.418,138.010,138.730,369.947
442.294,140.936,138.730,369.947
453.020,143.861,138.730,369.947
461.796,146.787,138.730,369.947
474.473,145.811,138.730,369.947
475.448,144.836,138.730,369.947
480.324,145.811,138.730,369.947
485.199,144.836,138.730,369.947
490.075,141.911,138.730,369.947
496.901,138.986,138.730,369.947
497.876,139.961,138.730,369.947
498.851,138.986,138.730,369.947
495.925,139.961,138.730,369.947
485.286,132.833,141.799,378.132
478.309,131.836,141.799,378.132
473.325,128.846,141.799,378.132
468.112,128.075,138.775,370.068
467.137,131.001,138.775,370.068
464.210,130.026,138.775,370.068
465.186,131.001,138.775,370.068
468.112,131.977,138.775,370.068
476.891,129.050,138.775,370.068
481.769,128.075,138.775,370.068
484.695,127.099,138.775,370.068
460.309,122.222,138.775,370.068
447.628,121.247,138.775,370.068
444.702,120.271,138.775,370.068
432.021,121.247,138.775,370.068
427.144,124.173,138.775,370.068
426.168,125.148,138.775,370.068
419.340,126.124,138.775,370.068
422.266,131.001,138.775,370.068
443.490,135.887,135.816,362.176
455.900,142.570,135.816,362.176
470.220,147.343,135.816,362.176
471.175,148.298,135.816,362.176
482.744,154.920,132.920,354.453
485.062,161.401,130.085,346.894
482.043,164.218,127.311,339.496
479.358,163.323,127.311,339.496
477.021,160.496,130.128,347.008
476.531,157.606,133.007,354.685
481.849,152.713,135.950,362.533
478.982,149.846,135.950,362.533
464.649,139.334,135.950,362.533
450.256,124.418,138.958,370.554
449.732,115.252,142.032,378.752
447.125,110.027,145.174,387.132
475.229,109.237,142.079,378.876
490.209,106.241,142.079,378.876
507.186,111.234,142.079,378.876
528.158,114.230,142.079,378.876
543.138,113.231,142.079,378.876
544.137,112.233,142.079,378.876
551.128,117.226,142.079,378.876
554.124,120.222,142.079,378.876
541.141,123.218,142.079,378.876
534.150,126.214,142.079,378.876
541.141,127.213,142.079,378.876
540.142,126.214,142.079,378.876
543.138,133.205,142.079,378.876
542.139,136.201,142.079,378.876
547.133,141.194,142.079,378.876
558.118,146.187,142.079,378.876
571.101,149.183,142.079,378.876
574.097,146.187,142.079,378.876
585.082,151.181,142.079,378.876
594.070,152.179,142.079,378.876
601.061,143.191,142.079,378.876
608.051,130.209,142.079,378.876
606.679,125.585,139.049,370.797
607.656,126.563,139.049,370.797
600.814,123.631,139.049,370.797
597.587,119.106,136.083,362.889
598.116,120.209,133.181,355.150
604.047,112.267,130.341,347.577
619.622,98.524,130.341,347.577
620.538,99.440,130.341,347.577
626.951,93.027,130.341,347.577
631.532,90.279,130.341,347.577
640.870,91.336,127.562,340.165
650.008,101.012,124.841,332.910
664.925,112.420,124.841,332.910
665.803,111.542,124.841,332.910
671.945,119.440,124.841,332.910
683.353,122.072,124.841,332.910
689.495,124.705,124.841,332.910
695.638,125.582,124.841,332.910
701.780,124.705,124.841,332.910
704.413,123.827,124.841,332.910
703.535,121.195,124.841,332.910
699.148,122.072,124.841,332.910
694.760,117.685,124.841,332.910
692.128,111.542,124.841,332.910
691.250,100.135,124.841,332.910
690.373,99.257,124.841,332.910
689.495,84.339,124.841,332.910
688.618,76.442,124.841,332.910
682.475,75.564,124.841,332.910
674.578,71.177,124.841,332.910
666.680,77.319,124.841,332.910
665.803,76.442,124.841,332.910
661.415,94.870,124.841,332.910
653.443,119.564,122.179,325.811
643.985,142.076,119.574,318.863
633.108,159.248,117.024,312.063
624.049,169.711,114.528,305.408
613.632,176.847,112.086,298.895
612.844,176.059,112.086,298.895
601.026,178.422,112.086,298.895
592.360,179.210,112.086,298.895
592.796,183.157,109.696,292.521
603.627,195.937,107.356,286.283
607.400,196.692,107.356,286.283
608.154,195.937,107.356,286.283
611.927,199.710,107.356,286.283
617.209,195.937,107.356,286.283
628.528,199.710,107.356,286.283
633.811,198.955,107.356,286.283
637.584,198.201,107.356,286.283
638.338,197.446,107.356,286.283
643.620,198.201,107.356,286.283
650.412,201.974,107.356,286.283
658.713,198.201,107.356,286.283
657.958,200.465,107.356,286.283
657.203,198.201,107.356,286.283
656.449,198.955,107.356,286.283
660.222,198.201,107.356,286.283
665.504,197.446,107.356,286.283
667.768,201.219,107.356,286.283
670.032,201.974,107.356,286.283
674.324,198.024,109.731,292.617
676.638,200.338,109.731,292.617
685.986,207.175,107.391,286.377
688.250,210.949,107.391,286.377
682.966,213.214,107.391,286.377
670.134,212.459,107.391,286.377
663.464,202.242,109.767,292.713
663.050,196.603,112.196,299.190
654.445,199.020,114.678,305.809
643.977,189.783,117.216,312.575
629.971,190.607,117.216,312.575
614.317,184.840,117.216,312.575
608.549,188.959,117.216,312.575
609.373,186.488,117.216,312.575
606.901,190.607,117.216,312.575
599.486,183.192,117.216,312.575
593.719,187.312,117.216,312.575
589.599,193.079,117.216,312.575
590.423,197.199,117.216,312.575
591.247,196.375,117.216,312.575
593.719,198.846,117.216,312.575
594.543,199.670,117.216,312.575
590.423,203.790,117.216,312.575
586.304,204.614,117.216,312.575
577.241,207.085,117.216,312.575
576.417,207.909,117.216,312.575
565.706,203.790,117.216,312.575
558.291,207.909,117.216,312.575
557.467,208.733,117.216,312.575
556.335,211.272,114.716,305.909
553.916,213.691,114.716,305.909
553.109,212.885,114.716,305.909
553.916,210.466,114.716,305.909
556.335,212.885,114.716,305.909
557.141,212.078,114.716,305.909
556.335,214.497,114.716,305.909
553.916,216.916,114.716,305.909
553.109,216.110,114.716,305.909
552.303,220.142,114.716,305.909
549.884,222.561,114.716,305.909
547.465,224.980,114.716,305.909
543.433,229.011,114.716,305.909
539.402,233.043,114.716,305.909
538.595,235.462,114.716,305.909
539.402,236.268,114.716,305.909
541.821,241.913,114.716,305.909
544.240,247.557,114.716,305.909
545.046,251.589,114.716,305.909
545.852,257.233,114.716,305.909
545.046,258.039,114.716,305.909
544.240,258.846,114.716,305.909
543.433,264.490,114.716,305.909
543.879,268.529,112.270,299.386
536.710,272.482,109.875,293.001
526.670,273.254,109.875,293.001
525.897,272.482,109.875,293.001
515.903,277.839,107.532,286.753
510.493,277.254,105.239,280.638
506.624,280.960,102.995,274.653
505.900,278.788,102.995,274.653
505.176,278.064,102.995,274.653
504.452,278.788,102.995,274.653
505.176,278.064,102.995,274.653
505.900,277.340,102.995,274.653
508.072,279.512,102.995,274.653
505.900,281.684,102.995,274.653
503.728,282.408,102.995,274.653
504.452,281.684,102.995,274.653
502.280,282.408,102.995,274.653
501.556,280.236,102.995,274.653
502.280,275.168,102.995,274.653
498.661,265.757,102.995,274.653
495.041,253.450,102.995,274.653
494.317,254.174,102.995,274.653
497.508,243.844,100.799,268.796
500.632,239.198,98.649,263.064
499.679,238.662,96.545,257.454
492.214,236.626,96.545,257.454
493.898,238.717,94.486,251.964
491.905,239.381,94.486,251.964
491.241,236.060,94.486,251.964
486.592,238.053,94.486,251.964
487.256,236.060,94.486,251.964
487.920,238.053,94.486,251.964
491.241,236.060,94.486,251.964
491.905,236.725,94.486,251.964
495.226,237.389,94.486,251.964
502.531,238.053,94.486,251.964
508.509,237.389,94.486,251.964
511.829,238.053,94.486,251.964
517.807,236.060,94.486,251.964
518.471,235.396,94.486,251.964
525.776,234.732,94.486,251.964
534.410,230.083,94.486,251.964
541.179,230.849,92.471,246.591
547.029,223.700,92.471,246.591
548.979,220.450,92.471,246.591
548.329,221.100,92.471,246.591
548.979,212.650,92.471,246.591
547.029,214.600,92.471,246.591
541.179,211.350,92.471,246.591
535.329,209.400,92.471,246.591
538.195,211.403,90.499,241.332
539.773,213.363,88.570,236.186
536.660,216.476,88.570,236.186
538.528,215.853,88.570,236.186
541.640,217.721,88.570,236.186
541.018,217.098,88.570,236.186
539.150,216.476,88.570,236.186
538.527,215.853,88.570,236.186
535.415,215.231,88.570,236.186
531.057,217.098,88.570,236.186
527.944,217.721,88.570,236.186
528.567,220.834,88.570,236.186
531.679,225.191,88.570,236.186
532.302,224.569,88.570,236.186
537.905,230.172,88.570,236.186
543.508,232.039,88.570,236.186
549.111,238.888,88.570,236.186
554.714,243.245,88.570,236.186
565.297,243.868,88.570,236.186
565.920,246.981,88.570,236.186
574.013,242.623,88.570,236.186
568.512,248.407,90.529,241.411
571.694,242.680,90.529,241.411
578.179,250.774,88.599,236.263
588.127,256.294,86.709,231.225
589.956,256.904,86.709,231.225
586.908,256.294,86.709,231.225
585.080,258.123,86.709,231.225
585.689,258.732,86.709,231.225
586.299,259.342,86.709,231.225
588.127,259.951,86.709,231.225
588.737,260.561,86.709,231.225
591.784,259.951,86.709,231.225
594.831,261.780,86.709,231.225
602.755,262.389,86.709,231.225
613.116,262.998,86.709,231.225
628.353,262.389,86.709,231.225
627.743,262.998,86.709,231.225
638.104,262.389,86.709,231.225
646.027,261.780,86.709,231.225
650.294,263.608,86.709,231.225
654.560,264.217,86.709,231.225
661.264,262.389,86.709,231.225
661.874,262.998,86.709,231.225
668.085,267.226,84.860,226.294
678.225,266.630,84.860,226.294
685.454,263.868,83.050,221.468
698.881,259.782,83.050,221.468
716.083,258.205,81.279,216.745
716.655,259.919,81.279,216.745
729.795,255.920,81.279,216.745
737.820,255.477,79.546,212.123
741.734,252.682,79.546,212.123
747.432,252.249,77.850,207.599
750.168,250.607,77.850,207.599
750.716,250.060,77.850,207.599
752.357,249.513,77.850,207.599
751.810,246.777,77.850,207.599
750.168,242.947,77.850,207.599
747.307,244.633,76.190,203.172
746.771,240.884,76.190,203.172
746.236,241.420,76.190,203.172
746.771,238.742,76.190,203.172
752.229,238.327,74.565,198.839
760.602,239.942,72.975,194.599
763.166,236.352,72.975,194.599
764.705,235.839,72.975,194.599
765.218,235.326,72.975,194.599
766.757,238.916,72.975,194.599
768.296,241.481,72.975,194.599
769.834,243.020,72.975,194.599
770.347,243.533,72.975,194.599
766.757,246.098,72.975,194.599
761.115,245.585,72.975,194.599
760.602,246.098,72.975,194.599
754.959,245.585,72.975,194.599
749.317,245.072,72.975,194.599
746.752,242.507,72.975,194.599
747.265,244.046,72.975,194.599
