756.000,339.000,83.000,132.000
742.124,344.466,83.000,132.000
733.295,352.455,83.000,132.000
730.351,355.398,83.000,132.000
725.726,361.705,83.000,132.000
719.137,364.171,84.836,134.921
715.269,367.180,84.836,134.921
710.317,367.917,86.713,137.906
706.364,370.113,86.713,137.906
703.126,369.955,88.632,140.957
699.983,372.200,88.632,140.957
694.810,372.038,90.593,144.075
692.515,371.579,90.593,144.075
686.275,370.461,92.597,147.263
681.844,370.292,94.646,150.521
677.315,369.125,96.740,153.852
674.719,363.863,98.880,157.256
673.217,359.355,98.880,157.256
673.717,358.854,98.880,157.256
670.025,352.437,101.068,160.735
664.126,346.941,103.304,164.291
664.650,341.184,103.304,164.291
660.986,337.521,103.304,164.291
659.416,331.764,103.304,164.291
659.939,327.054,103.304,164.291
660.463,323.391,103.304,164.291
664.126,322.867,103.304,164.291
667.789,325.484,103.304,164.291
671.533,322.038,105.590,167.926
676.347,307.595,105.590,167.926
682.394,294.083,107.926,171.641
687.440,290.483,110.314,175.439
694.705,277.629,110.314,175.439
701.022,280.907,112.755,179.321
706.163,268.911,112.755,179.321
707.915,259.262,110.350,175.497
701.475,234.701,112.792,179.379
700.903,226.130,112.792,179.379
706.046,212.988,112.792,179.379
710.046,200.988,112.792,179.379
718.617,188.989,112.792,179.379
727.447,169.813,115.287,183.348
725.565,158.696,117.838,187.405
721.165,164.674,120.445,191.551
732.447,157.895,117.876,187.466
727.073,163.269,117.876,187.466
725.149,165.532,120.484,191.614
731.729,157.574,117.915,187.528
728.742,162.950,117.915,187.528
736.333,164.374,115.401,183.529
732.240,168.466,115.401,183.529
742.179,164.374,115.401,183.529
740.425,167.297,115.401,183.529
745.600,167.563,112.940,179.615
746.252,170.030,110.531,175.784
755.526,169.206,108.174,172.036
759.321,174.738,105.867,168.367
762.000,179.117,103.610,164.777
764.623,185.428,101.400,161.263
765.209,182.691,99.238,157.824
763.844,189.704,97.121,154.458
767.251,194.670,95.050,151.164
775.226,193.962,93.023,147.941
776.642,196.725,95.081,151.214
780.977,199.134,95.081,151.214
788.955,201.210,93.054,147.989
800.397,200.517,91.069,144.833
809.817,199.837,89.127,141.745
808.591,207.877,87.227,138.722
813.586,204.967,89.156,141.791
803.697,214.176,91.129,144.928
796.462,223.589,93.145,148.135
787.109,225.377,95.206,151.412
792.561,218.198,97.313,154.762
785.521,225.075,95.237,151.462
781.421,226.225,93.206,148.232
781.960,232.811,91.219,145.071
788.723,236.585,89.273,141.977
786.623,242.022,87.370,138.949
781.754,246.891,87.370,138.949
778.656,253.530,87.370,138.949
779.161,256.291,85.506,135.986
779.655,262.334,83.683,133.086
783.471,266.149,83.683,133.086
780.686,273.698,81.898,130.248
777.627,281.296,83.710,133.130
773.811,287.657,83.710,133.130
768.925,292.784,85.563,136.075
765.730,298.924,87.456,139.086
761.545,302.441,89.391,142.163
758.375,310.140,89.391,142.163
751.582,316.027,89.391,142.163
743.884,321.914,89.391,142.163
745.242,321.461,89.391,142.163
742.072,325.536,89.391,142.163
736.185,328.706,89.391,142.163
733.921,333.688,89.391,142.163
726.223,338.669,89.391,142.163
721.241,342.745,89.391,142.163
716.260,345.914,89.391,142.163
709.467,340.027,89.391,142.163
711.732,336.858,89.391,142.163
703.128,332.782,89.391,142.163
687.278,334.140,89.391,142.163
675.051,332.782,89.391,142.163
667.353,330.518,89.391,142.163
658.749,324.631,89.391,142.163
666.687,327.286,91.368,145.309
676.721,322.317,93.390,148.524
681.087,317.238,95.456,151.810
680.533,308.033,97.568,155.169
685.970,299.631,97.568,155.169
687.454,295.350,99.727,158.602
685.827,288.878,101.933,162.111
682.021,283.335,104.189,165.697
681.493,281.751,104.189,165.697
677.798,278.057,104.189,165.697
674.103,273.306,104.189,165.697
672.520,269.612,104.189,165.697
670.937,265.917,104.189,165.697
669.353,262.222,104.189,165.697
667.770,261.695,104.189,165.697
666.186,263.278,104.189,165.697
671.992,268.028,104.189,165.697
676.742,268.556,104.189,165.697
667.770,266.973,104.189,165.697
669.353,266.445,104.189,165.697
674.103,260.639,104.189,165.697
682.260,261.544,106.494,169.364
679.563,254.531,106.494,169.364
681.218,250.617,104.223,165.752
672.242,246.921,104.223,165.752
678.952,244.108,102.000,162.217
668.100,242.558,102.000,162.217
658.729,241.797,99.825,158.758
660.246,238.257,99.825,158.758
662.815,231.779,102.034,162.270
656.095,232.296,102.034,162.270
665.155,220.311,104.291,165.861
666.740,214.500,104.291,165.861
669.382,207.632,104.291,165.861
660.006,212.923,106.599,169.530
656.226,209.142,106.599,169.530
651.366,209.682,106.599,169.530
654.066,205.902,106.599,169.530
651.366,212.923,106.599,169.530
645.426,214.543,106.599,169.530
649.206,210.762,106.599,169.530
645.426,210.222,106.599,169.530
648.168,207.787,108.957,173.281
641.809,208.733,111.368,177.115
643.504,201.506,113.832,181.034
645.234,204.389,113.832,181.034
641.197,203.812,113.832,181.034
650.109,195.229,116.350,185.039
657.994,188.901,118.924,189.133
663.554,182.433,121.556,193.317
662.939,179.354,121.556,193.317
668.622,180.410,124.245,197.595
674.430,177.571,126.994,201.966
675.074,179.501,126.994,201.966
675.717,185.291,126.994,201.966
680.221,189.795,126.994,201.966
683.437,194.298,126.994,201.966
676.360,207.808,126.994,201.966
679.577,220.032,126.994,201.966
685.367,230.969,126.994,201.966
691.157,221.318,126.994,201.966
696.948,230.969,126.994,201.966
704.024,239.332,126.994,201.966
711.101,237.402,126.994,201.966
716.891,244.479,126.994,201.966
722.681,242.549,126.994,201.966
728.471,248.339,126.994,201.966
734.261,251.555,126.994,201.966
737.478,245.765,126.994,201.966
743.268,252.842,126.994,201.966
750.345,259.919,126.994,201.966
756.135,263.136,126.994,201.966
760.639,267.639,126.994,201.966
767.715,270.856,126.994,201.966
770.932,275.359,126.994,201.966
774.149,278.576,126.994,201.966
776.079,280.506,126.994,201.966
776.722,285.009,126.994,201.966
777.366,288.226,126.994,201.966
776.722,291.443,126.994,201.966
774.792,292.086,126.994,201.966
771.576,295.303,126.994,201.966
767.072,301.093,126.994,201.966
762.569,305.596,126.994,201.966
760.639,307.526,126.994,201.966
756.135,309.456,126.994,201.966
750.345,312.673,126.994,201.966
746.118,316.687,124.286,197.659
739.193,317.316,124.286,197.659
734.785,319.205,124.286,197.659
728.221,321.920,121.635,193.444
725.140,327.465,121.635,193.444
718.362,329.314,121.635,193.444
707.887,326.233,121.635,193.444
702.341,330.546,121.635,193.444
693.098,325.000,121.635,193.444
692.613,331.221,119.041,189.319
685.665,332.255,121.675,193.508
678.564,332.032,124.367,197.789
672.612,333.113,127.119,202.165
665.193,328.872,129.931,206.638
654.878,324.537,132.806,211.210
651.514,327.901,132.806,211.210
643.762,320.679,135.745,215.883
638.949,318.616,135.745,215.883
631.026,308.379,138.748,220.659
630.220,297.917,141.818,225.541
621.943,284.241,144.955,230.532
627.083,276.163,144.955,230.532
626.349,266.617,144.955,230.532
632.849,258.458,141.864,225.615
624.944,250.553,141.864,225.615
618.155,247.311,145.003,230.607
613.013,242.169,145.003,230.607
616.686,239.966,145.003,230.607
618.890,233.354,145.003,230.607
619.624,229.682,145.003,230.607
624.766,220.132,145.003,230.607
626.970,206.175,145.003,230.607
624.604,201.338,148.211,235.709
626.856,202.089,148.211,235.709
625.995,201.818,151.490,240.924
632.902,196.446,151.490,240.924
639.696,196.796,148.260,235.787
637.442,190.036,148.260,235.787
633.687,183.276,148.260,235.787
628.430,178.019,148.260,235.787
624.674,172.761,148.260,235.787
622.635,178.895,145.098,230.758
622.057,182.064,142.004,225.837
628.425,186.552,138.976,221.021
617.864,190.073,138.976,221.021
624.201,192.185,138.976,221.021
624.905,194.297,138.976,221.021
621.384,199.225,138.976,221.021
624.905,204.153,138.976,221.021
621.384,211.898,138.976,221.021
620.680,218.234,138.976,221.021
612.936,216.122,138.976,221.021
619.272,226.683,138.976,221.021
624.201,223.162,138.976,221.021
626.313,225.274,138.976,221.021
625.609,231.611,138.976,221.021
622.088,237.947,138.976,221.021
624.201,244.283,138.976,221.021
631.790,244.604,136.012,216.308
633.904,256.873,133.111,211.695
629.184,264.290,133.111,211.695
633.853,269.797,130.273,207.181
634.513,277.057,130.273,207.181
639.082,283.718,127.495,202.763
631.978,288.240,127.495,202.763
627.734,298.494,124.776,198.439
622.363,306.094,122.115,194.207
621.876,306.376,119.511,190.065
628.720,313.695,122.155,194.270
634.289,316.789,122.155,194.270
627.482,322.359,122.155,194.270
635.346,327.412,119.550,190.128
638.422,323.424,122.195,194.334
635.326,330.233,122.195,194.334
628.873,338.869,119.589,190.190
631.902,334.628,119.589,190.190
625.586,343.079,117.039,186.134
618.262,345.635,114.543,182.165
611.879,350.858,114.543,182.165
608.066,358.952,112.100,178.280
604.336,361.401,109.710,174.478
603.898,362.725,107.370,170.757
601.179,364.357,107.370,170.757
596.556,365.653,105.080,167.116
587.110,366.566,107.405,170.813
