385.000,403.000,144.000,138.000
383.335,406.886,144.000,138.000
376.119,412.992,144.000,138.000
372.233,417.987,144.000,138.000
365.457,422.796,147.186,141.053
361.485,427.902,147.186,141.053
359.268,432.817,150.442,144.174
362.168,438.036,150.442,144.174
362.309,441.856,153.771,147.364
362.901,446.005,153.771,147.364
365.865,450.155,153.771,147.364
364.779,450.369,157.173,150.624
364.703,449.056,153.821,147.412
370.040,456.764,153.821,147.412
372.251,453.192,150.541,144.269
373.992,457.254,150.541,144.269
378.394,457.114,147.331,141.192
383.797,461.357,144.189,138.181
388.799,460.801,144.189,138.181
394.913,461.357,144.189,138.181
398.804,459.690,144.189,138.181
403.806,459.134,144.189,138.181
413.379,460.071,141.114,135.234
418.275,459.527,141.114,135.234
424.051,458.596,144.236,138.226
425.339,458.797,147.427,141.285
418.402,457.824,150.689,144.411
428.277,457.243,150.689,144.411
416.078,455.500,150.689,144.411
436.161,450.882,147.476,141.331
456.352,445.189,150.739,144.458
464.933,440.577,154.074,147.654
470.007,435.863,157.483,150.921
468.186,430.399,157.483,150.921
470.007,427.364,157.483,150.921
469.400,420.686,157.483,150.921
471.221,411.580,157.483,150.921
471.828,401.260,157.483,150.921
472.435,393.369,157.483,150.921
477.899,386.691,157.483,150.921
479.720,378.799,157.483,150.921
482.755,373.336,157.483,150.921
478.506,363.016,157.483,150.921
474.256,353.910,157.483,150.921
482.148,343.590,157.483,150.921
475.470,330.841,157.483,150.921
474.863,322.950,157.483,150.921
479.113,315.058,157.483,150.921
476.077,305.952,157.483,150.921
481.541,293.204,157.483,150.921
487.987,280.827,160.967,154.260
476.550,266.889,164.528,157.673
460.911,255.275,168.169,161.162
470.485,243.404,171.889,164.727
483.019,235.394,175.692,168.372
493.178,226.590,175.692,168.372
492.501,223.204,175.692,168.372
460.343,188.317,179.580,172.097
477.649,191.778,179.580,172.097
468.650,177.241,179.580,172.097
477.649,165.473,179.580,172.097
471.419,155.089,179.580,172.097
467.958,151.628,179.580,172.097
469.205,144.789,175.750,168.427
462.591,138.096,172.002,164.835
461.229,132.824,168.334,161.320
464.474,126.984,168.334,161.320
466.420,123.740,168.334,161.320
470.963,117.900,168.334,161.320
478.100,126.335,168.334,161.320
469.665,115.304,168.334,161.320
472.909,108.166,168.334,161.320
474.856,108.815,168.334,161.320
472.909,108.166,168.334,161.320
473.558,104.922,168.334,161.320
469.016,106.869,168.334,161.320
467.827,108.450,172.058,164.889
467.164,111.766,172.058,164.889
463.847,116.409,172.058,164.889
463.184,121.052,172.058,164.889
455.888,123.042,172.058,164.889
453.899,130.337,172.058,164.889
450.582,137.633,172.058,164.889
449.221,137.473,168.389,161.373
445.975,140.719,168.389,161.373
442.140,135.557,164.798,157.932
435.152,123.488,164.798,157.932
441.897,110.536,168.444,161.426
429.560,157.936,168.444,161.426
436.454,183.770,172.171,164.998
426.499,191.071,172.171,164.998
423.857,198.587,168.500,161.479
422.523,202.187,164.906,158.035
419.993,205.711,161.390,154.665
414.394,212.554,161.390,154.665
410.039,218.153,161.390,154.665
406.928,224.996,161.390,154.665
410.039,233.084,161.390,154.665
405.684,242.416,161.390,154.665
408.795,251.747,161.390,154.665
403.196,258.591,161.390,154.665
396.352,260.457,161.390,154.665
391.997,262.323,161.390,154.665
392.620,266.678,161.390,154.665
388.265,269.789,161.390,154.665
387.643,272.899,161.390,154.665
384.532,277.254,161.390,154.665
381.421,282.853,161.390,154.665
379.555,288.452,161.390,154.665
378.933,292.807,161.390,154.665
377.067,297.162,161.390,154.665
372.712,302.761,161.390,154.665
369.601,308.360,161.390,154.665
365.879,311.167,164.960,158.087
362.075,314.037,168.610,161.585
358.187,315.621,172.341,165.160
354.865,317.614,172.341,165.160
351.544,319.607,172.341,165.160
350.879,321.600,172.341,165.160
346.905,323.219,176.154,168.814
345.661,326.283,180.051,172.549
341.509,330.855,184.035,176.367
342.218,335.821,184.035,176.367
333.558,337.550,188.107,180.269
332.833,341.175,188.107,180.269
327.758,349.152,188.107,180.269
323.420,353.928,192.268,184.257
321.898,359.464,188.168,180.328
315.370,365.993,188.168,180.328
310.292,375.422,188.168,180.328
306.666,383.401,188.168,180.328
303.039,391.380,188.168,180.328
295.060,399.358,188.168,180.328
288.532,404.436,188.168,180.328
283.455,410.964,188.168,180.328
279.828,416.041,188.168,180.328
274.751,419.668,188.168,180.328
269.673,421.844,188.168,180.328
269.582,421.669,184.156,176.482
269.493,425.604,180.228,172.719
274.763,430.794,176.385,169.036
275.988,435.873,172.623,165.431
282.319,439.561,168.942,161.903
284.272,437.607,168.942,161.903
283.621,434.351,168.942,161.903
292.327,437.960,165.339,158.450
296.788,434.774,165.339,158.450
292.327,431.587,165.339,158.450
294.704,432.662,161.814,155.071
290.973,429.005,165.394,158.502
282.685,424.542,165.394,158.502
286.808,415.513,169.053,162.009
288.318,406.283,172.793,165.594
290.317,400.289,172.793,165.594
294.979,392.962,172.793,165.594
293.759,384.911,176.616,169.257
295.801,376.060,176.616,169.257
297.379,366.418,180.524,173.002
300.436,358.006,184.518,176.830
307.988,349.408,188.601,180.742
295.629,335.595,188.601,180.742
280.720,319.265,192.773,184.741
287.068,307.198,197.038,188.829
315.171,310.996,197.038,188.829
310.627,297.087,201.398,193.006
323.702,287.703,205.854,197.277
327.188,276.464,210.408,201.641
324.019,263.294,215.064,206.103
319.060,246.392,219.822,210.663
313.128,230.292,219.822,210.663
301.026,213.017,224.686,215.324
315.750,208.686,224.686,215.324
309.687,192.230,224.686,215.324
324.411,189.632,224.686,215.324
332.206,180.104,224.686,215.324
364.252,196.560,224.686,215.324
378.976,192.230,224.686,215.324
393.699,182.703,224.686,215.324
382.440,174.908,224.686,215.324
398.896,161.916,224.686,215.324
392.833,159.318,224.686,215.324
400.628,151.523,224.686,215.324
410.156,141.996,224.686,215.324
419.683,132.468,224.686,215.324
415.352,128.138,224.686,215.324
417.951,120.343,224.686,215.324
424.013,116.012,224.686,215.324
431.808,108.217,224.686,215.324
435.613,95.951,229.657,220.088
443.175,99.945,234.738,224.957
447.700,88.182,234.738,224.957
454.563,86.220,229.732,220.160
460.762,83.563,229.732,220.160
460.651,98.714,224.833,215.465
461.518,96.114,224.833,215.465
462.385,102.181,224.833,215.465
466.718,109.981,224.833,215.465
460.651,112.581,224.833,215.465
466.718,111.714,224.833,215.465
462.385,110.848,224.833,215.465
462.276,107.298,220.038,210.870
461.428,113.235,220.038,210.870
459.873,115.302,224.907,215.536
455.539,117.903,224.907,215.536
451.204,122.238,224.907,215.536
450.337,128.307,224.907,215.536
444.268,134.375,224.907,215.536
441.667,142.178,224.907,215.536
439.066,144.779,224.907,215.536
429.530,147.380,224.907,215.536
421.727,149.981,224.907,215.536
413.924,152.582,224.907,215.536
399.186,155.182,224.907,215.536
389.649,157.783,224.907,215.536
385.315,162.118,224.907,215.536
374.044,171.655,224.907,215.536
362.774,174.256,224.907,215.536
370.180,174.570,229.883,220.304
360.432,164.822,229.883,220.304
372.279,174.858,224.980,215.606
374.880,179.194,224.980,215.606
365.341,169.655,224.980,215.606
356.873,176.133,220.183,211.008
355.130,166.112,215.487,206.509
347.020,167.513,210.892,202.105
339.703,166.700,210.892,202.105
332.387,167.513,210.892,202.105
326.696,168.326,210.892,202.105
316.128,169.139,210.892,202.105
307.186,171.578,210.892,202.105
298.243,172.391,210.892,202.105
290.927,178.081,210.892,202.105
281.985,177.269,210.892,202.105
276.294,173.204,210.892,202.105
273.855,170.765,210.892,202.105
264.913,169.952,210.892,202.105
259.222,165.887,210.892,202.105
256.784,168.326,210.892,202.105
252.719,167.513,210.892,202.105
250.280,169.952,210.892,202.105
252.719,172.391,210.892,202.105
253.532,173.204,210.892,202.105
255.971,172.391,210.892,202.105
255.158,168.326,210.892,202.105
257.596,165.887,210.892,202.105
258.409,163.449,210.892,202.105
259.222,157.758,210.892,202.105
260.035,155.319,210.892,202.105
262.474,152.880,210.892,202.105
266.539,150.442,210.892,202.105
270.603,148.003,210.892,202.105
274.668,145.564,210.892,202.105
277.107,146.377,210.892,202.105
277.920,147.190,210.892,202.105
280.359,146.377,210.892,202.105
284.423,145.564,210.892,202.105
286.862,146.377,210.892,202.105
286.049,148.816,210.892,202.105
288.488,152.880,210.892,202.105
290.927,158.571,210.892,202.105
291.740,164.262,210.892,202.105
294.179,169.952,210.892,202.105
294.992,175.643,210.892,202.105
295.805,182.959,210.892,202.105
294.992,190.276,210.892,202.105
291.815,197.317,215.558,206.576
285.999,203.134,215.558,206.576
285.894,210.943,210.961,202.171
281.828,216.635,210.961,202.171
283.294,225.845,206.462,197.860
282.498,231.416,206.462,197.860
283.294,238.579,206.462,197.860
280.906,244.150,206.462,197.860
280.111,249.721,206.462,197.860
277.723,255.292,206.462,197.860
276.265,258.883,211.030,202.237
273.824,262.951,211.030,202.237
279.519,265.391,211.030,202.237
281.959,267.832,211.030,202.237
287.653,271.899,211.030,202.237
295.392,274.839,206.530,197.924
299.373,280.412,206.530,197.924
305.411,284.825,202.126,193.704
311.322,287.641,197.815,189.573
316.659,289.929,197.815,189.573
321.997,290.691,197.815,189.573
328.511,290.967,202.192,193.767
331.935,289.632,206.665,198.054
333.781,288.268,211.238,202.436
332.289,281.805,215.911,206.915
341.126,275.198,220.688,211.493
343.098,268.445,225.571,216.172
333.533,260.620,225.571,216.172
337.352,255.522,230.562,220.955
341.256,250.311,235.663,225.844
353.401,237.834,230.638,221.028
359.151,230.777,235.740,225.918
372.782,222.599,235.740,225.918
386.682,225.883,230.713,221.100
376.899,212.543,230.713,221.100
388.187,207.329,235.818,225.992
376.370,195.512,235.818,225.992
382.249,182.638,241.035,230.992
373.887,174.275,241.035,230.992
386.308,168.678,235.895,226.066
389.036,162.313,235.895,226.066
393.030,156.982,241.114,231.068
392.914,146.008,235.972,226.140
402.572,152.000,241.193,231.144
410.939,139.913,241.193,231.144
419.307,150.141,241.193,231.144
427.675,141.773,241.193,231.144
434.183,144.562,241.193,231.144
438.832,136.194,241.193,231.144
445.340,142.703,241.193,231.144
446.270,130.616,241.193,231.144
445.340,125.967,241.193,231.144
449.989,117.600,241.193,231.144
454.637,112.951,241.193,231.144
461.146,110.162,241.193,231.144
465.794,105.513,241.193,231.144
463.005,104.583,241.193,231.144
471.373,107.372,241.193,231.144
468.583,102.724,241.193,231.144
475.092,101.794,241.193,231.144
472.302,100.864,241.193,231.144
482.530,99.934,241.193,231.144
482.755,96.413,246.530,236.258
478.004,99.264,246.530,236.258
484.656,98.313,246.530,236.258
488.830,90.770,251.984,241.485
493.097,81.044,257.559,246.828
497.458,75.224,263.258,252.289
497.705,67.168,269.082,257.871
502.261,58.935,275.036,263.576
490.599,64.236,275.036,263.576
484.334,72.156,269.171,257.955
495.748,77.344,269.171,257.955
482.259,82.532,269.171,257.955
478.129,90.283,263.430,252.454
487.268,91.298,263.430,252.454
487.140,93.011,257.813,247.071
487.016,96.603,252.315,241.802
495.769,99.521,252.315,241.802
488.148,93.662,246.934,236.645
488.379,99.933,252.398,241.881
477.676,87.284,252.398,241.881
488.007,93.693,257.982,247.233
472.546,80.035,252.480,241.960
482.879,88.465,258.066,247.314
468.671,82.633,263.776,252.786
456.259,85.111,269.612,258.378
469.770,94.465,269.612,258.378
454.181,85.111,269.612,258.378
443.650,91.957,275.577,264.095
461.542,98.955,281.675,269.938
449.598,95.698,281.675,269.938
431.140,94.612,281.675,269.938
404.367,92.752,287.907,275.910
381.061,96.082,287.907,275.910
366.633,92.752,287.907,275.910
354.426,89.423,287.907,275.910
346.657,97.191,287.907,275.910
327.790,96.082,287.907,275.910
306.704,86.093,287.907,275.910
305.594,91.642,287.907,275.910
295.606,92.752,287.907,275.910
301.155,100.521,287.907,275.910
293.386,103.850,287.907,275.910
284.689,103.583,281.767,270.027
274.084,101.228,275.758,264.268
261.656,105.070,269.878,258.633
251.498,102.814,264.122,253.117
243.520,104.532,258.490,247.719
241.474,104.292,252.977,242.437
239.472,102.178,247.583,237.267
235.672,107.467,242.303,232.207
235.555,109.043,237.136,227.255
233.678,112.347,232.079,222.409
227.416,115.031,232.079,222.409
224.732,115.925,232.079,222.409
227.416,116.820,232.079,222.409
231.889,117.715,232.079,222.409
229.205,120.398,232.079,222.409
233.678,114.136,232.079,222.409
238.152,115.031,232.079,222.409
244.414,117.715,232.079,222.409
248.887,120.398,232.079,222.409
255.149,123.082,232.079,222.409
259.622,127.555,232.079,222.409
265.884,130.239,232.079,222.409
268.568,132.923,232.079,222.409
271.252,133.818,232.079,222.409
273.936,136.501,232.079,222.409
283.777,140.974,232.079,222.409
290.039,141.869,232.079,222.409
299.880,142.764,232.079,222.409
307.931,145.447,232.079,222.409
312.404,146.342,232.079,222.409
318.666,147.237,232.079,222.409
324.929,146.342,232.079,222.409
329.402,141.869,232.079,222.409
324.929,137.396,232.079,222.409
322.245,140.080,232.079,222.409
