158.000,142.000,15.000,15.000
159.240,143.122,15.000,15.000
166.740,146.488,15.000,15.000
169.043,146.665,15.000,15.000
168.512,146.843,15.000,15.000
169.516,146.075,15.000,15.000
169.102,144.953,15.000,15.000
168.335,145.720,15.000,15.000
168.512,145.661,15.000,15.000
168.689,145.602,15.000,15.000
168.866,145.543,15.000,15.000
169.043,145.484,15.000,15.000
168.394,145.425,15.000,15.000
168.571,145.366,15.000,15.000
168.748,145.307,15.000,15.000
168.925,145.248,15.000,15.000
168.984,145.189,15.000,15.000
169.043,145.012,15.000,15.000
168.039,144.835,15.000,15.000
167.980,145.484,15.000,15.000
168.748,145.189,15.000,15.000
168.689,145.012,15.000,15.000
168.630,144.835,15.000,15.000
168.453,145.957,15.000,15.000
168.276,146.370,15.000,15.000
168.453,146.783,15.000,15.000
169.457,149.087,15.000,15.000
170.933,151.272,15.000,15.000
172.764,154.165,15.000,15.000
174.004,156.232,15.000,15.000
175.480,159.953,15.000,15.000
175.776,160.602,15.000,15.000
176.661,163.142,15.000,15.000
176.130,164.854,15.000,15.000
175.598,165.504,15.000,15.000
173.886,169.461,15.000,15.000
172.173,171.882,15.000,15.000
169.398,177.847,15.000,15.000
167.455,183.869,15.332,15.332
164.342,185.515,15.671,15.671
160.085,186.564,15.671,15.671
152.496,187.613,15.671,15.671
147.622,187.675,15.671,15.671
147.684,187.613,15.671,15.671
141.452,186.441,15.671,15.671
138.552,185.639,15.671,15.671
136.763,185.577,15.671,15.671
135.344,185.515,15.671,15.671
133.925,185.454,15.671,15.671
133.740,185.639,15.671,15.671
132.938,186.811,15.671,15.671
133.123,187.119,15.671,15.671
133.308,187.551,15.671,15.671
132.303,186.930,16.018,16.018
132.870,186.993,16.018,16.018
132.429,187.056,16.018,16.018
132.870,186.993,16.018,16.018
132.303,186.930,16.018,16.018
132.744,186.741,16.018,16.018
132.177,186.552,16.018,16.018
133.501,186.615,16.018,16.018
132.933,186.678,16.018,16.018
134.888,186.993,16.018,16.018
136.213,187.308,16.018,16.018
136.528,187.497,16.018,16.018
139.240,186.173,16.018,16.018
141.951,186.488,16.018,16.018
143.780,186.047,16.018,16.018
145.483,184.723,16.018,16.018
148.194,183.903,16.018,16.018
149.393,183.588,16.018,16.018
151.221,182.642,16.018,16.018
153.176,182.074,16.018,16.018
153.239,182.389,16.018,16.018
153.681,182.579,16.018,16.018
153.365,181.254,16.018,16.018
153.933,181.696,16.018,16.018
153.113,181.128,16.018,16.018
152.798,181.443,16.018,16.018
151.978,182.263,16.018,16.018
152.041,183.335,16.018,16.018
152.356,188.948,16.018,16.018
152.672,188.633,16.018,16.018
152.987,191.723,16.018,16.018
157.843,196.452,16.018,16.018
161.690,196.389,16.018,16.018
166.672,192.669,16.018,16.018
172.410,185.795,16.018,16.018
179.032,177.660,16.018,16.018
183.888,167.885,16.018,16.018
189.664,150.239,16.372,16.372
189.084,143.213,16.372,16.372
187.731,129.226,16.372,16.372
187.537,126.454,16.372,16.372
174.449,108.417,16.734,16.734
156.014,94.493,17.105,17.105
147.192,94.022,17.105,17.105
138.505,97.456,17.105,17.105
128.740,103.045,17.105,17.105
120.996,111.867,17.105,17.105
116.619,118.669,17.105,17.105
114.127,125.605,17.105,17.105
115.407,141.026,17.105,17.105
115.609,141.767,17.105,17.105
117.696,148.164,17.105,17.105
125.037,155.235,17.105,17.105
128.606,156.649,17.105,17.105
130.963,156.851,17.105,17.105
133.319,157.053,17.105,17.105
135.003,157.121,17.105,17.105
135.340,157.188,17.105,17.105
135.138,156.851,17.105,17.105
134.936,156.514,17.105,17.105
133.926,155.908,17.105,17.105
131.973,155.841,17.105,17.105
130.963,155.774,17.105,17.105
130.087,155.841,17.105,17.105
129.481,156.178,17.105,17.105
128.471,157.996,17.105,17.105
129.108,160.320,16.740,16.740
132.864,168.427,16.740,16.740
132.535,168.624,16.740,16.740
136.950,173.567,16.740,16.740
148.747,184.837,16.740,16.740
148.550,184.244,16.740,16.740
166.621,196.025,17.110,17.110
179.487,192.050,17.110,17.110
191.546,184.034,17.110,17.110
202.391,171.437,17.110,17.110
211.217,156.501,17.489,17.489
216.382,137.234,17.876,17.876
218.000,121.259,17.876,17.876
200.936,101.565,18.271,18.271
210.359,89.984,18.271,18.271
203.382,78.259,18.271,18.271
186.909,69.123,18.271,18.271
177.198,69.770,18.271,18.271
169.974,76.275,17.882,17.882
164.553,85.638,17.882,17.882
162.776,95.668,17.500,17.500
162.763,105.085,17.127,17.127
165.528,119.987,17.127,17.127
165.325,120.054,17.127,17.127
166.606,124.437,17.127,17.127
166.000,127.202,17.127,17.127
166.472,128.618,17.127,17.127
166.134,128.416,17.127,17.127
166.741,129.292,17.127,17.127
166.674,129.629,17.127,17.127
166.741,129.157,17.127,17.127
167.213,130.439,17.127,17.127
167.685,129.697,17.127,17.127
167.213,130.169,17.127,17.127
168.090,131.450,17.127,17.127
168.023,130.843,17.127,17.127
168.360,132.124,17.127,17.127
168.967,133.001,17.127,17.127
168.899,133.743,17.127,17.127
169.236,134.350,17.127,17.127
170.113,135.496,17.127,17.127
170.450,135.563,17.127,17.127
170.248,136.575,17.127,17.127
171.933,138.395,17.127,17.127
171.596,139.002,17.127,17.127
171.124,137.182,17.127,17.127
166.108,118.313,17.506,17.506
180.430,101.173,17.893,17.893
177.260,94.339,17.893,17.893
166.111,80.339,17.512,17.512
158.596,79.029,17.512,17.512
149.013,79.098,17.512,17.512
148.032,79.834,17.899,17.899
147.176,80.002,18.295,18.295
165.908,98.733,17.905,17.905
160.664,96.999,18.301,18.301
159.639,93.882,18.706,18.706
158.591,92.681,19.120,19.120
158.302,92.704,19.543,19.543
155.132,94.005,19.976,19.976
151.566,96.150,20.417,20.417
145.818,99.854,19.982,19.982
143.883,101.020,20.424,20.424
142.238,101.545,20.876,20.876
141.240,103.105,21.338,21.338
140.045,103.653,21.810,21.810
139.715,104.036,22.293,22.293
138.467,103.880,22.786,22.786
138.450,104.728,22.300,22.300
138.265,104.543,21.824,21.824
139.574,105.024,21.359,21.359
139.397,105.171,20.903,20.903
139.763,104.001,21.366,21.366
138.218,104.724,21.839,21.839
137.705,106.034,21.373,21.373
136.333,106.584,21.846,21.846
137.430,105.896,22.329,22.329
137.753,106.727,21.853,21.853
138.069,107.872,21.387,21.387
136.974,108.462,21.387,21.387
137.349,104.294,21.860,21.860
140.817,97.974,21.394,21.394
131.300,92.836,21.394,21.394
131.215,92.078,21.394,21.394
132.012,73.228,20.938,20.938
108.946,88.647,21.401,21.401
104.775,90.246,21.874,21.874
98.833,92.399,21.874,21.874
94.957,93.691,21.874,21.874
91.123,95.003,21.408,21.408
87.209,94.825,20.951,20.951
79.720,93.856,20.505,20.505
79.238,93.374,20.067,20.067
76.178,93.360,19.639,19.639
72.030,93.544,20.074,20.074
71.254,92.767,19.646,19.646
68.854,94.393,19.227,19.227
68.091,95.830,19.652,19.652
67.395,99.002,19.652,19.652
66.937,100.149,20.087,20.087
66.797,101.322,20.532,20.532
66.989,101.682,20.986,20.986
66.671,101.707,21.450,21.450
67.093,102.636,21.450,21.450
66.418,101.785,21.925,21.925
66.069,102.601,21.457,21.457
66.971,101.400,21.932,21.932
67.122,101.218,21.464,21.464
66.530,100.964,21.464,21.464
65.854,101.866,21.939,21.939
66.838,101.850,21.471,21.471
65.908,101.259,21.471,21.471
66.460,102.161,21.946,21.946
66.719,101.557,21.946,21.946
65.768,100.779,21.946,21.946
66.200,100.174,21.946,21.946
66.851,99.492,21.478,21.478
67.578,98.640,21.954,21.954
68.229,98.624,21.485,21.485
69.483,98.475,21.961,21.961
70.406,97.783,22.447,22.447
72.439,97.164,22.447,22.447
73.016,97.375,22.943,22.943
74.355,96.277,23.451,23.451
75.341,95.922,23.970,23.970
76.153,95.363,24.500,24.500
76.983,94.192,25.042,25.042
75.898,94.882,25.042,25.042
75.799,94.192,25.042,25.042
75.401,93.983,24.508,24.508
74.533,94.466,24.508,24.508
74.822,93.405,24.508,24.508
74.247,93.573,23.985,23.985
73.687,92.230,24.516,24.516
73.012,93.098,24.516,24.516
73.442,91.726,25.058,25.058
72.663,91.137,24.524,24.524
71.290,91.367,25.067,25.067
72.413,91.158,24.532,24.532
71.737,90.675,24.532,24.532
71.766,89.502,25.075,25.075
71.075,88.811,25.075,25.075
72.389,88.603,24.540,24.540
71.616,88.833,25.083,25.083
71.518,88.141,25.083,25.083
72.209,87.647,25.083,25.083
72.952,87.058,24.548,24.548
71.979,86.486,25.091,25.091
72.868,85.597,25.091,25.091
72.469,85.388,24.556,24.556
73.146,85.098,24.556,24.556
73.314,84.708,24.033,24.033
73.220,84.235,24.033,24.033
74.479,83.488,23.520,23.520
74.757,84.506,23.520,23.520
74.740,83.954,23.019,23.019
75.737,84.770,23.019,23.019
76.768,84.054,22.528,22.528
77.715,84.633,23.026,23.026
79.621,84.092,22.535,22.535
81.305,84.855,23.034,23.034
85.833,85.363,22.542,22.542
87.886,85.574,23.041,23.041
91.605,85.121,23.041,23.041
93.147,84.849,23.041,23.041
94.680,84.123,23.551,23.551
94.516,80.496,24.072,24.072
90.808,77.968,24.605,24.605
86.416,75.987,25.149,25.149
83.364,74.168,25.705,25.705
78.565,71.889,26.274,26.274
74.303,69.774,26.856,26.856
71.483,67.831,27.450,27.450
68.825,66.070,28.057,28.057
66.566,64.957,28.678,28.678
64.421,65.296,28.678,28.678
62.276,67.441,28.678,28.678
60.808,69.586,28.678,28.678
59.566,71.732,28.678,28.678
59.110,73.234,28.066,28.066
58.025,75.344,27.468,27.468
57.588,77.617,26.882,26.882
57.906,79.417,26.882,26.882
58.435,81.216,26.882,26.882
57.803,83.441,26.309,26.309
58.114,86.030,26.309,26.309
58.839,89.034,26.309,26.309
58.656,90.570,26.891,26.891
59.044,90.346,26.317,26.317
59.977,90.657,26.317,26.317
60.495,91.175,26.317,26.317
61.013,91.900,26.317,26.317
62.592,91.082,25.756,25.756
63.099,90.170,25.756,25.756
64.253,89.369,25.207,25.207
65.930,88.164,25.765,25.765
67.014,86.721,26.335,26.335
68.993,88.501,25.773,25.773
71.327,87.994,25.773,25.773
74.829,89.149,25.223,25.223
77.908,90.241,25.223,25.223
80.616,90.683,25.781,25.781
84.169,89.770,25.781,25.781
87.780,90.432,26.352,26.352
89.964,88.741,26.935,26.935
91.317,87.233,27.531,27.531
89.325,85.917,28.140,28.140
87.383,84.615,27.540,27.540
83.810,83.132,26.953,26.953
79.879,80.742,27.549,27.549
75.185,78.974,28.158,28.158
70.388,77.168,28.781,28.781
67.601,75.086,29.418,29.418
63.070,73.919,30.069,30.069
60.347,72.854,30.069,30.069
54.733,72.890,30.734,30.734
52.259,73.680,31.414,31.414
50.806,75.564,30.744,30.744
49.838,77.359,31.425,31.425
49.100,79.721,30.754,30.754
49.311,81.800,30.099,30.099
50.660,84.519,29.457,29.457
51.309,86.957,28.829,28.829
51.070,88.687,28.214,28.214
52.548,90.165,27.612,27.612
53.995,91.612,27.023,27.023
53.976,90.362,26.447,26.447
54.960,91.146,25.883,25.883
54.549,92.306,25.331,25.331
54.915,91.711,24.791,24.791
55.793,92.394,24.791,24.791
54.810,91.208,25.339,25.339
55.508,90.510,25.339,25.339
55.490,92.030,24.799,24.799
54.807,91.347,24.799,24.799
53.848,90.200,24.270,24.270
53.179,89.340,24.270,24.270
52.240,88.954,23.753,23.753
50.277,89.608,23.753,23.753
49.178,89.231,23.246,23.246
48.171,89.688,23.246,23.246
47.531,89.048,23.246,23.246
46.341,89.871,23.246,23.246
46.981,89.780,23.246,23.246
45.792,89.505,23.246,23.246
44.419,89.231,23.246,23.246
43.046,90.604,23.246,23.246
42.124,89.492,23.760,23.760
40.721,90.708,23.760,23.760
40.066,90.801,23.760,23.760
40.534,91.082,23.760,23.760
40.337,90.344,23.254,23.254
40.174,91.131,23.768,23.768
39.145,89.915,23.768,23.768
39.613,90.383,23.768,23.768
41.039,90.005,23.261,23.261
40.764,89.913,23.261,23.261
40.856,89.272,23.261,23.261
40.764,90.096,23.261,23.261
40.672,89.455,23.261,23.261
40.764,88.265,23.261,23.261
40.856,89.272,23.261,23.261
40.947,88.631,23.261,23.261
41.222,87.807,23.261,23.261
41.680,87.349,23.261,23.261
41.405,87.624,23.261,23.261
42.596,84.418,23.261,23.261
43.969,82.678,23.261,23.261
43.953,82.485,22.765,22.765
44.759,79.169,22.765,22.765
45.607,77.770,22.280,22.280
45.087,78.161,22.773,22.773
46.281,74.861,22.287,22.287
46.095,72.307,21.812,21.812
45.086,70.802,21.347,21.347
44.414,64.549,21.819,21.819
42.836,62.971,22.302,22.302
42.134,62.998,22.795,22.795
40.429,66.498,22.795,22.795
39.152,68.201,23.299,23.299
38.609,68.228,23.815,23.815
34.357,65.922,24.342,24.342
33.591,61.974,24.880,24.880
31.994,60.581,25.431,25.431
31.494,59.880,25.431,25.431
31.940,57.417,25.994,25.994
31.633,57.110,25.994,25.994
31.664,55.018,26.569,26.569
32.781,53.747,27.157,27.157
32.813,52.892,27.757,27.757
33.753,51.791,28.371,28.371
34.714,50.666,28.999,28.999
35.459,48.569,29.641,29.641
35.252,46.909,30.297,30.297
36.031,44.965,30.967,30.967
36.068,42.472,31.652,31.652
36.623,37.856,32.352,32.352
38.073,35.623,31.662,31.662
38.530,34.639,30.987,30.987
39.684,30.383,30.326,30.326
39.803,27.876,30.326,30.326
41.392,27.854,29.680,29.680
42.678,29.840,29.680,29.680
45.134,34.324,29.047,29.047
46.877,38.712,28.427,28.427
51.171,44.517,27.821,27.821
55.750,45.913,28.437,28.437
55.784,46.876,29.066,29.066
64.366,53.628,29.066,29.066
69.058,57.404,29.066,29.066
68.715,58.663,29.066,29.066
74.448,62.734,29.709,29.709
75.969,64.489,29.709,29.709
77.489,65.541,29.709,29.709
78.074,66.594,29.709,29.709
77.376,65.445,29.075,29.075
77.134,66.748,28.455,28.455
74.379,64.690,29.085,29.085
73.254,63.345,28.465,28.465
72.918,62.560,28.465,28.465
68.301,59.339,29.094,29.094
65.246,57.472,29.738,29.738
61.880,55.078,30.396,30.396
57.198,52.383,31.069,31.069
55.459,49.374,31.756,31.756
52.643,46.299,32.459,32.459
47.378,43.421,33.177,33.177
44.979,43.460,33.911,33.911
43.634,43.777,34.661,34.661
42.133,45.279,34.661,34.661
42.897,46.832,33.922,33.922
43.645,50.412,33.199,33.199
44.560,53.418,33.199,33.199
45.998,59.299,33.199,33.199
47.737,65.322,32.491,32.491
