660.000,384.000,26.000,23.000
651.034,380.626,26.000,23.000
641.296,377.251,26.000,23.000
632.906,371.695,26.575,23.509
627.398,363.972,27.163,24.029
624.903,336.013,27.764,24.561
630.684,313.203,28.378,25.104
630.916,298.187,29.006,25.659
621.110,268.331,29.648,26.227
608.121,252.870,30.304,26.807
586.684,238.700,30.975,27.401
566.917,236.848,31.660,28.007
534.046,241.045,32.360,28.626
505.676,265.254,33.076,29.260
488.895,293.816,33.808,29.907
474.084,328.213,34.556,30.569
469.343,337.311,34.556,30.569
447.943,359.223,34.556,30.569
434.489,350.381,34.556,30.569
430.004,337.183,34.556,30.569
428.425,327.140,35.321,31.245
436.595,324.212,36.102,31.937
434.855,318.188,36.102,31.937
428.205,316.029,36.901,32.643
420.026,311.497,36.114,31.947
414.268,310.024,36.114,31.947
409.103,305.589,35.344,31.266
445.017,268.938,36.126,31.957
445.034,282.900,36.925,32.665
441.642,302.000,37.742,33.387
437.584,316.415,37.742,33.387
432.456,326.619,36.937,32.675
430.605,330.796,36.150,31.978
432.348,334.147,36.150,31.978
434.627,335.621,36.150,31.978
437.208,340.484,35.379,31.297
440.747,348.531,34.624,30.629
442.416,359.188,34.624,30.629
442.288,357.519,34.624,30.629
439.591,348.916,34.624,30.629
434.887,343.179,33.886,29.976
431.009,343.620,33.163,29.337
428.637,347.370,32.456,28.711
427.794,350.138,32.456,28.711
427.674,351.462,32.456,28.711
430.442,355.434,32.456,28.711
432.247,358.683,32.456,28.711
434.293,360.729,32.456,28.711
436.820,362.775,32.456,28.711
438.866,365.302,32.456,28.711
441.153,370.237,32.456,28.711
443.199,376.856,32.456,28.711
445.004,377.699,32.456,28.711
445.606,374.690,32.456,28.711
446.208,371.681,32.456,28.711
446.569,368.672,32.456,28.711
446.930,366.867,32.456,28.711
445.847,364.340,32.456,28.711
445.726,361.812,32.456,28.711
447.291,359.044,32.456,28.711
447.652,356.757,32.456,28.711
448.254,354.711,32.456,28.711
447.893,353.388,32.456,28.711
447.772,353.027,32.456,28.711
448.133,353.388,32.456,28.711
449.217,356.156,32.456,28.711
450.059,356.998,32.456,28.711
450.661,354.471,32.456,28.711
452.515,351.645,31.764,28.099
454.282,346.109,31.764,28.099
455.577,341.044,31.764,28.099
457.815,337.864,31.764,28.099
459.582,335.626,31.764,28.099
460.878,333.624,31.764,28.099
460.760,333.035,31.764,28.099
460.406,331.268,31.764,28.099
460.995,331.857,31.764,28.099
458.993,332.446,31.764,28.099
456.048,334.448,31.764,28.099
453.104,335.508,31.764,28.099
449.217,333.271,31.764,28.099
445.566,331.504,31.764,28.099
442.857,330.208,31.764,28.099
440.130,332.211,31.086,27.500
438.170,336.245,31.086,27.500
437.133,337.513,31.086,27.500
436.787,338.551,31.086,27.500
438.563,338.955,30.424,26.913
440.932,337.488,30.424,26.913
442.585,334.265,31.097,27.509
444.139,325.333,30.434,26.922
444.856,318.361,31.107,27.518
445.966,309.649,30.444,26.931
445.853,302.312,30.444,26.931
445.966,298.812,30.444,26.931
444.725,298.925,30.444,26.931
443.417,300.627,29.794,26.356
438.388,306.869,30.453,26.940
432.545,314.889,31.127,27.536
424.177,320.452,31.816,28.145
403.873,329.566,32.520,28.768
386.388,327.516,32.520,28.768
372.038,322.572,32.520,28.768
355.035,314.733,32.520,28.768
343.097,305.207,32.520,28.768
333.088,299.298,32.520,28.768
324.285,295.319,32.520,28.768
321.270,293.751,32.520,28.768
319.220,295.560,32.520,28.768
318.376,301.710,32.520,28.768
320.909,308.583,32.520,28.768
325.370,318.351,32.520,28.768
330.797,327.154,32.520,28.768
335.500,332.822,32.520,28.768
342.132,337.766,32.520,28.768
348.282,338.369,32.520,28.768
356.844,336.560,32.520,28.768
365.117,333.614,33.239,29.404
371.271,326.511,33.975,30.055
379.964,318.575,33.975,30.055
389.664,315.425,33.975,30.055
396.462,313.438,33.250,29.414
403.386,309.659,33.986,30.064
405.233,305.796,34.738,30.730
406.392,302.061,34.738,30.730
404.202,299.871,34.738,30.730
401.279,300.734,35.506,31.410
395.693,302.972,34.749,30.740
390.226,305.163,34.008,30.084
383.904,309.738,33.283,29.443
375.099,314.691,32.573,28.815
369.422,320.851,32.573,28.815
360.363,325.320,32.573,28.815
350.338,321.576,32.573,28.815
343.586,302.836,33.294,29.452
339.503,276.508,34.031,30.104
338.115,254.173,34.031,30.104
342.583,230.143,34.783,30.770
348.220,211.201,35.553,31.451
353.889,202.105,35.553,31.451
359.030,199.073,35.553,31.451
364.172,201.314,35.553,31.451
369.314,210.938,35.553,31.451
371.027,225.572,35.553,31.451
368.259,239.942,35.553,31.451
365.490,251.148,35.553,31.451
363.777,265.254,35.553,31.451
362.152,280.089,36.340,32.147
364.406,302.242,37.144,32.858
369.854,324.885,37.966,33.585
373.086,345.984,38.805,34.328
376.971,366.274,38.805,34.328
379.705,389.441,38.805,34.328
382.439,410.593,38.805,34.328
387.476,428.005,38.805,34.328
392.224,440.812,38.805,34.328
398.412,460.525,38.805,34.328
402.312,484.480,39.664,35.087
408.930,510.219,39.664,35.087
415.053,541.418,40.542,35.864
419.752,577.051,41.439,36.657
423.917,612.834,42.355,37.468
427.196,655.601,43.293,38.297
427.999,673.421,43.293,38.297
423.664,667.481,43.293,38.297
419.651,663.788,43.293,38.297
415.958,662.986,43.293,38.297
410.340,665.394,43.293,38.297
406.005,664.270,43.293,38.297
400.387,663.467,43.293,38.297
396.052,661.380,43.293,38.297
390.433,662.183,43.293,38.297
387.383,662.344,43.293,38.297
383.370,659.936,43.293,38.297
379.999,657.849,43.293,38.297
376.282,659.959,42.369,37.481
374.240,664.829,42.369,37.481
371.569,673.785,42.369,37.481
369.144,683.725,41.466,36.681
368.252,688.414,40.582,35.899
366.597,684.652,40.582,35.899
364.118,671.296,41.479,36.693
361.585,644.241,42.397,37.505
362.257,600.275,43.335,38.335
358.610,599.018,44.294,39.183
355.758,598.644,43.349,38.348
354.206,597.348,42.425,37.530
353.294,596.687,41.520,36.729
352.698,596.930,40.635,35.946
353.968,597.940,41.534,36.741
353.669,596.996,40.648,35.958
351.811,595.816,41.547,36.753
348.954,593.971,42.467,37.567
346.687,596.006,43.406,38.398
344.704,596.416,44.367,39.247
344.043,595.128,45.348,40.116
345.111,595.208,46.352,41.003
345.490,595.646,47.377,41.910
343.117,594.908,46.367,41.017
342.068,593.919,47.393,41.924
341.727,593.180,46.382,41.030
