246.000,226.000,94.000,114.000
245.591,232.953,94.000,114.000
246.000,234.180,94.000,114.000
246.409,235.406,94.000,114.000
246.818,237.451,94.000,114.000
249.681,239.496,94.000,114.000
251.726,241.541,94.000,114.000
252.953,241.950,94.000,114.000
253.362,242.359,94.000,114.000
253.771,242.768,94.000,114.000
254.179,243.177,94.000,114.000
255.406,242.768,94.000,114.000
259.087,242.359,94.000,114.000
261.950,241.132,94.000,114.000
268.085,239.087,94.000,114.000
268.494,238.678,94.000,114.000
268.903,238.269,94.000,114.000
270.130,232.953,94.000,114.000
277.900,230.908,94.000,114.000
285.671,231.317,94.000,114.000
276.264,230.908,94.000,114.000
271.765,223.137,94.000,114.000
272.992,211.277,94.000,114.000
284.035,208.414,94.000,114.000
295.895,199.826,94.000,114.000
313.481,199.417,94.000,114.000
326.159,200.644,94.000,114.000
322.478,206.778,94.000,114.000
310.618,208.823,94.000,114.000
299.576,217.412,94.000,114.000
281.988,217.423,96.080,116.522
258.996,216.169,96.080,116.522
259.414,211.571,96.080,116.522
273.209,203.629,96.080,116.522
289.512,201.538,96.080,116.522
314.176,201.120,96.080,116.522
332.151,202.374,96.080,116.522
340.929,212.825,96.080,116.522
327.134,224.948,96.080,116.522
300.799,236.234,96.080,116.522
271.119,237.488,96.080,116.522
244.784,226.202,96.080,116.522
241.021,214.079,96.080,116.522
257.760,204.443,94.031,114.037
282.715,201.579,94.031,114.037
298.229,199.893,96.111,116.560
323.736,201.148,96.111,116.560
328.336,210.765,96.111,116.560
311.192,217.874,96.111,116.560
289.029,217.456,96.111,116.560
276.066,213.692,96.111,116.560
275.648,201.566,96.111,116.560
290.284,201.148,96.111,116.560
316.628,201.566,96.111,116.560
330.427,205.329,96.111,116.560
331.682,207.420,96.111,116.560
315.434,207.432,98.238,119.139
276.539,208.714,98.238,119.139
239.354,204.868,98.238,119.139
213.282,192.473,98.238,119.139
215.419,180.078,98.238,119.139
239.782,166.828,98.238,119.139
259.870,158.707,98.238,119.139
273.975,169.392,98.238,119.139
288.079,186.061,98.238,119.139
289.362,212.988,98.238,119.139
277.821,234.786,98.238,119.139
265.427,236.069,98.238,119.139
259.870,221.964,98.238,119.139
259.443,201.021,98.238,119.139
264.144,197.174,98.238,119.139
277.394,206.150,98.238,119.139
279.531,231.367,98.238,119.139
267.136,258.294,98.238,119.139
255.596,270.689,98.238,119.139
242.346,256.585,98.238,119.139
235.935,219.400,98.238,119.139
248.595,175.955,100.411,121.775
262.138,161.538,100.411,121.775
280.050,175.081,100.411,121.775
294.466,205.225,100.411,121.775
287.039,246.728,100.411,121.775
270.875,274.250,100.411,121.775
241.605,273.814,100.411,121.775
220.199,248.038,100.411,121.775
221.509,208.283,100.411,121.775
235.926,194.740,100.411,121.775
263.449,210.904,100.411,121.775
290.971,239.301,100.411,121.775
301.019,271.192,100.411,121.775
285.729,289.104,100.411,121.775
257.332,288.667,100.411,121.775
229.810,261.144,100.411,121.775
232.868,229.253,100.411,121.775
262.138,215.710,100.411,121.775
299.842,228.378,98.270,119.178
326.778,242.487,98.270,119.178
343.453,254.031,98.270,119.178
338.750,257.024,98.270,119.178
307.055,256.149,100.444,121.815
261.964,254.348,102.666,124.510
222.209,243.181,102.666,124.510
179.775,236.480,102.666,124.510
164.141,224.420,102.666,124.510
190.495,210.573,102.666,124.510
228.463,194.046,102.666,124.510
256.604,180.199,102.666,124.510
296.016,168.180,100.477,121.855
305.197,157.251,100.477,121.855
289.022,155.939,100.477,121.855
266.727,154.628,100.477,121.855
252.301,152.442,100.477,121.855
254.487,148.508,100.477,121.855
276.782,154.191,100.477,121.855
312.191,168.617,100.477,121.855
337.109,183.917,100.477,121.855
344.541,189.600,100.477,121.855
328.366,190.037,100.477,121.855
285.087,188.726,100.477,121.855
232.192,181.294,100.477,121.855
185.416,169.491,100.477,121.855
166.618,169.928,100.477,121.855
190.662,175.611,100.477,121.855
236.563,183.043,100.477,121.855
278.093,196.595,100.477,121.855
318.748,199.655,100.477,121.855
346.289,200.092,100.477,121.855
330.115,198.781,100.477,121.855
300.825,189.600,100.477,121.855
259.295,173.426,100.477,121.855
222.137,147.633,100.477,121.855
228.694,131.459,100.477,121.855
249.241,130.147,100.477,121.855
263.096,146.487,102.700,124.551
279.629,179.106,102.700,124.551
291.693,209.043,102.700,124.551
275.161,237.194,102.700,124.551
248.798,238.534,102.700,124.551
233.159,228.257,102.700,124.551
226.456,201.001,102.700,124.551
244.776,178.212,102.700,124.551
271.139,175.084,102.700,124.551
284.097,188.936,102.700,124.551
292.587,215.299,102.700,124.551
289.459,255.960,102.700,124.551
280.969,285.898,102.700,124.551
282.310,297.069,102.700,124.551
281.863,279.642,102.700,124.551
283.972,230.515,104.972,127.307
296.303,171.599,104.972,127.307
294.020,134.605,104.972,127.307
288.082,132.322,104.972,127.307
275.751,165.662,104.972,127.307
280.775,234.626,104.972,127.307
296.760,293.542,104.972,127.307
310.005,325.055,104.972,127.307
314.115,309.983,104.972,127.307
315.675,257.196,102.734,124.592
306.288,196.854,102.734,124.592
300.478,154.391,102.734,124.592
299.137,153.050,102.734,124.592
289.750,193.725,102.734,124.592
292.787,254.951,105.007,127.349
312.432,298.353,105.007,127.349
314.717,309.775,105.007,127.349
307.864,280.992,105.007,127.349
306.493,229.367,105.007,127.349
306.036,183.224,105.007,127.349
302.838,165.406,105.007,127.349
293.244,180.482,105.007,127.349
290.660,225.051,107.330,130.166
291.127,280.621,107.330,130.166
286.925,305.370,107.330,130.166
274.316,304.903,107.330,130.166
282.255,285.758,107.330,130.166
273.382,261.942,107.330,130.166
271.982,248.400,107.330,130.166
271.515,248.867,107.330,130.166
255.171,261.475,107.330,130.166
228.553,275.951,107.330,130.166
211.275,291.361,107.330,130.166
193.997,304.903,107.330,130.166
192.596,304.436,107.330,130.166
217.346,297.432,107.330,130.166
246.765,292.295,107.330,130.166
275.250,289.026,107.330,130.166
305.604,282.022,107.330,130.166
322.881,279.687,107.330,130.166
316.811,273.616,107.330,130.166
292.061,262.876,107.330,130.166
257.648,253.912,105.041,127.390
220.630,242.486,105.041,127.390
192.752,241.115,105.041,127.390
181.327,235.174,105.041,127.390
196.409,229.233,105.041,127.390
226.066,221.660,107.365,130.209
268.183,213.593,105.076,127.432
312.927,205.698,102.835,124.715
342.009,205.251,102.835,124.715
355.879,203.014,102.835,124.715
343.798,200.777,102.835,124.715
314.716,198.540,102.835,124.715
277.432,191.676,100.642,122.055
236.710,180.729,100.642,122.055
222.260,165.404,100.642,122.055
238.864,149.062,102.869,124.756
275.117,149.509,102.869,124.756
304.208,158.908,102.869,124.756
333.300,161.146,102.869,124.756
334.643,161.593,102.869,124.756
305.551,161.146,102.869,124.756
271.984,153.537,102.869,124.756
242.893,145.929,102.869,124.756
228.123,144.586,102.869,124.756
243.788,153.985,102.869,124.756
285.411,168.754,102.869,124.756
312.712,186.209,102.869,124.756
331.062,200.084,102.869,124.756
342.251,211.273,102.869,124.756
322.111,220.672,102.869,124.756
293.019,233.651,102.869,124.756
264.823,241.259,102.869,124.756
247.368,233.651,102.869,124.756
246.025,209.035,102.869,124.756
274.222,195.161,102.869,124.756
311.369,196.503,102.869,124.756
340.461,210.378,102.869,124.756
369.552,214.406,102.869,124.756
366.419,213.958,102.869,124.756
323.006,200.979,102.869,124.756
274.969,185.204,105.145,127.516
245.234,169.193,105.145,127.516
242.947,154.097,105.145,127.516
269.201,145.315,102.902,124.796
296.511,159.194,102.902,124.796
321.135,178.445,102.902,124.796
347.550,194.115,102.902,124.796
343.520,205.308,102.902,124.796
310.838,204.860,102.902,124.796
265.619,192.772,102.902,124.796
218.496,175.134,105.179,127.558
174.107,158.202,105.179,127.558
151.684,145.847,105.179,127.558
160.491,137.314,107.506,130.380
189.023,131.233,107.506,130.380
220.361,140.120,107.506,130.380
251.700,157.427,107.506,130.380
292.970,187.219,105.214,127.599
310.823,217.889,105.214,127.599
324.098,245.813,105.214,127.599
295.259,261.835,105.214,127.599
250.856,273.279,105.214,127.599
211.030,263.666,105.214,127.599
182.191,237.573,105.214,127.599
193.635,207.819,105.214,127.599
227.052,180.811,105.214,127.599
256.807,181.268,105.214,127.599
281.984,206.445,105.214,127.599
299.836,227.045,105.214,127.599
302.125,249.475,105.214,127.599
284.272,259.088,105.214,127.599
247.008,248.536,102.970,124.878
213.798,213.224,105.248,127.641
208.358,165.728,107.577,130.465
236.909,138.114,107.577,130.465
269.225,144.926,109.957,133.352
300.321,177.935,109.957,133.352
329.621,213.940,107.612,130.508
340.389,241.564,107.612,130.508
310.893,245.778,107.612,130.508
257.050,244.373,107.612,130.508
201.335,221.431,107.612,130.508
171.838,192.871,107.612,130.508
186.352,164.311,107.612,130.508
230.831,147.924,107.612,130.508
266.882,149.329,107.612,130.508
296.379,164.780,107.612,130.508
317.448,180.230,107.612,130.508
316.043,194.744,107.612,130.508
300.593,207.386,107.612,130.508
275.778,203.172,107.612,130.508
229.542,179.743,105.317,127.725
214.420,160.956,105.317,127.725
242.371,148.585,105.317,127.725
290.484,151.792,105.317,127.725
333.531,167.018,107.647,130.551
363.037,185.284,107.647,130.551
363.505,186.689,107.647,130.551
335.872,177.790,107.647,130.551
303.556,171.702,107.647,130.551
254.260,155.194,110.029,133.439
207.825,151.843,110.029,133.439
195.857,150.407,110.029,133.439
212.612,149.928,110.029,133.439
247.558,150.407,110.029,133.439
291.121,164.290,110.029,133.439
334.684,172.428,110.029,133.439
379.204,175.779,110.029,133.439
395.959,182.002,110.029,133.439
384.949,180.566,110.029,133.439
356.130,171.376,107.683,130.594
301.315,158.727,107.683,130.594
237.420,143.186,110.065,133.483
175.646,136.003,110.065,133.483
126.236,135.023,112.500,136.436
107.147,137.470,112.500,136.436
119.383,145.791,112.500,136.436
158.051,146.281,112.500,136.436
205.957,149.151,110.101,133.527
262.961,159.210,110.101,133.527
319.965,169.270,110.101,133.527
362.599,179.329,110.101,133.527
380.323,183.641,110.101,133.527
377.927,184.120,110.101,133.527
347.749,179.808,110.101,133.527
307.830,168.766,107.753,130.679
265.168,154.233,107.753,130.679
250.635,145.325,107.753,130.679
253.917,148.607,107.753,130.679
284.390,163.140,107.753,130.679
326.114,177.673,107.753,130.679
356.587,190.331,107.753,130.679
376.746,194.551,107.753,130.679
381.903,203.458,107.753,130.679
368.307,217.991,107.753,130.679
356.587,240.025,107.753,130.679
352.367,262.997,107.753,130.679
337.834,263.466,107.753,130.679
328.927,238.619,107.753,130.679
314.394,191.269,107.753,130.679
296.110,138.293,107.753,130.679
297.516,99.382,107.753,130.679
297.048,87.661,107.753,130.679
284.390,110.633,107.753,130.679
280.766,154.422,110.137,133.571
280.554,212.656,107.788,130.722
287.589,256.270,107.788,130.722
289.934,272.683,107.788,130.722
288.527,261.897,107.788,130.722
285.875,226.879,110.173,133.614
290.284,171.476,107.824,130.765
302.950,126.909,107.824,130.765
297.790,111.428,107.824,130.765
284.185,125.033,107.824,130.765
272.457,168.661,107.824,130.765
271.050,226.363,107.824,130.765
269.642,263.423,107.824,130.765
267.297,268.583,107.824,130.765
276.210,228.708,107.824,130.765
291.691,181.327,107.824,130.765
292.160,152.711,107.824,130.765
307.641,148.489,107.824,130.765
310.925,155.526,107.824,130.765
292.629,171.945,107.824,130.765
276.210,178.982,107.824,130.765
262.606,162.562,107.824,130.765
274.334,139.576,107.824,130.765
287.938,140.983,107.824,130.765
301.542,169.599,107.824,130.765
330.159,202.907,107.824,130.765
338.134,229.647,107.824,130.765
322.653,242.313,107.824,130.765
297.790,225.894,107.824,130.765
275.668,174.316,110.209,133.658
259.845,127.804,110.209,133.658
272.791,128.284,110.209,133.658
302.041,166.164,110.209,133.658
330.331,208.840,110.209,133.658
339.441,227.540,110.209,133.658
314.028,225.143,110.209,133.658
282.861,192.057,110.209,133.658
264.160,137.874,110.209,133.658
268.476,110.542,110.209,133.658
294.848,134.038,110.209,133.658
323.139,174.795,110.209,133.658
338.962,204.045,110.209,133.658
330.811,216.991,110.209,133.658
297.725,212.676,110.209,133.658
256.968,193.016,110.209,133.658
227.718,167.603,110.209,133.658
227.239,153.697,110.209,133.658
243.062,159.931,110.209,133.658
270.394,178.631,110.209,133.658
295.807,205.963,110.209,133.658
312.590,220.827,110.209,133.658
314.028,227.061,110.209,133.658
298.205,227.540,110.209,133.658
267.996,212.676,110.209,133.658
254.091,196.852,110.209,133.658
270.873,196.373,110.209,133.658
314.106,210.276,107.859,130.808
330.530,223.885,107.859,130.808
344.139,225.293,107.859,130.808
335.223,218.254,107.859,130.808
307.877,208.341,105.559,128.018
278.944,193.185,105.559,128.018
264.706,178.948,105.559,128.018
277.106,167.466,105.559,128.018
306.959,167.925,105.559,128.018
317.522,178.489,105.559,128.018
326.248,187.215,105.559,128.018
325.789,189.511,105.559,128.018
288.884,187.618,107.895,130.851
250.861,176.821,107.895,130.851
220.348,161.330,107.895,130.851
208.612,151.472,107.895,130.851
235.553,157.845,105.594,128.060
266.334,173.924,105.594,128.060
282.413,194.598,105.594,128.060
308.600,207.921,105.594,128.060
309.060,210.218,105.594,128.060
292.061,209.759,105.594,128.060
266.793,193.679,105.594,128.060
253.470,180.356,105.594,128.060
279.657,183.572,105.594,128.060
312.275,199.652,105.594,128.060
327.436,214.812,105.594,128.060
338.922,216.191,105.594,128.060
323.761,209.299,105.594,128.060
300.331,195.057,105.594,128.060
268.181,178.865,107.930,130.894
252.684,175.578,107.930,130.894
268.181,176.047,107.930,130.894
294.008,188.726,107.930,130.894
308.565,202.344,107.930,130.894
326.878,200.935,107.930,130.894
323.591,191.074,107.930,130.894
301.521,176.517,107.930,130.894
278.511,154.447,107.930,130.894
264.163,133.024,110.318,133.790
261.763,131.584,110.318,133.790
267.043,153.183,110.318,133.790
270.403,179.581,110.318,133.790
273.763,192.540,110.318,133.790
259.844,197.820,110.318,133.790
241.125,195.420,110.318,133.790
225.286,181.501,110.318,133.790
220.006,180.061,110.318,133.790
237.765,189.180,110.318,133.790
274.723,209.819,110.318,133.790
304.001,228.538,110.318,133.790
330.399,238.617,110.318,133.790
332.799,237.177,110.318,133.790
325.600,233.818,110.318,133.790
308.801,223.738,110.318,133.790
300.641,216.539,110.318,133.790
288.642,217.019,110.318,133.790
287.202,223.258,110.318,133.790
289.602,231.418,110.318,133.790
287.202,231.898,110.318,133.790
275.203,226.618,110.318,133.790
259.364,212.699,110.318,133.790
254.084,202.620,110.318,133.790
258.404,206.939,110.318,133.790
278.082,221.818,110.318,133.790
299.681,227.098,110.318,133.790
313.600,225.658,110.318,133.790
311.200,215.579,110.318,133.790
301.121,196.860,110.318,133.790
296.801,168.542,110.318,133.790
299.201,167.102,110.318,133.790
314.080,181.981,110.318,133.790
327.039,200.700,110.318,133.790
333.279,214.619,110.318,133.790
331.839,217.979,110.318,133.790
310.241,213.659,110.318,133.790
291.522,189.180,110.318,133.790
271.876,153.340,112.759,136.750
259.612,134.207,112.759,136.750
264.027,147.453,112.759,136.750
268.442,177.379,112.759,136.750
271.876,202.400,112.759,136.750
261.574,217.608,112.759,136.750
265.989,208.287,112.759,136.750
287.524,203.598,110.354,133.834
314.892,216.561,110.354,133.834
330.736,222.803,110.354,133.834
336.017,219.442,110.354,133.834
316.332,206.478,110.354,133.834
284.164,190.634,110.354,133.834
256.796,172.869,110.354,133.834
256.316,172.389,110.354,133.834
275.041,181.512,110.354,133.834
301.448,197.356,110.354,133.834
314.412,212.240,110.354,133.834
329.296,216.561,110.354,133.834
331.696,217.041,110.354,133.834
328.335,213.680,110.354,133.834
312.491,208.399,110.354,133.834
299.528,207.919,110.354,133.834
300.968,208.399,110.354,133.834
303.369,215.601,110.354,133.834
302.889,219.922,110.354,133.834
