23.000,88.000,66.000,55.000
23.238,87.762,66.000,55.000
23.000,87.524,66.000,55.000
22.762,87.286,66.000,55.000
23.476,87.524,66.000,55.000
23.714,87.286,66.000,55.000
22.737,87.418,67.460,56.217
23.222,88.721,66.022,55.018
23.936,88.483,66.022,55.018
24.174,88.245,66.022,55.018
23.936,88.007,66.022,55.018
24.650,87.769,66.022,55.018
24.888,87.055,66.022,55.018
24.904,86.494,64.614,53.845
25.602,86.261,64.614,53.845
25.835,85.097,64.614,53.845
26.068,83.932,64.614,53.845
26.767,83.233,64.614,53.845
27.000,82.534,64.614,53.845
27.914,83.333,63.236,52.697
28.368,83.675,61.887,51.573
29.037,83.898,61.887,51.573
29.261,83.675,61.887,51.573
30.566,84.440,60.568,50.473
31.221,84.658,60.568,50.473
31.439,84.877,60.568,50.473
32.094,84.658,60.568,50.473
32.950,84.986,59.276,49.397
34.200,85.307,58.012,48.343
34.409,85.098,58.012,48.343
35.037,84.889,58.012,48.343
35.664,85.098,58.012,48.343
36.292,85.307,58.012,48.343
36.501,85.098,58.012,48.343
37.128,84.889,58.012,48.343
38.352,85.202,56.775,47.312
38.966,84.998,56.775,47.312
39.170,84.384,56.775,47.312
40.194,82.542,56.775,47.312
41.391,82.454,55.564,46.303
41.992,81.453,55.564,46.303
42.192,80.852,55.564,46.303
43.364,81.152,54.379,45.316
43.560,80.956,54.379,45.316
44.540,81.152,54.379,45.316
43.952,82.917,54.379,45.316
45.324,83.505,54.379,45.316
45.715,85.311,53.219,44.349
46.838,86.708,52.084,43.404
47.936,87.352,50.974,42.478
47.017,87.536,50.974,42.478
47.936,87.352,50.974,42.478
47.385,87.168,50.974,42.478
47.936,86.249,50.974,42.478
47.752,86.066,50.974,42.478
47.568,85.882,50.974,42.478
47.752,85.698,50.974,42.478
48.827,87.391,49.887,41.572
49.367,87.571,49.887,41.572
48.827,88.470,49.887,41.572
49.726,88.650,49.887,41.572
49.546,88.830,49.887,41.572
49.726,89.369,49.887,41.572
50.085,89.639,48.823,40.686
50.965,89.815,48.823,40.686
50.637,90.419,47.782,39.818
50.120,90.246,47.782,39.818
50.637,89.730,47.782,39.818
50.120,88.868,47.782,39.818
50.637,88.352,47.782,39.818
51.313,88.610,46.763,38.969
51.819,88.104,46.763,38.969
51.987,87.261,46.763,38.969
52.493,87.093,46.763,38.969
52.324,86.250,46.763,38.969
52.156,85.744,46.763,38.969
51.987,86.587,46.763,38.969
53.298,86.840,45.766,38.138
53.793,86.345,45.766,38.138
54.122,86.593,44.790,37.325
55.067,86.524,43.834,36.529
55.541,86.366,43.834,36.529
55.247,86.298,42.900,35.750
55.711,85.216,42.900,35.750
56.615,85.746,41.985,34.987
56.161,85.595,41.985,34.987
56.312,85.746,41.985,34.987
56.464,85.897,41.985,34.987
56.918,85.746,41.985,34.987
57.220,85.973,41.089,34.241
57.368,85.825,41.089,34.241
57.516,85.973,41.089,34.241
57.368,85.825,41.089,34.241
57.812,85.381,41.089,34.241
57.368,85.232,41.089,34.241
58.108,85.084,41.089,34.241
57.960,84.640,41.089,34.241
57.685,84.862,40.213,33.511
57.830,84.717,40.213,33.511
58.264,85.152,40.213,33.511
58.119,85.007,40.213,33.511
58.129,85.504,39.356,32.796
58.271,85.930,39.356,32.796
58.129,85.788,39.356,32.796
58.271,85.646,39.356,32.796
56.511,84.547,40.226,33.522
57.639,81.969,39.369,32.807
57.213,81.543,39.369,32.807
57.496,78.473,38.529,32.108
58.040,78.682,37.707,31.423
57.904,78.546,37.707,31.423
57.346,78.057,38.542,32.118
57.485,77.640,38.542,32.118
57.346,77.779,38.542,32.118
56.374,77.640,38.542,32.118
56.668,78.294,39.394,32.829
55.958,79.288,39.394,32.829
55.248,80.566,39.394,32.829
54.370,81.529,40.266,33.555
54.659,82.867,39.407,32.839
55.217,84.175,38.567,32.139
55.226,84.652,37.744,31.454
54.273,85.060,37.744,31.454
54.137,85.469,37.744,31.454
53.578,84.132,38.580,32.150
53.717,83.159,38.580,32.150
53.300,82.463,38.580,32.150
53.846,81.063,37.757,31.464
53.982,80.655,37.757,31.464
53.846,80.247,37.757,31.464
53.437,80.655,37.757,31.464
53.446,81.122,36.952,30.793
53.455,81.578,36.164,30.136
52.803,81.709,36.164,30.136
52.673,82.100,36.164,30.136
52.179,82.547,35.392,29.494
52.679,82.984,34.638,28.865
51.648,82.795,35.404,29.503
51.776,82.156,35.404,29.503
51.393,82.539,35.404,29.503
50.499,82.667,35.404,29.503
50.372,82.284,35.404,29.503
48.259,80.766,36.187,30.156
49.022,81.213,35.416,29.513
48.538,81.651,34.660,28.884
49.413,81.276,34.660,28.884
48.038,81.651,34.660,28.884
48.043,81.202,35.427,29.523
46.575,81.640,34.672,28.893
47.700,81.765,34.672,28.893
45.575,82.390,34.672,28.893
46.450,83.015,34.672,28.893
45.075,83.140,34.672,28.893
44.450,83.265,34.672,28.893
44.825,82.640,34.672,28.893
43.450,80.265,34.672,28.893
43.940,80.693,33.932,28.277
43.712,78.283,33.209,27.674
42.475,78.101,33.944,28.286
43.427,79.700,33.220,27.683
42.589,79.820,33.220,27.683
40.854,80.135,33.955,28.296
40.862,81.026,33.231,27.692
40.743,81.146,33.231,27.692
39.904,81.745,33.231,27.692
38.988,81.694,32.522,27.102
39.222,81.870,31.828,26.524
38.648,81.985,31.828,26.524
38.533,81.870,31.828,26.524
37.730,81.526,31.828,26.524
37.845,81.870,31.828,26.524
37.730,81.755,31.828,26.524
37.156,81.181,31.828,26.524
36.353,81.296,31.828,26.524
35.779,81.640,31.828,26.524
36.124,81.755,31.828,26.524
35.091,81.640,31.828,26.524
34.288,82.444,31.828,26.524
33.714,82.558,31.828,26.524
34.058,82.673,31.828,26.524
34.729,83.509,31.150,25.958
33.719,83.621,31.150,25.958
32.933,83.734,31.150,25.958
31.858,84.119,30.485,25.404
31.967,84.229,30.485,25.404
32.297,84.558,30.485,25.404
30.021,84.163,31.160,25.967
30.134,84.051,31.160,25.967
29.797,83.714,31.160,25.967
30.454,84.316,30.495,25.413
28.805,84.865,30.495,25.413
28.810,84.470,31.170,25.975
28.817,85.938,30.505,25.421
27.827,86.268,30.505,25.421
27.497,87.258,30.505,25.421
27.717,86.787,29.855,24.879
27.309,87.364,29.218,24.348
27.316,87.725,28.595,23.829
25.395,88.424,29.228,24.356
26.621,87.566,28.604,23.837
26.311,87.876,28.604,23.837
26.002,89.010,28.604,23.837
24.868,89.113,28.604,23.837
24.764,88.185,28.604,23.837
24.661,88.494,28.604,23.837
25.177,89.216,28.604,23.837
25.693,88.082,28.604,23.837
24.352,87.566,28.604,23.837
23.218,86.638,28.604,23.837
22.366,84.128,29.237,24.364
21.933,83.968,29.884,24.903
22.162,84.027,30.545,25.454
20.339,82.261,31.221,26.018
21.431,81.778,30.555,25.463
20.439,81.228,30.555,25.463
21.296,82.242,29.904,24.920
20.853,82.526,30.565,25.471
20.401,83.045,31.242,26.035
18.486,83.157,31.242,26.035
17.923,83.270,31.242,26.035
19.387,83.833,31.242,26.035
18.374,83.720,31.242,26.035
19.838,83.382,31.242,26.035
18.824,83.270,31.242,26.035
19.613,82.481,31.242,26.035
18.824,82.594,31.242,26.035
19.613,82.707,31.242,26.035
18.824,82.819,31.242,26.035
18.937,82.256,31.242,26.035
19.049,81.242,31.242,26.035
19.387,80.679,31.242,26.035
19.049,80.792,31.242,26.035
19.613,81.355,31.242,26.035
19.049,81.693,31.242,26.035
19.274,82.948,30.575,25.480
18.856,84.175,29.923,24.936
18.964,84.499,29.923,24.936
18.640,85.470,29.923,24.936
18.964,85.794,29.923,24.936
18.856,85.686,29.923,24.936
18.317,85.578,29.923,24.936
19.504,85.039,29.923,24.936
20.342,83.745,29.285,24.404
19.332,83.903,28.661,23.884
20.055,84.006,28.661,23.884
19.952,84.523,28.661,23.884
19.759,85.873,28.050,23.375
20.936,86.610,27.451,22.876
20.735,86.049,28.059,23.382
20.936,87.566,27.460,22.884
20.119,86.183,28.068,23.390
19.284,86.239,28.689,23.907
19.490,85.796,28.077,23.398
19.887,85.753,27.478,22.899
20.466,84.756,26.892,22.410
21.145,84.853,26.892,22.410
21.350,84.504,27.487,22.906
20.975,85.035,26.901,22.418
21.542,86.302,26.328,21.940
22.017,87.536,26.328,21.940
21.233,87.392,26.910,22.425
21.988,88.472,26.336,21.947
21.992,88.328,26.919,22.432
20.788,87.577,27.514,22.929
19.763,86.603,28.123,23.436
22.298,86.298,28.123,23.436
21.791,86.197,28.123,23.436
22.906,86.907,28.123,23.436
23.413,86.603,28.123,23.436
23.420,86.559,27.523,22.936
22.527,86.262,27.523,22.936
23.023,86.758,27.523,22.936
21.998,85.783,28.132,23.444
22.505,86.088,28.132,23.444
23.294,85.849,27.533,22.944
22.599,85.352,27.533,22.944
24.519,85.119,26.945,22.454
24.616,84.633,26.945,22.454
23.936,84.147,26.945,22.454
24.810,82.884,26.945,22.454
25.490,81.622,26.945,22.454
25.976,81.719,26.945,22.454
26.073,82.593,26.945,22.454
25.976,82.690,26.945,22.454
25.879,83.176,26.945,22.454
26.170,83.467,26.945,22.454
26.073,85.119,26.945,22.454
25.143,85.077,26.371,21.976
25.999,84.222,26.371,21.976
26.474,83.936,26.371,21.976
27.397,84.446,25.808,21.507
27.490,83.608,25.808,21.507
27.955,83.515,25.808,21.507
28.320,84.193,25.258,21.048
29.139,84.284,25.258,21.048
27.065,85.468,25.817,21.514
28.275,85.561,25.817,21.514
29.178,86.419,25.266,21.055
28.541,86.145,25.266,21.055
28.996,86.419,25.266,21.055
27.630,85.963,25.266,21.055
28.201,85.636,25.825,21.521
28.205,84.528,26.397,21.997
27.729,84.243,26.397,21.997
29.156,83.957,26.397,21.997
28.681,84.624,26.397,21.997
28.205,84.909,26.397,21.997
28.871,85.956,26.397,21.997
28.776,86.051,26.397,21.997
29.823,84.624,26.397,21.997
28.247,85.071,26.981,22.484
28.539,84.001,26.981,22.484
27.983,85.272,26.405,22.004
29.274,84.498,25.842,21.535
28.435,84.032,25.842,21.535
28.715,83.566,25.842,21.535
29.926,84.032,25.842,21.535
29.393,84.351,25.291,21.076
29.484,85.354,25.291,21.076
30.545,85.140,24.752,20.627
30.099,85.943,24.752,20.627
29.296,85.853,24.752,20.627
29.742,85.407,24.752,20.627
29.746,85.642,25.299,21.083
30.128,86.260,25.859,21.549
28.730,85.981,25.859,21.549
29.569,86.074,25.859,21.549
30.474,86.214,25.308,21.090
30.656,86.703,24.768,20.640
30.030,86.435,24.768,20.640
30.897,86.052,24.240,20.200
30.566,86.857,23.723,19.769
30.138,86.772,23.723,19.769
31.133,86.076,23.217,19.348
31.217,86.160,23.217,19.348
31.803,86.243,23.217,19.348
30.938,87.158,23.731,19.776
31.274,87.122,23.225,19.354
32.529,87.373,23.225,19.354
31.441,87.122,23.225,19.354
30.687,88.210,23.225,19.354
31.608,88.461,23.225,19.354
31.357,88.210,23.225,19.354
32.948,89.299,23.225,19.354
32.697,89.717,23.225,19.354
32.111,89.299,23.225,19.354
32.697,89.215,23.225,19.354
31.943,88.964,23.225,19.354
32.027,88.880,23.225,19.354
32.613,88.964,23.225,19.354
32.362,89.047,23.225,19.354
33.618,89.299,23.225,19.354
32.816,88.940,22.729,18.941
33.062,89.350,22.729,18.941
33.066,88.885,23.232,19.360
32.264,88.688,22.737,18.947
32.346,89.590,22.737,18.947
33.740,89.508,22.737,18.947
33.985,88.934,22.737,18.947
33.309,87.959,23.240,19.367
34.733,87.708,23.240,19.367
34.314,86.618,23.240,19.367
35.403,86.535,23.240,19.367
34.190,86.060,23.754,19.795
34.961,87.344,23.754,19.795
35.903,86.402,23.754,19.795
36.239,86.696,23.248,19.373
37.214,86.821,22.752,18.960
36.803,87.068,22.752,18.960
37.916,87.191,22.267,18.555
38.799,87.110,22.267,18.555
39.200,87.030,22.267,18.555
39.370,86.075,22.759,18.966
40.166,86.357,22.274,18.562
40.636,86.941,21.799,18.166
41.501,86.549,21.799,18.166
42.522,86.313,21.799,18.166
42.527,86.734,21.334,17.778
44.297,86.349,21.334,17.778
44.066,86.272,21.334,17.778
45.109,86.536,20.879,17.399
44.956,86.109,21.341,17.784
45.494,86.340,21.341,17.784
46.648,86.417,21.341,17.784
47.649,86.648,21.341,17.784
47.652,85.573,21.813,18.178
48.045,85.494,21.813,18.178
49.225,85.573,21.813,18.178
50.562,85.809,21.813,18.178
51.427,85.101,21.813,18.178
52.292,85.337,21.813,18.178
53.157,85.573,21.813,18.178
53.768,85.085,21.348,17.790
54.923,85.162,21.348,17.790
55.967,85.574,20.893,17.411
57.714,86.413,20.447,17.039
58.672,88.403,20.447,17.039
59.388,89.224,20.011,16.676
61.061,89.889,19.584,16.320
61.650,90.661,20.018,16.681
61.204,91.000,20.461,17.051
63.657,89.357,20.913,17.428
63.034,87.991,21.376,17.813
63.782,87.067,20.920,17.433
64.098,87.735,21.383,17.819
65.871,87.812,21.383,17.819
66.565,88.506,21.383,17.819
67.105,89.045,21.383,17.819
68.569,89.893,21.383,17.819
69.417,90.587,21.383,17.819
70.574,90.510,21.383,17.819
72.193,90.125,21.383,17.819
73.349,89.123,21.383,17.819
73.734,87.195,21.383,17.819
75.353,87.118,21.383,17.819
76.047,86.424,21.383,17.819
78.437,86.502,21.383,17.819
78.360,86.424,21.383,17.819
79.516,86.347,21.383,17.819
80.981,86.579,21.383,17.819
82.446,86.502,21.383,17.819
83.569,86.544,21.856,18.213
84.751,86.308,21.856,18.213
85.302,86.702,21.856,18.213
86.642,86.623,21.856,18.213
86.405,86.702,21.856,18.213
88.375,86.623,21.856,18.213
88.927,86.544,21.856,18.213
89.478,86.781,21.856,18.213
90.976,87.017,21.856,18.213
91.370,87.096,21.856,18.213
92.394,87.332,21.856,18.213
92.945,87.411,21.856,18.213
93.930,86.964,22.340,18.616
93.688,86.884,22.340,18.616
94.360,86.427,22.834,19.028
95.635,87.027,22.347,18.623
95.304,86.069,22.841,19.035
96.262,86.192,22.354,18.629
96.935,85.902,22.849,19.041
97.575,86.026,22.362,18.635
98.415,85.569,22.856,19.047
99.692,85.851,22.369,18.641
99.772,85.932,22.369,18.641
101.332,85.587,21.892,18.243
101.794,85.857,21.425,17.854
102.097,86.122,20.968,17.474
102.976,86.236,20.521,17.101
103.286,85.816,20.975,17.479
103.967,86.799,20.975,17.479
103.813,86.371,21.439,17.866
104.414,87.530,20.982,17.485
103.947,87.415,21.446,17.872
104.846,87.531,20.989,17.491
105.164,87.259,21.453,17.878
105.396,86.717,21.453,17.878
105.473,87.413,21.453,17.878
105.860,87.027,21.453,17.878
104.579,87.070,21.928,18.273
105.449,87.623,21.928,18.273
106.521,88.046,21.460,17.884
106.526,88.461,21.003,17.502
106.529,88.503,21.467,17.889
106.761,87.806,21.467,17.889
106.994,88.038,21.467,17.889
106.194,86.797,21.942,18.285
107.114,86.915,21.474,17.895
105.832,86.637,21.949,18.291
106.600,86.451,21.481,17.901
105.903,86.528,21.481,17.901
106.228,86.571,21.957,18.297
106.844,86.843,21.488,17.907
106.102,86.810,21.030,17.525
106.420,86.852,21.495,17.913
105.780,86.573,21.971,18.309
104.962,86.781,22.457,18.714
105.134,87.498,22.954,19.128
103.764,87.201,23.462,19.552
105.074,88.469,22.962,19.135
104.494,88.055,22.962,19.135
105.297,88.818,22.472,18.727
104.568,88.737,22.472,18.727
105.297,88.494,22.472,18.727
104.730,89.223,22.472,18.727
105.783,88.818,22.472,18.727
104.568,88.899,22.472,18.727
105.198,89.021,21.993,18.327
104.960,88.941,21.993,18.327
105.515,89.021,21.993,18.327
104.643,89.417,21.993,18.327
104.801,89.536,21.524,17.936
104.569,89.769,21.524,17.936
105.621,89.885,21.065,17.554
104.521,88.824,21.531,17.942
104.443,88.591,21.531,17.942
103.803,87.829,22.007,18.339
103.655,87.948,21.538,17.948
104.109,87.466,21.079,17.565
103.425,87.238,21.079,17.565
103.113,86.650,21.545,17.954
101.988,86.370,22.022,18.351
103.020,87.085,22.022,18.351
101.988,87.641,22.022,18.351
102.385,87.561,22.022,18.351
102.544,88.140,21.552,17.960
101.950,87.507,21.092,17.577
102.178,89.256,21.092,17.577
100.733,89.180,21.092,17.577
101.417,88.952,21.092,17.577
101.189,88.876,21.092,17.577
100.505,88.800,21.092,17.577
100.581,89.028,21.092,17.577
100.505,89.865,21.092,17.577
100.363,89.392,20.643,17.202
101.229,89.361,20.202,16.835
102.217,88.347,19.772,16.476
101.036,86.907,20.209,16.841
101.041,88.000,19.778,16.482
101.968,86.788,19.778,16.482
101.897,86.574,19.778,16.482
101.683,86.502,19.778,16.482
101.897,86.288,19.778,16.482
102.253,86.930,19.778,16.482
102.039,86.574,19.778,16.482
102.681,86.360,19.778,16.482
103.180,86.003,19.778,16.482
102.681,85.789,19.778,16.482
103.466,84.720,19.778,16.482
103.679,85.789,19.778,16.482
103.608,84.862,19.778,16.482
103.965,85.647,19.778,16.482
104.892,86.431,19.778,16.482
105.171,86.675,19.356,16.130
105.319,85.845,19.784,16.487
105.390,85.774,19.784,16.487
106.358,86.431,19.363,16.135
106.506,86.615,19.791,16.492
106.720,85.973,19.791,16.492
107.076,85.188,19.791,16.492
107.494,86.258,19.369,16.141
107.498,85.420,18.956,15.797
108.113,85.352,18.956,15.797
107.549,85.532,19.375,16.146
107.987,85.570,19.804,16.503
108.487,85.785,19.804,16.503
108.844,84.999,19.804,16.503
109.486,85.927,19.804,16.503
108.987,85.856,19.804,16.503
110.200,85.785,19.804,16.503
109.558,85.856,19.804,16.503
109.915,85.499,19.804,16.503
110.700,86.284,19.804,16.503
111.057,85.785,19.804,16.503
111.414,85.713,19.804,16.503
110.629,86.213,19.804,16.503
111.128,86.284,19.804,16.503
110.486,86.070,19.804,16.503
111.867,85.902,19.382,16.151
111.657,86.391,19.382,16.151
111.587,86.182,19.382,16.151
111.518,85.972,19.382,16.151
111.587,85.623,19.382,16.151
111.518,86.251,19.382,16.151
111.956,85.855,19.810,16.509
112.170,84.498,19.810,16.509
111.241,85.141,19.810,16.509
111.797,85.386,19.388,16.157
111.447,85.036,19.388,16.157
111.238,84.827,19.388,16.157
111.531,85.011,19.817,16.514
111.174,84.796,19.817,16.514
110.959,85.439,19.817,16.514
110.814,85.182,20.255,16.879
110.960,85.011,19.823,16.520
111.031,85.082,19.823,16.520
110.898,85.603,19.401,16.167
110.611,85.206,19.830,16.525
110.539,85.135,19.830,16.525
111.509,85.793,19.407,16.173
110.319,85.443,19.407,16.173
110.110,86.353,19.407,16.173
110.599,86.843,19.407,16.173
110.249,87.472,19.407,16.173
110.543,87.221,19.836,16.530
110.901,86.863,19.836,16.530
111.115,86.506,19.836,16.530
110.042,86.291,19.836,16.530
110.543,86.363,19.836,16.530
110.614,87.006,19.836,16.530
110.206,86.700,19.413,16.178
111.115,87.190,19.413,16.178
109.666,86.793,19.843,16.536
109.738,86.006,19.843,16.536
109.094,85.792,19.843,16.536
109.650,87.278,19.420,16.183
109.218,86.445,19.849,16.541
108.775,86.188,20.289,16.907
108.778,86.532,20.737,17.281
109.152,85.859,20.737,17.281
108.180,85.934,20.737,17.281
108.329,85.758,20.295,16.913
108.549,85.685,20.295,16.913
109.207,85.758,20.295,16.913
108.256,86.124,20.295,16.913
109.170,86.164,20.744,17.287
108.049,85.641,20.744,17.287
109.207,85.897,20.302,16.918
109.280,85.824,20.302,16.918
108.329,85.458,20.302,16.918
108.180,86.714,20.751,17.293
108.906,86.538,20.309,16.924
107.238,86.123,20.758,17.298
107.762,86.048,20.758,17.298
108.542,86.555,21.217,17.681
108.924,86.479,21.217,17.681
107.181,86.362,21.687,18.072
106.282,86.329,21.224,17.687
107.615,86.444,20.772,17.310
106.791,86.219,20.772,17.310
108.514,86.594,20.772,17.310
106.931,86.562,20.329,16.940
108.066,86.389,19.895,16.579
106.964,86.773,19.471,16.226
107.259,86.230,19.902,16.585
107.708,85.525,20.342,16.952
107.255,84.805,20.792,17.327
107.258,85.780,21.252,17.710
107.263,85.747,20.799,17.332
106.257,85.860,20.355,16.963
106.717,85.444,20.806,17.338
106.192,85.069,20.806,17.338
106.867,85.594,20.806,17.338
105.742,85.369,20.806,17.338
106.417,85.444,20.806,17.338
105.486,86.264,21.266,17.722
105.716,87.107,21.266,17.722
105.560,87.468,21.736,18.114
104.698,86.762,21.736,18.114
104.933,86.214,21.736,18.114
104.228,85.822,21.736,18.114
104.620,84.333,21.736,18.114
104.172,84.300,21.273,17.727
104.334,83.865,21.744,18.120
103.525,85.047,22.225,18.521
104.246,85.448,22.225,18.521
104.005,84.887,22.225,18.521
104.674,84.765,22.716,18.930
102.298,84.471,23.219,19.349
104.240,84.758,22.724,18.936
103.614,84.881,22.239,18.533
104.283,83.927,22.731,18.943
102.890,85.320,22.731,18.943
103.791,84.582,22.731,18.943
103.218,84.337,22.731,18.943
102.644,83.763,22.731,18.943
101.627,83.128,23.234,19.362
102.381,83.882,23.234,19.362
103.033,83.039,22.739,18.949
102.564,83.478,22.254,18.545
103.807,84.527,21.779,18.149
102.943,84.605,21.779,18.149
103.251,86.691,21.315,17.762
103.635,86.460,21.315,17.762
104.529,88.649,20.860,17.384
104.454,88.424,20.860,17.384
104.679,88.048,20.860,17.384
103.702,88.724,20.860,17.384
104.378,88.198,20.860,17.384
104.754,88.123,20.860,17.384
104.228,88.198,20.860,17.384
105.356,87.972,20.860,17.384
104.735,86.298,21.322,17.768
105.427,86.221,21.322,17.768
103.357,84.828,21.794,18.161
105.164,84.435,21.794,18.161
105.400,84.514,21.794,18.161
105.556,84.934,21.329,17.774
106.095,84.858,21.329,17.774
106.325,84.165,21.329,17.774
106.864,83.627,21.329,17.774
106.325,82.781,21.329,17.774
107.171,82.089,21.329,17.774
106.696,82.292,21.801,18.167
106.932,82.056,21.801,18.167
107.325,81.977,21.801,18.167
108.087,82.247,21.336,17.780
108.472,83.093,21.336,17.780
109.164,83.170,21.336,17.780
109.762,84.323,20.881,17.401
110.391,83.896,21.343,17.786
110.775,83.819,21.343,17.786
111.006,83.435,21.343,17.786
110.467,83.512,21.343,17.786
111.468,84.974,21.343,17.786
112.006,85.050,21.343,17.786
111.622,85.127,21.343,17.786
112.622,85.204,21.343,17.786
112.627,84.727,20.888,17.406
112.100,84.350,20.888,17.406
112.259,83.298,21.350,17.791
113.155,84.155,20.894,17.412
114.134,85.285,20.894,17.412
113.043,85.015,21.357,17.797
113.526,85.217,21.829,18.191
113.986,84.880,21.364,17.803
114.149,84.923,21.836,18.197
114.913,84.586,21.371,17.809
115.396,84.309,21.844,18.203
116.054,84.516,22.327,18.606
116.778,83.792,22.327,18.606
117.019,83.711,22.327,18.606
117.583,83.309,22.327,18.606
116.375,83.711,22.327,18.606
116.379,83.923,22.821,19.017
117.284,84.334,22.821,19.017
117.458,84.551,23.326,19.438
117.462,83.725,23.842,19.868
117.644,83.416,24.369,20.308
117.732,81.922,24.369,20.308
117.468,80.780,24.369,20.308
118.435,80.868,24.369,20.308
117.644,81.307,24.369,20.308
118.259,80.341,24.369,20.308
118.628,80.207,24.909,20.757
118.179,79.758,24.909,20.757
117.624,79.995,25.460,21.216
118.337,79.425,24.917,20.764
119.087,80.593,25.468,21.223
119.663,79.310,26.031,21.693
119.277,78.583,26.607,22.173
119.284,79.837,26.040,21.700
120.880,80.118,26.040,21.700
121.273,79.586,26.616,22.180
119.685,78.644,27.205,22.671
121.393,79.926,26.625,22.187
119.604,79.182,27.214,22.678
121.076,79.280,27.214,22.678
120.470,78.113,27.816,23.180
122.174,78.815,27.816,23.180
121.988,79.159,27.223,22.686
121.585,78.399,27.825,23.188
123.525,80.290,27.232,22.693
122.715,78.918,27.834,23.195
125.623,80.617,27.241,22.701
127.292,81.304,27.241,22.701
126.482,80.136,27.843,23.203
129.197,81.835,27.250,22.708
128.590,80.666,27.853,23.210
128.891,80.566,27.853,23.210
130.834,80.329,27.259,22.715
132.061,79.364,27.862,23.218
131.559,78.661,27.862,23.218
133.115,79.780,27.268,22.723
133.410,78.305,27.268,22.723
134.932,79.401,26.686,22.238
136.051,78.803,26.117,21.764
137.228,78.465,26.695,22.246
136.747,79.908,26.695,22.246
137.866,80.424,26.125,21.771
139.043,81.258,26.704,22.253
139.909,81.547,26.704,22.253
140.583,80.488,26.704,22.253
141.786,80.142,27.294,22.745
143.262,80.043,27.294,22.745
144.407,80.191,26.712,22.260
146.455,80.335,26.143,21.786
147.115,80.053,26.143,21.786
148.938,81.466,25.585,21.321
149.768,80.820,25.585,21.321
150.783,81.466,25.585,21.321
151.797,81.374,25.585,21.321
152.627,81.097,25.585,21.321
154.011,80.820,25.585,21.321
155.262,82.203,25.040,20.866
155.894,81.571,25.040,20.866
157.428,82.023,25.040,20.866
158.421,83.738,25.040,20.866
159.053,82.745,25.040,20.866
158.782,83.377,25.040,20.866
161.220,81.842,25.040,20.866
161.310,80.849,25.040,20.866
162.534,79.767,24.506,20.421
162.622,79.325,24.506,20.421
163.064,78.883,24.506,20.421
163.329,78.088,24.506,20.421
163.771,79.236,24.506,20.421
164.389,78.971,24.506,20.421
164.478,79.236,24.506,20.421
165.450,79.855,24.506,20.421
166.068,79.060,24.506,20.421
166.863,80.562,24.506,20.421
166.598,80.297,24.506,20.421
167.702,79.796,25.048,20.873
167.973,81.873,25.048,20.873
167.977,80.799,25.602,21.335
167.515,81.260,25.602,21.335
168.346,80.245,25.602,21.335
168.438,81.260,25.602,21.335
169.208,80.545,26.168,21.807
169.996,81.576,26.747,22.289
169.513,81.480,26.747,22.289
170.821,81.253,26.177,21.814
170.160,82.480,26.177,21.814
171.198,82.574,26.177,21.814
170.727,83.424,26.177,21.814
169.947,82.301,26.756,22.297
171.587,83.362,26.756,22.297
170.719,81.529,26.756,22.297
171.841,83.162,26.186,21.821
172.880,82.312,26.186,21.821
172.219,81.651,26.186,21.821
173.635,80.990,26.186,21.821
174.107,80.518,26.186,21.821
174.768,81.934,26.186,21.821
173.540,81.274,26.186,21.821
174.012,81.557,26.186,21.821
173.625,82.001,26.765,22.304
173.721,82.098,26.765,22.304
173.726,82.351,27.357,22.798
174.219,83.436,27.357,22.798
174.909,82.154,27.357,22.798
175.486,83.633,26.774,22.311
175.865,82.848,26.203,21.836
176.337,82.942,26.203,21.836
176.620,82.659,26.203,21.836
175.392,81.053,26.203,21.836
176.309,82.833,25.644,21.370
176.771,81.816,25.644,21.370
175.939,81.354,25.644,21.370
176.771,82.186,25.644,21.370
176.599,82.860,25.097,20.914
177.413,83.312,25.097,20.914
176.418,83.041,25.097,20.914
176.690,83.312,25.097,20.914
176.172,83.622,24.562,20.468
177.146,83.888,24.562,20.468
176.526,83.976,24.562,20.468
177.215,84.109,24.038,20.032
176.051,84.239,23.525,19.605
176.548,84.040,23.024,19.186
176.393,84.644,22.533,18.777
177.025,84.923,22.052,18.377
177.490,85.808,21.582,17.985
177.493,85.367,22.059,18.383
176.618,84.970,22.059,18.383
175.704,85.242,21.589,17.991
176.093,83.608,21.589,17.991
176.949,83.686,21.589,17.991
175.660,83.406,22.067,18.389
175.581,83.008,22.067,18.389
174.865,83.406,22.067,18.389
174.563,83.219,21.596,17.997
174.869,83.485,21.136,17.613
174.580,84.041,20.685,17.237
173.909,84.413,20.685,17.237
174.431,84.935,20.685,17.237
173.312,84.413,20.685,17.237
173.685,84.488,20.685,17.237
173.760,83.966,20.685,17.237
173.089,82.996,20.685,17.237
173.312,82.624,20.685,17.237
172.045,82.549,20.685,17.237
172.865,82.922,20.685,17.237
172.343,82.698,20.685,17.237
170.926,82.922,20.685,17.237
171.084,82.963,21.143,17.619
170.550,82.735,21.143,17.619
170.322,82.811,21.143,17.619
170.483,82.537,21.610,18.009
170.939,82.504,21.149,17.625
169.993,82.862,21.617,18.014
169.835,83.229,22.096,18.413
169.596,84.583,22.096,18.413
170.313,84.504,22.096,18.413
170.074,85.380,22.096,18.413
170.153,86.097,22.096,18.413
171.080,86.370,21.624,18.020
170.846,86.604,21.624,18.020
170.768,85.902,21.624,18.020
169.755,86.292,21.624,18.020
171.392,86.214,21.624,18.020
171.470,86.760,21.624,18.020
171.635,85.185,22.103,18.419
171.874,83.034,22.103,18.419
172.591,81.679,22.103,18.419
171.874,80.962,22.103,18.419
172.272,80.245,22.103,18.419
171.237,81.121,22.103,18.419
170.998,80.404,22.103,18.419
171.332,80.614,22.592,18.827
170.321,81.166,23.092,19.243
171.237,80.084,23.092,19.243
170.821,81.000,23.092,19.243
170.072,80.916,23.092,19.243
171.320,80.500,23.092,19.243
171.497,81.065,23.603,19.669
171.324,80.229,24.125,20.104
170.715,81.534,24.125,20.104
170.553,82.000,23.610,19.675
171.319,82.085,23.610,19.675
171.404,83.191,23.610,19.675
172.000,82.425,23.610,19.675
172.004,82.296,24.133,20.111
171.647,82.344,24.667,20.556
171.651,81.286,25.213,21.010
171.306,81.598,24.675,20.562
172.285,81.687,24.675,20.562
171.306,81.598,24.675,20.562
171.310,81.463,25.221,21.017
172.718,82.125,24.683,20.569
171.739,79.722,24.683,20.569
172.006,78.744,24.683,20.569
172.095,77.943,24.683,20.569
173.023,77.992,25.229,21.024
172.750,78.265,25.229,21.024
172.113,78.720,25.229,21.024
171.840,78.265,25.229,21.024
173.249,79.454,24.691,20.576
173.160,80.077,24.691,20.576
172.715,80.522,24.691,20.576
172.719,79.463,25.237,21.031
172.156,79.513,25.796,21.496
170.947,79.420,25.796,21.496
172.029,80.098,25.246,21.038
171.089,80.148,25.804,21.503
171.926,79.311,25.804,21.503
170.772,78.591,26.375,21.979
171.628,77.925,26.375,21.979
170.251,77.386,26.959,22.466
170.931,77.678,26.959,22.466
170.056,77.192,26.959,22.466
169.765,76.511,26.959,22.466
170.521,77.594,26.384,21.986
169.665,76.738,26.384,21.986
170.330,77.023,26.384,21.986
169.284,75.977,26.384,21.986
168.238,76.262,26.384,21.986
167.650,75.131,26.967,22.473
166.192,75.617,26.967,22.473
168.428,75.131,26.967,22.473
167.553,74.839,26.967,22.473
167.184,75.173,26.392,21.994
166.518,74.697,26.392,21.994
165.852,73.840,26.392,21.994
165.567,74.506,26.392,21.994
166.804,74.411,26.392,21.994
167.089,74.697,26.392,21.994
166.545,74.656,25.830,21.525
166.731,75.155,25.279,21.066
166.093,74.882,25.279,21.066
166.731,74.244,25.279,21.066
165.728,74.517,25.279,21.066
165.090,74.426,25.279,21.066
165.546,75.246,25.279,21.066
164.179,75.702,25.279,21.066
164.635,75.793,25.279,21.066
163.268,76.613,25.279,21.066
164.270,76.157,25.279,21.066
163.814,76.613,25.279,21.066
163.541,75.975,25.279,21.066
163.085,75.519,25.279,21.066
163.541,75.428,25.279,21.066
162.539,75.519,25.279,21.066
161.536,75.246,25.279,21.066
161.445,75.337,25.279,21.066
160.989,76.522,25.279,21.066
160.534,75.702,25.279,21.066
160.260,75.793,25.279,21.066
160.351,76.249,25.279,21.066
160.989,75.793,25.279,21.066
160.351,76.066,25.279,21.066
160.078,75.975,25.279,21.066
160.351,75.884,25.279,21.066
159.896,75.064,25.279,21.066
160.169,72.421,25.279,21.066
159.349,72.147,25.279,21.066
159.622,70.598,25.279,21.066
158.984,69.778,25.279,21.066
158.164,69.869,25.279,21.066
158.168,69.920,25.838,21.532
157.330,70.758,25.838,21.532
156.864,70.851,25.838,21.532
157.255,71.483,26.410,22.008
155.827,71.388,26.410,22.008
156.493,71.483,26.410,22.008
156.017,71.578,26.410,22.008
155.350,70.912,26.410,22.008
155.540,71.238,25.846,21.539
155.634,71.331,25.846,21.539
155.913,71.611,25.846,21.539
155.724,71.856,26.418,22.015
155.629,71.951,26.418,22.015
155.533,72.999,26.418,22.015
155.057,72.332,26.418,22.015
154.962,72.427,26.418,22.015
154.486,72.332,26.418,22.015
154.390,72.046,26.418,22.015
154.197,71.704,27.003,22.502
154.294,72.191,27.003,22.502
153.808,72.483,27.003,22.502
154.377,73.192,26.427,22.022
154.282,73.668,26.427,22.022
154.568,73.954,26.427,22.022
153.979,73.216,27.012,22.510
152.973,73.270,27.609,23.008
153.555,71.693,27.021,22.517
153.263,71.790,27.021,22.517
153.065,71.642,27.618,23.015
153.563,71.543,27.618,23.015
153.264,71.244,27.618,23.015
153.164,70.149,27.618,23.015
153.065,70.646,27.618,23.015
152.766,71.144,27.618,23.015
153.662,70.846,27.618,23.015
153.762,71.343,27.618,23.015
152.866,71.244,27.618,23.015
152.965,70.746,27.618,23.015
152.866,70.646,27.618,23.015
152.169,69.153,27.618,23.015
153.413,69.208,28.229,23.525
