76.000,79.000,64.000,52.000
76.228,78.772,64.000,52.000
76.000,78.544,64.000,52.000
75.772,78.316,64.000,52.000
75.544,78.088,64.000,52.000
75.316,78.316,64.000,52.000
75.088,78.544,64.000,52.000
74.404,78.316,64.000,52.000
74.176,78.544,64.000,52.000
73.948,78.316,64.000,52.000
74.176,78.088,64.000,52.000
73.948,78.316,64.000,52.000
74.176,78.088,64.000,52.000
73.948,77.860,64.000,52.000
74.176,77.632,64.000,52.000
73.948,77.404,64.000,52.000
74.176,77.176,64.000,52.000
75.078,77.950,62.635,50.891
74.855,77.727,62.635,50.891
74.632,77.504,62.635,50.891
74.408,77.280,62.635,50.891
74.185,77.057,62.635,50.891
73.962,76.834,62.635,50.891
74.185,77.057,62.635,50.891
73.962,77.280,62.635,50.891
74.185,77.504,62.635,50.891
73.962,77.727,62.635,50.891
74.185,77.950,62.635,50.891
73.962,78.173,62.635,50.891
74.185,77.950,62.635,50.891
73.962,78.173,62.635,50.891
74.185,77.950,62.635,50.891
73.962,78.173,62.635,50.891
74.185,78.396,62.635,50.891
73.962,78.619,62.635,50.891
74.185,78.396,62.635,50.891
73.962,78.619,62.635,50.891
74.185,78.843,62.635,50.891
73.962,79.066,62.635,50.891
74.415,79.393,61.299,49.806
74.633,79.175,61.299,49.806
74.852,78.956,61.299,49.806
74.633,79.175,61.299,49.806
74.415,78.956,61.299,49.806
74.633,78.738,61.299,49.806
74.415,78.520,61.299,49.806
74.196,78.301,61.299,49.806
74.852,78.083,61.299,49.806
74.633,77.864,61.299,49.806
74.415,77.646,61.299,49.806
74.196,77.428,61.299,49.806
74.852,77.209,61.299,49.806
74.633,76.991,61.299,49.806
74.415,77.209,61.299,49.806
74.633,76.991,61.299,49.806
74.415,77.209,61.299,49.806
74.858,77.951,59.992,48.744
75.072,78.592,59.992,48.744
75.285,78.378,59.992,48.744
75.719,78.692,58.713,47.704
75.091,78.483,58.713,47.704
74.659,77.738,60.012,48.760
75.505,78.052,58.732,47.720
76.133,77.842,58.732,47.720
77.364,78.150,57.480,46.702
76.091,77.845,58.751,47.736
76.112,78.153,57.499,46.718
74.413,77.423,58.771,47.751
73.111,77.112,60.071,48.808
73.753,77.326,60.071,48.808
74.395,77.540,60.071,48.808
74.181,78.182,60.071,48.808
72.851,77.420,61.400,49.888
71.944,77.096,62.759,50.991
72.168,76.425,62.759,50.991
71.497,77.543,62.759,50.991
72.382,77.440,61.420,49.904
71.725,77.659,61.420,49.904
71.944,77.002,61.420,49.904
72.388,77.323,60.110,48.840
72.602,76.681,60.110,48.840
73.450,76.582,58.828,47.798
74.279,77.294,57.574,46.779
73.253,77.499,57.574,46.779
72.829,77.620,58.848,47.814
72.396,76.874,60.150,48.872
72.181,76.659,60.150,48.872
71.967,76.016,60.150,48.872
72.181,76.231,60.150,48.872
72.396,76.016,60.150,48.872
72.181,76.231,60.150,48.872
71.967,76.445,60.150,48.872
71.324,76.659,60.150,48.872
71.538,76.445,60.150,48.872
71.753,77.088,60.150,48.872
71.538,77.302,60.150,48.872
71.324,77.517,60.150,48.872
71.538,77.731,60.150,48.872
71.324,77.517,60.150,48.872
71.538,77.731,60.150,48.872
71.324,77.517,60.150,48.872
71.110,77.302,60.150,48.872
70.895,77.088,60.150,48.872
71.110,76.445,60.150,48.872
70.895,76.231,60.150,48.872
71.538,76.016,60.150,48.872
71.324,75.373,60.150,48.872
70.681,75.159,60.150,48.872
71.529,75.474,58.867,47.830
71.319,75.264,58.867,47.830
71.109,75.054,58.867,47.830
70.900,74.844,58.867,47.830
71.948,74.635,58.867,47.830
71.739,74.005,58.867,47.830
72.569,74.717,57.612,46.810
70.866,72.709,58.886,47.845
70.433,71.526,60.189,48.904
70.218,72.599,60.189,48.904
71.290,72.384,60.189,48.904
69.512,72.956,61.521,49.986
70.802,73.278,60.209,48.920
72.064,74.006,58.925,47.877
71.681,75.124,57.668,46.856
71.256,74.818,58.944,47.892
70.822,73.635,60.248,48.952
71.671,73.950,58.964,47.908
70.801,74.510,60.268,48.968
70.802,74.636,61.602,50.051
70.825,75.805,60.288,48.984
71.675,76.534,59.002,47.939
71.464,76.744,59.002,47.939
71.254,77.375,59.002,47.939
72.086,78.089,57.744,46.917
71.234,78.210,59.022,47.955
71.444,78.421,59.022,47.955
71.654,78.631,59.022,47.955
72.081,80.561,57.763,46.932
71.875,80.767,57.763,46.932
71.669,80.973,57.763,46.932
71.463,80.355,57.763,46.932
71.669,80.149,57.763,46.932
71.463,80.355,57.763,46.932
72.492,80.149,57.763,46.932
72.698,80.355,57.763,46.932
72.904,80.561,57.763,46.932
73.110,81.179,57.763,46.932
73.316,81.384,57.763,46.932
73.522,81.590,57.763,46.932
73.727,81.796,57.763,46.932
73.522,81.590,57.763,46.932
73.727,80.973,57.763,46.932
73.110,80.355,57.763,46.932
73.727,79.326,57.763,46.932
73.522,77.474,57.763,46.932
74.139,76.856,57.763,46.932
74.345,76.651,57.763,46.932
74.551,76.033,57.763,46.932
74.756,75.827,57.763,46.932
74.551,75.621,57.763,46.932
74.756,75.416,57.763,46.932
74.139,75.210,57.763,46.932
74.345,75.004,57.763,46.932
74.551,75.210,57.763,46.932
74.756,74.592,57.763,46.932
74.551,74.387,57.763,46.932
74.756,74.181,57.763,46.932
74.962,73.563,57.763,46.932
75.168,73.769,57.763,46.932
75.374,73.975,57.763,46.932
75.168,74.181,57.763,46.932
75.374,73.975,57.763,46.932
75.580,75.004,57.763,46.932
75.786,75.210,57.763,46.932
75.168,75.004,57.763,46.932
74.962,75.210,57.763,46.932
75.168,75.004,57.763,46.932
75.374,75.210,57.763,46.932
75.580,75.004,57.763,46.932
75.374,74.798,57.763,46.932
75.168,74.592,57.763,46.932
75.374,74.387,57.763,46.932
75.168,74.181,57.763,46.932
74.962,73.975,57.763,46.932
74.756,74.592,57.763,46.932
74.551,74.798,57.763,46.932
74.345,75.004,57.763,46.932
74.346,75.553,59.041,47.971
74.557,75.763,59.041,47.971
73.926,75.973,59.041,47.971
74.136,76.184,59.041,47.971
73.926,75.973,59.041,47.971
74.136,76.184,59.041,47.971
73.926,75.973,59.041,47.971
73.715,75.763,59.041,47.971
73.505,75.973,59.041,47.971
73.295,75.763,59.041,47.971
73.505,75.553,59.041,47.971
73.932,75.861,57.782,46.948
74.138,75.655,57.782,46.948
73.932,75.038,57.782,46.948
73.314,74.420,57.782,46.948
73.520,74.214,57.782,46.948
73.726,74.008,57.782,46.948
73.520,74.214,57.782,46.948
73.726,74.008,57.782,46.948
73.520,74.214,57.782,46.948
73.726,74.008,57.782,46.948
73.108,74.214,57.782,46.948
73.314,74.008,57.782,46.948
73.108,74.214,57.782,46.948
72.902,74.008,57.782,46.948
72.049,74.557,59.060,47.987
72.260,74.767,59.060,47.987
72.470,75.399,59.060,47.987
71.839,75.188,59.060,47.987
71.629,75.399,59.060,47.987
71.418,75.188,59.060,47.987
70.983,74.876,60.367,49.048
70.768,75.091,60.367,49.048
70.983,74.876,60.367,49.048
70.338,75.091,60.367,49.048
70.553,74.876,60.367,49.048
70.338,74.661,60.367,49.048
70.123,74.446,60.367,49.048
69.908,75.091,60.367,49.048
69.262,75.306,60.367,49.048
69.477,75.091,60.367,49.048
69.262,75.306,60.367,49.048
69.047,75.091,60.367,49.048
68.832,74.876,60.367,49.048
68.617,74.661,60.367,49.048
68.832,74.446,60.367,49.048
68.187,74.230,60.367,49.048
67.972,74.015,60.367,49.048
67.757,73.800,60.367,49.048
67.972,73.155,60.367,49.048
67.326,72.940,60.367,49.048
67.542,72.725,60.367,49.048
67.326,72.510,60.367,49.048
67.111,72.295,60.367,49.048
66.896,72.510,60.367,49.048
66.681,72.295,60.367,49.048
65.790,71.975,61.703,50.133
65.570,71.755,61.703,50.133
65.351,71.535,61.703,50.133
66.220,71.858,60.387,49.064
66.005,72.073,60.387,49.064
65.790,71.858,60.387,49.064
66.005,71.643,60.387,49.064
65.360,71.428,60.387,49.064
64.468,70.662,61.723,50.150
64.688,70.442,61.723,50.150
65.134,70.765,60.407,49.080
65.350,70.549,60.407,49.080
64.458,70.230,61.743,50.166
64.238,70.450,61.743,50.166
64.684,70.773,60.426,49.097
65.536,71.504,59.138,48.050
64.663,70.753,60.446,49.113
63.771,70.434,61.784,50.199
63.551,70.213,61.784,50.199
63.771,69.993,61.784,50.199
63.991,70.213,61.784,50.199
64.212,70.434,61.784,50.199
65.083,71.181,60.466,49.129
64.867,71.827,60.466,49.129
65.083,72.474,60.466,49.129
64.867,73.120,60.466,49.129
65.083,73.336,60.466,49.129
65.298,73.551,60.466,49.129
65.083,73.766,60.466,49.129
64.867,73.551,60.466,49.129
65.083,73.336,60.466,49.129
65.298,73.120,60.466,49.129
65.083,72.905,60.466,49.129
65.298,73.551,60.466,49.129
65.513,74.197,60.466,49.129
65.729,74.413,60.466,49.129
65.513,75.059,60.466,49.129
65.729,75.275,60.466,49.129
65.944,75.490,60.466,49.129
66.160,75.705,60.466,49.129
66.375,75.921,60.466,49.129
66.591,76.136,60.466,49.129
66.806,75.921,60.466,49.129
67.022,75.705,60.466,49.129
67.668,75.490,60.466,49.129
67.883,75.275,60.466,49.129
67.668,74.628,60.466,49.129
67.883,74.413,60.466,49.129
68.099,74.197,60.466,49.129
68.745,73.982,60.466,49.129
68.530,73.336,60.466,49.129
68.314,73.120,60.466,49.129
69.167,73.021,59.177,48.081
69.799,72.810,59.177,48.081
70.010,72.599,59.177,48.081
70.221,72.810,59.177,48.081
70.432,72.599,59.177,48.081
70.643,72.810,59.177,48.081
70.854,72.599,59.177,48.081
71.064,72.388,59.177,48.081
70.854,72.599,59.177,48.081
71.688,73.722,57.915,47.056
72.504,74.422,56.680,46.052
73.110,75.028,56.680,46.052
73.716,75.230,56.680,46.052
74.515,75.916,55.471,45.070
75.108,76.113,55.471,45.070
75.305,76.311,55.471,45.070
75.503,76.509,55.471,45.070
75.701,76.311,55.471,45.070
75.292,75.607,56.698,46.067
74.455,74.469,57.953,47.087
75.075,73.850,57.953,47.087
75.892,74.551,56.717,46.082
76.094,74.753,56.717,46.082
76.700,74.955,56.717,46.082
76.902,75.157,56.717,46.082
77.104,75.359,56.717,46.082
77.306,75.561,56.717,46.082
77.509,75.763,56.717,46.082
77.711,75.965,56.717,46.082
78.317,76.167,56.717,46.082
78.115,76.369,56.717,46.082
78.721,76.976,56.717,46.082
78.923,77.178,56.717,46.082
79.529,77.380,56.717,46.082
79.731,77.582,56.717,46.082
80.338,77.784,56.717,46.082
80.136,77.986,56.717,46.082
80.742,78.188,56.717,46.082
80.540,78.390,56.717,46.082
80.338,78.592,56.717,46.082
80.540,77.986,56.717,46.082
81.729,78.283,55.507,45.100
81.927,78.085,55.507,45.100
81.729,78.283,55.507,45.100
82.322,78.085,55.507,45.100
82.125,77.887,55.507,45.100
82.526,77.796,54.324,44.138
83.106,77.603,54.324,44.138
82.139,76.248,54.324,44.138
83.278,75.785,53.165,43.197
82.493,74.718,54.341,44.152
82.687,74.137,54.341,44.152
83.090,72.644,55.544,45.129
82.892,72.842,55.544,45.129
82.694,73.040,55.544,45.129
83.288,73.238,55.544,45.129
83.090,73.436,55.544,45.129
83.110,74.871,54.359,44.167
83.303,76.227,54.359,44.167
83.497,77.195,54.359,44.167
82.916,77.389,54.359,44.167
83.110,77.582,54.359,44.167
83.303,77.389,54.359,44.167
84.070,78.046,53.200,43.225
84.259,80.511,53.200,43.225
84.070,80.700,53.200,43.225
83.880,80.890,53.200,43.225
83.691,81.458,53.200,43.225
83.501,81.269,53.200,43.225
82.932,80.700,53.200,43.225
83.317,80.248,52.066,42.303
83.502,78.949,52.066,42.303
83.317,78.021,52.066,42.303
83.131,77.465,52.066,42.303
82.946,77.650,52.066,42.303
82.947,77.375,53.217,43.239
83.332,78.019,52.083,42.317
83.518,78.204,52.083,42.317
83.332,78.390,52.083,42.317
83.518,78.204,52.083,42.317
83.703,78.019,52.083,42.317
84.080,78.291,50.972,41.415
83.898,77.746,50.972,41.415
84.266,78.363,49.885,40.532
84.800,78.896,49.885,40.532
84.622,78.718,49.885,40.532
84.444,80.318,49.885,40.532
83.911,80.140,49.885,40.532
84.444,78.540,49.885,40.532
84.814,76.432,50.989,41.428
84.269,76.614,50.989,41.428
83.140,78.606,52.117,42.345
82.371,77.945,53.270,43.282
83.699,77.376,53.270,43.282
83.889,79.464,53.270,43.282
85.006,79.376,52.134,42.359
84.667,79.291,51.022,41.455
85.045,79.398,52.151,42.373
84.488,78.469,52.151,42.373
84.104,79.350,53.305,43.310
85.587,78.896,52.168,42.387
84.432,77.463,53.322,43.324
84.451,77.375,52.185,42.400
83.893,76.818,52.185,42.400
86.062,77.091,51.072,41.496
85.880,77.636,51.072,41.496
85.899,78.254,49.983,40.611
86.433,78.432,49.983,40.611
85.326,79.277,51.089,41.510
84.572,78.629,52.219,42.428
86.025,79.619,51.106,41.523
86.395,79.886,50.016,40.638
86.573,81.134,50.016,40.638
86.038,81.312,50.016,40.638
85.860,81.134,50.016,40.638
86.038,80.955,50.016,40.638
86.217,80.777,50.016,40.638
86.038,80.955,50.016,40.638
85.860,81.134,50.016,40.638
85.682,81.312,50.016,40.638
85.147,81.134,50.016,40.638
84.256,82.381,50.016,40.638
85.147,82.203,50.016,40.638
83.300,80.459,51.123,41.537
83.482,81.006,51.123,41.537
83.664,81.188,51.123,41.537
84.575,81.370,51.123,41.537
84.393,81.916,51.123,41.537
84.016,82.024,52.254,42.456
82.472,81.361,53.410,43.395
83.043,82.693,53.410,43.395
84.163,82.972,52.271,42.470
83.005,81.536,53.427,43.410
84.125,83.284,52.288,42.484
82.580,81.074,53.445,43.424
83.334,82.088,52.305,42.498
83.893,82.274,52.305,42.498
83.334,80.224,52.305,42.498
83.520,81.529,52.305,42.498
82.361,81.639,53.462,43.438
81.572,82.937,54.645,44.399
80.766,81.032,55.854,45.382
80.786,80.940,54.663,44.414
80.980,79.966,54.663,44.414
81.376,80.252,53.497,43.467
81.762,81.267,52.357,42.540
82.322,81.080,52.357,42.540
82.135,81.267,52.357,42.540
82.695,81.080,52.357,42.540
82.508,81.640,52.357,42.540
82.695,81.453,52.357,42.540
82.882,81.267,52.357,42.540
83.441,81.080,52.357,42.540
83.255,81.267,52.357,42.540
84.187,81.080,52.357,42.540
84.747,80.893,52.357,42.540
84.561,80.707,52.357,42.540
84.747,80.147,52.357,42.540
84.934,79.588,52.357,42.540
85.866,78.282,52.357,42.540
86.053,77.722,52.357,42.540
86.240,77.536,52.357,42.540
86.799,77.349,52.357,42.540
87.359,77.162,52.357,42.540
87.545,77.349,52.357,42.540
88.105,77.536,52.357,42.540
88.665,77.722,52.357,42.540
88.851,77.909,52.357,42.540
89.589,78.182,51.240,41.632
90.137,78.730,51.240,41.632
90.320,78.182,51.240,41.632
90.502,78.000,51.240,41.632
91.415,77.452,51.240,41.632
91.598,77.635,51.240,41.632
92.511,78.548,51.240,41.632
92.693,78.365,51.240,41.632
93.064,78.633,50.147,40.745
93.600,78.812,50.147,40.745
93.601,78.546,51.257,41.646
93.784,79.094,51.257,41.646
94.331,78.911,51.257,41.646
94.149,79.459,51.257,41.646
94.697,79.642,51.257,41.646
95.245,80.190,51.257,41.646
95.062,80.007,51.257,41.646
95.785,80.275,50.164,40.758
96.321,80.097,50.164,40.758
96.693,79.460,51.274,41.660
96.876,79.278,51.274,41.660
96.693,80.191,51.274,41.660
96.315,80.299,52.408,42.582
96.694,81.653,51.290,41.673
97.608,84.029,51.290,41.673
98.156,83.480,51.290,41.673
97.974,83.298,51.290,41.673
98.156,83.480,51.290,41.673
97.974,83.298,51.290,41.673
98.344,83.566,50.197,40.785
99.596,83.387,50.197,40.785
99.417,83.208,50.197,40.785
100.532,82.571,51.307,41.687
100.349,82.023,51.307,41.687
100.532,81.840,51.307,41.687
102.313,81.756,50.213,40.798
102.849,81.219,50.213,40.798
103.028,81.040,50.213,40.798
102.287,80.775,51.324,41.701
104.421,81.043,50.230,40.812
105.316,80.864,50.230,40.812
105.853,80.327,50.230,40.812
107.463,80.148,50.230,40.812
108.358,79.611,50.230,40.812
108.895,79.074,50.230,40.812
109.432,78.895,50.230,40.812
112.555,78.813,49.158,39.941
113.081,78.638,49.158,39.941
113.606,78.463,49.158,39.941
113.244,77.839,50.246,40.825
113.989,77.945,51.358,41.728
113.610,78.053,52.494,42.651
116.790,78.240,52.494,42.651
117.530,79.235,51.375,41.742
118.079,79.418,51.375,41.742
119.509,80.393,50.279,40.852
121.599,81.001,49.207,39.981
122.476,80.826,49.207,39.981
123.353,80.650,49.207,39.981
125.983,79.423,49.207,39.981
126.509,78.897,49.207,39.981
127.035,78.722,49.207,39.981
128.963,77.845,49.207,39.981
129.840,78.020,49.207,39.981
131.067,76.442,49.207,39.981
132.645,76.618,49.207,39.981
133.171,76.793,49.207,39.981
134.749,76.968,49.207,39.981
136.457,77.564,48.157,39.128
137.658,77.392,48.157,39.128
138.859,77.564,48.157,39.128
140.060,78.078,48.157,39.128
140.232,77.907,48.157,39.128
141.776,78.078,48.157,39.128
143.664,77.907,48.157,39.128
144.021,78.008,49.223,39.994
145.249,77.833,49.223,39.994
146.281,78.428,48.173,39.141
146.994,78.886,49.239,40.007
148.222,79.412,49.239,40.007
149.931,79.669,48.189,39.154
151.133,78.811,48.189,39.154
151.992,78.639,48.189,39.154
152.850,78.467,48.189,39.154
153.208,77.856,49.255,40.020
155.138,78.032,49.255,40.020
156.016,78.207,49.255,40.020
156.893,78.383,49.255,40.020
157.771,79.260,49.255,40.020
159.142,80.194,48.205,39.166
159.657,81.053,48.205,39.166
160.371,81.511,49.271,40.033
161.249,82.038,49.271,40.033
164.313,82.972,48.221,39.179
164.828,83.831,48.221,39.179
166.502,84.415,47.192,38.344
168.688,84.583,47.192,38.344
169.192,84.415,47.192,38.344
169.024,84.246,47.192,38.344
169.865,84.415,47.192,38.344
171.042,83.910,47.192,38.344
171.546,84.078,47.192,38.344
172.387,84.246,47.192,38.344
172.891,84.078,47.192,38.344
174.741,83.574,47.192,38.344
174.909,83.406,47.192,38.344
175.899,83.328,46.186,37.526
176.392,83.164,46.186,37.526
177.544,82.670,46.186,37.526
177.380,82.835,46.186,37.526
178.861,82.341,46.186,37.526
179.025,82.176,46.186,37.526
179.519,81.683,46.186,37.526
180.013,81.847,46.186,37.526
180.506,81.353,46.186,37.526
180.671,81.518,46.186,37.526
181.355,81.274,47.208,38.356
181.860,81.442,47.208,38.356
182.559,80.843,48.252,39.205
182.731,81.015,48.252,39.205
183.591,80.843,48.252,39.205
184.107,81.015,48.252,39.205
183.935,81.187,48.252,39.205
184.450,81.359,48.252,39.205
185.310,81.531,48.252,39.205
186.025,80.919,49.320,40.072
186.720,81.177,48.268,39.218
187.236,81.349,48.268,39.218
187.408,81.177,48.268,39.218
188.268,80.317,48.268,39.218
188.096,80.489,48.268,39.218
189.440,80.078,47.239,38.381
190.281,80.246,47.239,38.381
190.449,80.415,47.239,38.381
190.102,79.815,48.284,39.231
190.274,79.643,48.284,39.231
190.446,79.471,48.284,39.231
191.306,79.299,48.284,39.231
191.478,79.815,48.284,39.231
191.650,79.643,48.284,39.231
193.198,79.815,48.284,39.231
192.682,79.643,48.284,39.231
193.886,79.471,48.284,39.231
193.531,78.859,49.352,40.099
193.707,79.035,49.352,40.099
194.234,79.210,49.352,40.099
195.113,79.386,49.352,40.099
194.750,79.490,50.444,40.986
195.289,79.670,50.444,40.986
195.469,79.490,50.444,40.986
196.008,79.670,50.444,40.986
195.828,79.490,50.444,40.986
196.368,79.310,50.444,40.986
197.626,78.771,50.444,40.986
197.805,77.153,50.444,40.986
197.266,76.974,50.444,40.986
198.165,76.794,50.444,40.986
197.985,76.614,50.444,40.986
197.806,76.794,50.444,40.986
197.626,76.974,50.444,40.986
198.884,77.153,50.444,40.986
198.345,76.974,50.444,40.986
197.973,76.707,51.560,41.893
198.892,76.523,51.560,41.893
199.075,76.339,51.560,41.893
199.259,75.788,51.560,41.893
198.341,75.972,51.560,41.893
198.892,76.156,51.560,41.893
197.368,74.739,52.701,42.820
197.759,73.681,53.867,43.767
198.519,73.963,52.718,42.834
198.331,73.775,52.718,42.834
197.767,73.963,52.718,42.834
197.955,73.775,52.718,42.834
197.612,74.050,51.594,41.920
197.631,73.966,50.494,41.026
197.451,74.506,50.494,41.026
196.332,74.238,51.611,41.934
195.781,74.422,51.611,41.934
194.861,74.606,51.611,41.934
194.862,73.952,52.753,42.862
193.304,73.282,53.920,43.810
193.323,73.564,52.770,42.876
193.511,73.752,52.770,42.876
192.947,73.940,52.770,42.876
193.135,74.128,52.770,42.876
191.819,73.564,52.770,42.876
192.383,73.376,52.770,42.876
191.819,73.564,52.770,42.876
191.631,73.376,52.770,42.876
191.067,73.564,52.770,42.876
191.448,74.203,51.645,41.961
191.264,74.387,51.645,41.961
191.283,75.012,50.543,41.067
190.382,74.831,50.543,41.067
190.202,75.372,50.543,41.067
190.382,75.552,50.543,41.067
189.842,75.372,50.543,41.067
189.662,75.192,50.543,41.067
189.482,74.651,50.543,41.067
188.942,75.192,50.543,41.067
188.762,75.372,50.543,41.067
188.942,75.552,50.543,41.067
188.401,75.372,50.543,41.067
188.221,74.471,50.543,41.067
188.401,74.291,50.543,41.067
187.501,73.391,50.543,41.067
187.321,73.211,50.543,41.067
186.780,73.391,50.543,41.067
186.600,73.211,50.543,41.067
186.420,74.111,50.543,41.067
185.880,73.931,50.543,41.067
185.700,74.471,50.543,41.067
185.160,75.012,50.543,41.067
185.700,74.111,50.543,41.067
185.160,74.291,50.543,41.067
184.980,74.111,50.543,41.067
184.799,73.931,50.543,41.067
184.259,74.111,50.543,41.067
184.277,74.375,49.466,40.191
184.975,74.974,48.411,39.334
185.147,74.801,48.411,39.334
184.075,74.903,49.482,40.204
184.251,75.432,49.482,40.204
184.075,75.256,49.482,40.204
183.344,74.994,50.577,41.093
182.804,75.174,50.577,41.093
183.344,74.994,50.577,41.093
182.804,75.174,50.577,41.093
181.683,74.159,51.696,42.003
181.868,73.974,51.696,42.003
182.420,73.053,51.696,42.003
182.973,72.501,51.696,42.003
182.052,72.317,51.696,42.003
182.604,72.501,51.696,42.003
182.224,72.609,52.839,42.932
181.659,72.798,52.839,42.932
182.404,73.437,51.713,42.016
182.588,73.990,51.713,42.016
183.878,73.437,51.713,42.016
183.325,73.990,51.713,42.016
183.509,73.437,51.713,42.016
184.062,73.253,51.713,42.016
183.509,73.068,51.713,42.016
184.062,72.516,51.713,42.016
183.878,71.963,51.713,42.016
184.062,72.884,51.713,42.016
184.246,72.700,51.713,42.016
184.799,72.884,51.713,42.016
184.615,72.700,51.713,42.016
185.536,72.147,51.713,42.016
186.089,72.331,51.713,42.016
185.168,71.779,51.713,42.016
186.089,70.489,51.713,42.016
186.273,70.305,51.713,42.016
185.720,69.383,51.713,42.016
185.905,68.830,51.713,42.016
186.089,68.646,51.713,42.016
185.708,67.990,52.857,42.946
186.273,68.179,52.857,42.946
185.102,67.899,54.026,43.896
185.680,67.706,54.026,43.896
185.102,68.284,54.026,43.896
185.295,68.476,54.026,43.896
186.257,69.439,54.026,43.896
186.065,70.016,54.026,43.896
185.487,69.439,54.026,43.896
185.295,69.631,54.026,43.896
185.872,69.824,54.026,43.896
184.675,68.739,55.221,44.867
185.265,68.542,55.221,44.867
185.856,68.739,55.221,44.867
185.265,68.149,55.221,44.867
186.249,68.739,55.221,44.867
186.053,68.542,55.221,44.867
185.856,68.739,55.221,44.867
186.255,69.028,54.044,43.911
186.656,68.742,55.240,44.882
187.055,69.410,54.062,43.925
186.863,69.218,54.062,43.925
186.670,69.410,54.062,43.925
186.672,68.325,55.258,44.897
186.475,67.734,55.258,44.897
186.476,65.807,56.480,45.890
186.496,65.715,55.276,44.912
186.300,65.124,55.276,44.912
187.284,64.533,55.276,44.912
186.693,64.336,55.276,44.912
186.496,63.745,55.276,44.912
186.300,63.154,55.276,44.912
187.678,62.957,55.276,44.912
188.078,63.247,54.097,43.954
187.885,62.668,54.097,43.954
188.078,62.861,54.097,43.954
187.279,62.575,55.294,44.926
187.082,61.984,55.294,44.926
186.491,62.181,55.294,44.926
186.688,61.984,55.294,44.926
187.468,63.032,54.115,43.968
187.487,63.687,52.961,43.031
187.298,63.876,52.961,43.031
186.732,65.197,52.961,43.031
187.298,64.631,52.961,43.031
186.732,65.197,52.961,43.031
187.298,65.008,52.961,43.031
186.732,65.197,52.961,43.031
187.298,65.385,52.961,43.031
187.110,66.329,52.961,43.031
186.166,66.518,52.961,43.031
186.732,67.461,52.961,43.031
187.115,68.102,51.831,42.113
186.561,68.656,51.831,42.113
187.648,68.927,50.726,41.215
186.744,68.746,50.726,41.215
187.286,68.927,50.726,41.215
186.383,68.385,50.726,41.215
186.202,67.843,50.726,41.215
186.021,68.023,50.726,41.215
186.563,67.481,50.726,41.215
186.383,67.662,50.726,41.215
186.202,67.843,50.726,41.215
185.660,68.023,50.726,41.215
186.202,67.843,50.726,41.215
185.660,68.023,50.726,41.215
185.479,67.481,50.726,41.215
185.298,66.939,50.726,41.215
185.117,66.397,50.726,41.215
186.021,66.577,50.726,41.215
185.840,66.758,50.726,41.215
185.660,66.577,50.726,41.215
185.479,67.120,50.726,41.215
185.298,66.939,50.726,41.215
184.756,66.758,50.726,41.215
185.298,67.300,50.726,41.215
185.117,67.843,50.726,41.215
184.744,67.949,51.848,42.127
184.559,69.242,51.848,42.127
186.002,70.226,50.743,41.228
186.369,71.188,49.661,40.349
185.838,71.365,49.661,40.349
185.661,71.188,49.661,40.349
185.838,71.365,49.661,40.349
184.953,70.834,49.661,40.349
185.130,71.011,49.661,40.349
184.953,71.188,49.661,40.349
184.588,71.293,50.759,41.242
184.045,71.835,50.759,41.242
184.226,71.654,50.759,41.242
183.477,71.761,51.882,42.154
182.552,72.316,51.882,42.154
183.477,72.500,51.882,42.154
183.292,72.685,51.882,42.154
183.477,72.870,51.882,42.154
183.292,73.425,51.882,42.154
184.023,74.052,50.776,41.255
183.481,74.957,50.776,41.255
184.385,76.223,50.776,41.255
183.842,76.404,50.776,41.255
183.300,76.223,50.776,41.255
183.119,76.404,50.776,41.255
183.661,72.243,50.776,41.255
183.480,72.062,50.776,41.255
185.109,71.519,50.776,41.255
184.928,71.339,50.776,41.255
184.385,71.519,50.776,41.255
184.566,71.700,50.776,41.255
184.385,72.243,50.776,41.255
184.204,73.148,50.776,41.255
184.023,75.862,50.776,41.255
183.274,75.218,51.899,42.168
183.089,75.402,51.899,42.168
182.904,75.218,51.899,42.168
184.198,73.923,51.899,42.168
184.014,73.368,51.899,42.168
185.458,73.640,50.793,41.269
185.825,73.905,49.709,40.389
186.002,73.728,49.709,40.389
186.180,73.905,49.709,40.389
185.648,74.082,49.709,40.389
185.825,73.905,49.709,40.389
186.002,73.728,49.709,40.389
186.888,73.905,49.709,40.389
186.357,73.374,49.709,40.389
185.623,73.111,50.809,41.283
185.442,73.292,50.809,41.283
186.347,73.473,50.809,41.283
186.528,73.654,50.809,41.283
186.709,73.473,50.809,41.283
186.528,74.016,50.809,41.283
186.709,74.197,50.809,41.283
186.335,73.928,51.933,42.196
185.952,73.653,53.082,43.129
185.763,73.464,53.082,43.129
185.952,73.275,53.082,43.129
186.898,73.464,53.082,43.129
186.507,73.183,54.257,44.084
185.927,73.377,54.257,44.084
186.121,73.570,54.257,44.084
186.314,73.377,54.257,44.084
186.894,73.570,54.257,44.084
186.700,73.377,54.257,44.084
187.465,73.660,53.100,43.144
188.033,72.336,53.100,43.144
188.979,72.904,53.100,43.144
189.728,73.181,51.967,42.224
190.283,72.626,51.967,42.224
190.468,72.070,51.967,42.224
190.283,71.885,51.967,42.224
190.839,71.700,51.967,42.224
191.928,71.972,50.859,41.323
192.109,71.790,50.859,41.323
191.359,71.521,51.984,42.237
191.914,71.336,51.984,42.237
192.840,71.151,51.984,42.237
192.655,71.336,51.984,42.237
193.211,71.521,51.984,42.237
192.655,71.707,51.984,42.237
192.272,70.663,53.135,43.172
193.219,70.473,53.135,43.172
192.435,70.192,54.310,44.127
192.628,70.386,54.310,44.127
193.209,70.579,54.310,44.127
193.789,71.160,54.310,44.127
194.182,71.817,53.152,43.186
194.183,71.929,54.328,44.142
193.381,71.641,55.530,45.118
193.975,72.235,55.530,45.118
194.569,72.433,55.530,45.118
195.162,72.630,55.530,45.118
194.964,72.828,55.530,45.118
194.767,73.026,55.530,45.118
195.756,73.224,55.530,45.118
195.954,73.422,55.530,45.118
196.152,73.620,55.530,45.118
197.141,73.818,55.530,45.118
196.943,74.015,55.530,45.118
197.537,74.213,55.530,45.118
198.130,74.411,55.530,45.118
197.311,74.528,56.759,46.116
196.892,73.808,58.014,47.137
197.513,74.015,58.014,47.137
197.719,74.221,58.014,47.137
198.339,74.428,58.014,47.137
198.546,74.221,58.014,47.137
199.166,74.015,58.014,47.137
198.739,73.279,59.298,48.180
199.795,73.490,59.298,48.180
200.007,73.279,59.298,48.180
199.795,73.067,59.298,48.180
200.852,73.279,59.298,48.180
200.641,73.913,59.298,48.180
