164.000,121.000,27.000,24.000
164.100,121.100,27.000,24.000
164.602,121.000,27.000,24.000
165.505,120.699,27.000,24.000
165.606,120.398,27.000,24.000
166.107,120.498,27.000,24.000
165.806,120.398,27.000,24.000
166.578,120.557,26.424,23.488
166.872,120.655,26.424,23.488
167.560,120.753,26.424,23.488
167.658,120.852,26.424,23.488
167.756,120.950,26.424,23.488
168.247,121.048,26.424,23.488
168.935,121.146,26.424,23.488
169.033,121.245,26.424,23.488
169.328,121.146,26.424,23.488
168.837,120.852,26.424,23.488
169.524,120.753,26.424,23.488
169.622,121.048,26.424,23.488
170.113,120.753,26.424,23.488
170.604,120.852,26.424,23.488
170.506,120.950,26.424,23.488
170.801,120.852,26.424,23.488
171.488,120.950,26.424,23.488
171.194,121.048,26.424,23.488
171.759,121.583,25.861,22.987
171.856,121.679,25.861,22.987
171.952,121.390,25.861,22.987
171.856,119.180,25.861,22.987
171.759,118.891,25.861,22.987
171.856,119.372,25.861,22.987
171.567,119.660,25.861,22.987
171.856,120.141,25.861,22.987
171.375,120.814,25.861,22.987
171.471,121.679,25.861,22.987
171.375,121.967,25.861,22.987
170.894,122.063,25.861,22.987
170.110,120.512,26.433,23.496
170.208,120.807,26.433,23.496
170.306,120.316,26.433,23.496
169.618,120.218,26.433,23.496
169.913,120.316,26.433,23.496
169.815,120.611,26.433,23.496
169.913,122.870,26.433,23.496
169.927,122.508,27.018,24.016
169.625,123.010,27.018,24.016
169.726,123.914,27.018,24.016
169.625,124.015,27.018,24.016
169.324,124.115,27.018,24.016
169.023,124.015,27.018,24.016
168.722,123.513,27.018,24.016
169.224,123.211,27.018,24.016
168.521,123.312,27.018,24.016
168.621,123.010,27.018,24.016
168.922,122.910,27.018,24.016
169.023,122.609,27.018,24.016
168.521,122.308,27.018,24.016
168.534,122.354,27.615,24.547
168.637,122.868,27.615,24.547
168.740,122.560,27.615,24.547
168.842,122.868,27.615,24.547
168.840,123.030,27.027,24.024
169.141,123.734,27.027,24.024
169.139,123.506,26.450,23.511
169.434,123.211,26.450,23.511
168.942,123.112,26.450,23.511
169.237,122.621,26.450,23.511
169.336,122.326,26.450,23.511
168.451,121.834,26.450,23.511
168.353,121.736,26.450,23.511
168.254,121.834,26.450,23.511
169.336,121.933,26.450,23.511
168.451,122.228,26.450,23.511
168.549,122.916,26.450,23.511
168.844,123.014,26.450,23.511
169.139,122.916,26.450,23.511
169.631,122.621,26.450,23.511
168.624,122.463,27.035,24.031
168.429,122.093,27.634,24.563
168.737,121.785,27.634,24.563
168.840,121.476,27.634,24.563
168.943,121.579,27.634,24.563
169.251,122.093,27.634,24.563
168.943,121.990,27.634,24.563
169.867,121.476,27.634,24.563
169.764,121.579,27.634,24.563
170.072,121.887,27.634,24.563
170.586,121.785,27.634,24.563
169.961,121.406,28.245,25.107
169.756,122.382,27.643,24.571
170.475,122.485,27.643,24.571
170.783,122.588,27.643,24.571
171.297,122.279,27.643,24.571
170.671,121.262,28.254,25.115
171.406,121.367,28.254,25.115
171.721,121.472,28.254,25.115
172.037,121.577,28.254,25.115
171.511,121.682,28.254,25.115
172.037,121.577,28.254,25.115
172.142,121.892,28.254,25.115
172.037,121.787,28.254,25.115
172.142,121.892,28.254,25.115
172.457,121.787,28.254,25.115
173.402,121.682,28.254,25.115
173.297,121.577,28.254,25.115
173.612,121.892,28.254,25.115
174.347,121.997,28.254,25.115
174.242,122.102,28.254,25.115
174.767,121.787,28.254,25.115
175.082,120.841,28.254,25.115
174.557,120.526,28.254,25.115
175.082,120.841,28.254,25.115
174.767,121.157,28.254,25.115
175.922,121.472,28.254,25.115
175.187,121.157,28.254,25.115
175.792,122.335,27.652,24.579
176.100,122.438,27.652,24.579
176.203,122.746,27.652,24.579
175.483,122.644,27.652,24.579
175.381,123.157,27.652,24.579
175.278,122.849,27.652,24.579
175.276,122.616,27.062,24.055
176.181,122.314,27.062,24.055
175.879,121.811,27.062,24.055
175.778,123.320,27.062,24.055
175.074,122.817,27.062,24.055
175.175,122.716,27.062,24.055
175.477,123.018,27.062,24.055
174.773,123.521,27.062,24.055
174.873,124.024,27.062,24.055
174.572,124.125,27.062,24.055
174.270,124.225,27.062,24.055
173.866,124.272,27.661,24.587
174.380,123.964,27.661,24.587
173.754,122.092,28.273,25.131
173.986,121.923,28.898,25.687
174.094,121.386,28.898,25.687
173.127,121.708,28.898,25.687
173.020,120.956,28.898,25.687
173.557,120.634,28.898,25.687
173.235,121.386,28.898,25.687
173.127,121.708,28.898,25.687
172.375,121.386,28.898,25.687
173.342,120.634,28.898,25.687
173.020,120.527,28.898,25.687
172.912,120.204,28.898,25.687
173.235,119.452,28.898,25.687
172.268,119.560,28.898,25.687
172.283,119.387,29.538,26.256
173.127,119.350,28.908,25.696
172.375,119.672,28.908,25.696
172.267,119.135,28.908,25.696
172.375,119.457,28.908,25.696
172.166,119.953,29.547,26.264
172.056,120.063,29.547,26.264
171.616,119.886,30.201,26.845
172.046,122.445,29.557,26.273
172.156,122.115,29.557,26.273
171.826,122.664,29.557,26.273
172.156,122.335,29.557,26.273
172.485,122.445,29.557,26.273
172.694,121.772,28.927,25.713
172.802,121.664,28.927,25.713
172.909,121.557,28.927,25.713
173.017,121.879,28.927,25.713
172.909,121.987,28.927,25.713
172.802,122.094,28.927,25.713
172.694,122.417,28.927,25.713
171.942,123.384,28.927,25.713
172.264,123.922,28.927,25.713
171.512,123.599,28.927,25.713
171.619,123.922,28.927,25.713
171.824,123.056,28.310,25.164
172.140,122.951,28.310,25.164
171.062,122.782,28.936,25.721
170.955,122.459,28.936,25.721
171.493,121.706,28.936,25.721
170.838,119.748,29.576,26.290
170.288,119.858,29.576,26.290
170.838,120.188,29.576,26.290
170.508,120.078,29.576,26.290
170.398,119.748,29.576,26.290
170.508,118.979,29.576,26.290
170.618,118.869,29.576,26.290
170.508,118.759,29.576,26.290
170.398,118.869,29.576,26.290
170.068,118.979,29.576,26.290
169.739,119.308,29.576,26.290
168.749,118.979,29.576,26.290
168.639,118.429,29.576,26.290
169.409,117.660,29.576,26.290
168.859,117.330,29.576,26.290
168.310,117.440,29.576,26.290
168.519,116.131,28.946,25.730
168.411,116.023,28.946,25.730
168.089,115.916,28.946,25.730
167.551,116.023,28.946,25.730
167.658,116.346,28.946,25.730
167.336,116.238,28.946,25.730
167.013,116.131,28.946,25.730
167.336,116.023,28.946,25.730
166.367,113.334,28.946,25.730
166.260,113.441,28.946,25.730
165.722,113.549,28.946,25.730
166.549,114.342,28.328,25.181
165.908,114.172,28.955,25.738
165.800,114.065,28.955,25.738
165.477,114.172,28.955,25.738
165.475,115.173,28.338,25.189
165.052,115.440,28.965,25.746
164.173,115.491,29.606,26.316
164.283,115.381,29.606,26.316
164.393,115.711,29.606,26.316
164.063,117.361,29.606,26.316
163.953,117.471,29.606,26.316
163.739,120.191,28.974,25.755
164.062,120.514,28.974,25.755
163.093,121.699,28.974,25.755
163.416,121.591,28.974,25.755
162.760,121.641,29.615,26.325
162.210,121.311,29.615,26.325
162.540,121.421,29.615,26.325
162.650,119.550,29.615,26.325
162.320,119.440,29.615,26.325
161.769,119.550,29.615,26.325
160.999,119.220,29.615,26.325
160.889,119.550,29.615,26.325
160.779,119.000,29.615,26.325
160.448,118.890,29.615,26.325
160.999,119.000,29.615,26.325
160.889,118.670,29.615,26.325
160.779,117.679,29.615,26.325
160.669,117.349,29.615,26.325
161.439,117.018,29.615,26.325
161.549,117.129,29.615,26.325
161.659,117.459,29.615,26.325
161.989,117.129,29.615,26.325
161.659,117.239,29.615,26.325
162.210,117.129,29.615,26.325
161.311,115.810,30.270,26.907
161.093,114.228,30.940,27.502
161.438,114.343,30.940,27.502
162.013,114.458,30.940,27.502
161.790,114.512,31.625,28.111
160.967,113.454,31.625,28.111
161.085,113.336,31.625,28.111
161.437,114.629,31.625,28.111
161.790,113.806,31.625,28.111
161.437,112.278,31.625,28.111
161.790,112.396,31.625,28.111
161.672,112.749,31.625,28.111
162.730,111.926,31.625,28.111
161.907,111.808,31.625,28.111
162.260,111.926,31.625,28.111
162.848,111.808,31.625,28.111
162.730,111.926,31.625,28.111
162.613,112.749,31.625,28.111
163.670,112.866,31.625,28.111
164.023,113.219,31.625,28.111
163.670,113.571,31.625,28.111
164.258,113.454,31.625,28.111
164.376,112.396,31.625,28.111
164.258,112.984,31.625,28.111
164.376,113.101,31.625,28.111
164.728,113.219,31.625,28.111
165.179,113.405,30.950,27.511
164.478,112.981,31.635,28.120
166.062,113.395,30.961,27.520
165.947,113.280,30.961,27.520
166.062,113.164,30.961,27.520
166.177,113.280,30.961,27.520
166.753,113.395,30.961,27.520
166.407,113.280,30.961,27.520
167.213,112.934,30.961,27.520
167.558,113.740,30.961,27.520
167.673,114.085,30.961,27.520
167.788,114.430,30.961,27.520
168.133,114.315,30.961,27.520
168.709,114.200,30.961,27.520
168.724,114.015,31.646,28.129
168.607,114.133,31.646,28.129
169.430,114.485,31.646,28.129
169.783,113.192,31.646,28.129
169.195,113.545,31.646,28.129
170.018,113.897,31.646,28.129
170.136,114.485,31.646,28.129
170.489,114.603,31.646,28.129
170.842,114.485,31.646,28.129
170.959,114.838,31.646,28.129
171.312,114.485,31.646,28.129
171.900,114.133,31.646,28.129
171.547,115.426,31.646,28.129
172.371,115.544,31.646,28.129
172.723,115.191,31.646,28.129
172.371,115.309,31.646,28.129
172.959,115.426,31.646,28.129
173.076,116.014,31.646,28.129
173.429,116.132,31.646,28.129
173.547,115.779,31.646,28.129
174.135,115.426,31.646,28.129
174.017,115.074,31.646,28.129
173.900,114.721,31.646,28.129
173.547,114.603,31.646,28.129
174.370,114.721,31.646,28.129
174.017,115.309,31.646,28.129
173.900,115.662,31.646,28.129
173.782,115.779,31.646,28.129
173.664,115.897,31.646,28.129
174.488,116.485,31.646,28.129
174.605,116.367,31.646,28.129
174.488,116.720,31.646,28.129
174.370,115.897,31.646,28.129
174.252,116.014,31.646,28.129
174.135,116.367,31.646,28.129
174.017,116.955,31.646,28.129
173.664,117.073,31.646,28.129
174.252,117.426,31.646,28.129
174.135,117.779,31.646,28.129
174.017,117.896,31.646,28.129
173.900,118.014,31.646,28.129
173.782,118.367,31.646,28.129
173.066,118.178,32.346,28.752
173.186,117.817,32.346,28.752
174.110,118.008,31.656,28.139
173.522,117.184,31.656,28.139
173.640,117.772,31.656,28.139
174.228,117.890,31.656,28.139
173.404,117.066,31.656,28.139
173.522,116.713,31.656,28.139
172.562,116.036,32.356,28.761
172.682,115.916,32.356,28.761
173.043,115.795,32.356,28.761
172.682,115.435,32.356,28.761
172.802,115.795,32.356,28.761
173.163,115.675,32.356,28.761
172.321,115.795,32.356,28.761
171.960,116.156,32.356,28.761
171.599,116.517,32.356,28.761
171.720,117.599,32.356,28.761
171.840,117.960,32.356,28.761
170.277,117.599,32.356,28.761
170.397,117.720,32.356,28.761
170.036,117.599,32.356,28.761
169.435,117.720,32.356,28.761
169.796,117.118,32.356,28.761
169.435,116.998,32.356,28.761
168.593,116.637,32.356,28.761
168.473,116.758,32.356,28.761
167.871,117.118,32.356,28.761
166.789,117.720,32.356,28.761
166.669,117.599,32.356,28.761
166.308,117.960,32.356,28.761
165.226,117.599,32.356,28.761
164.624,117.720,32.356,28.761
164.504,117.359,32.356,28.761
164.384,117.479,32.356,28.761
163.783,117.359,32.356,28.761
163.903,117.239,32.356,28.761
163.061,117.359,32.356,28.761
163.181,117.720,32.356,28.761
163.302,117.599,32.356,28.761
163.181,117.479,32.356,28.761
162.821,117.359,32.356,28.761
162.941,117.239,32.356,28.761
162.340,117.359,32.356,28.761
162.700,117.239,32.356,28.761
163.061,116.878,32.356,28.761
162.460,116.517,32.356,28.761
162.821,116.637,32.356,28.761
163.422,116.276,32.356,28.761
163.302,116.397,32.356,28.761
163.181,116.758,32.356,28.761
163.542,116.397,32.356,28.761
163.903,116.517,32.356,28.761
163.302,116.397,32.356,28.761
163.662,115.795,32.356,28.761
164.264,116.156,32.356,28.761
163.903,116.517,32.356,28.761
163.783,116.397,32.356,28.761
164.143,116.277,32.356,28.761
164.023,115.916,32.356,28.761
163.662,115.795,32.356,28.761
164.504,115.916,32.356,28.761
164.384,115.795,32.356,28.761
164.264,115.916,32.356,28.761
164.384,116.036,32.356,28.761
164.745,116.637,32.356,28.761
165.106,116.758,32.356,28.761
164.745,116.878,32.356,28.761
165.106,116.758,32.356,28.761
164.985,116.156,32.356,28.761
164.865,116.036,32.356,28.761
164.745,115.916,32.356,28.761
165.346,116.277,32.356,28.761
165.466,116.878,32.356,28.761
165.827,117.239,32.356,28.761
165.466,117.359,32.356,28.761
166.068,117.479,32.356,28.761
165.707,118.321,32.356,28.761
166.308,118.682,32.356,28.761
166.188,118.080,32.356,28.761
166.068,118.201,32.356,28.761
165.947,118.561,32.356,28.761
165.827,118.922,32.356,28.761
165.707,118.802,32.356,28.761
166.549,117.960,32.356,28.761
166.428,117.840,32.356,28.761
166.308,117.720,32.356,28.761
166.188,117.359,32.356,28.761
165.827,119.163,32.356,28.761
165.707,119.042,32.356,28.761
166.308,118.682,32.356,28.761
165.707,118.561,32.356,28.761
166.308,118.682,32.356,28.761
166.428,118.321,32.356,28.761
166.068,118.682,32.356,28.761
166.188,118.321,32.356,28.761
166.308,117.960,32.356,28.761
166.428,117.599,32.356,28.761
166.789,117.720,32.356,28.761
167.150,117.599,32.356,28.761
166.789,117.960,32.356,28.761
167.390,117.840,32.356,28.761
167.511,117.960,32.356,28.761
167.631,118.080,32.356,28.761
167.751,118.441,32.356,28.761
168.112,118.561,32.356,28.761
167.130,118.368,33.072,29.397
166.637,117.660,33.804,30.048
166.511,116.529,33.804,30.048
167.139,116.404,33.804,30.048
166.114,117.245,34.552,30.713
165.985,117.887,34.552,30.713
166.114,117.758,34.552,30.713
165.985,117.373,34.552,30.713
165.857,117.758,34.552,30.713
165.472,117.630,34.552,30.713
166.114,118.015,34.552,30.713
165.728,118.143,34.552,30.713
165.343,118.015,34.552,30.713
165.472,118.143,34.552,30.713
165.857,118.272,34.552,30.713
165.215,118.400,34.552,30.713
165.232,117.927,35.316,31.392
164.838,117.796,35.316,31.392
164.707,117.927,35.316,31.392
163.908,117.172,36.098,32.087
163.774,117.306,36.098,32.087
163.640,117.440,36.098,32.087
163.505,117.574,36.098,32.087
163.103,117.172,36.098,32.087
161.895,117.306,36.098,32.087
162.030,117.977,36.098,32.087
160.822,117.574,36.098,32.087
160.956,117.708,36.098,32.087
160.286,117.842,36.098,32.087
160.151,117.977,36.098,32.087
159.749,118.111,36.098,32.087
159.346,117.977,36.098,32.087
158.944,118.111,36.098,32.087
159.346,117.977,36.098,32.087
158.139,117.842,36.098,32.087
157.468,118.245,36.098,32.087
157.334,118.111,36.098,32.087
156.931,118.245,36.098,32.087
157.066,118.916,36.098,32.087
156.545,119.128,35.328,31.403
155.626,119.260,35.328,31.403
155.232,119.654,35.328,31.403
154.160,119.170,36.109,32.097
153.221,119.036,36.109,32.097
152.281,118.365,36.109,32.097
151.879,118.231,36.109,32.097
151.062,117.736,36.908,32.807
149.657,116.946,37.725,33.533
148.676,117.087,37.725,33.533
148.535,117.227,37.725,33.533
147.834,117.087,37.725,33.533
147.694,116.946,37.725,33.533
147.273,116.806,37.725,33.533
145.731,116.666,37.725,33.533
145.591,116.806,37.725,33.533
144.890,116.386,37.725,33.533
144.469,115.124,37.725,33.533
143.488,116.105,37.725,33.533
143.216,116.171,38.560,34.275
142.786,116.314,38.560,34.275
141.783,116.457,38.560,34.275
141.353,115.741,38.560,34.275
140.636,115.311,38.560,34.275
139.764,114.783,39.413,35.034
139.324,115.222,39.413,35.034
138.592,115.369,39.413,35.034
138.738,115.222,39.413,35.034
138.592,115.076,39.413,35.034
138.152,114.636,39.413,35.034
138.006,114.783,39.413,35.034
137.114,115.155,40.285,35.809
136.365,115.005,40.285,35.809
136.215,114.556,40.285,35.809
135.766,114.107,40.285,35.809
135.916,113.658,40.285,35.809
134.868,113.508,40.285,35.809
134.718,113.359,40.285,35.809
134.868,112.909,40.285,35.809
134.267,112.669,41.176,36.601
133.502,113.434,41.176,36.601
133.349,113.281,41.176,36.601
132.890,113.128,41.176,36.601
132.593,114.469,42.087,37.411
131.811,114.313,42.087,37.411
131.967,113.844,42.087,37.411
131.498,113.687,42.087,37.411
130.716,113.844,42.087,37.411
130.559,113.687,42.087,37.411
129.464,113.844,42.087,37.411
128.682,113.374,42.087,37.411
128.526,113.218,42.087,37.411
128.057,113.687,42.087,37.411
128.053,114.840,41.190,36.613
127.288,114.993,41.190,36.613
126.828,115.146,41.190,36.613
126.675,114.993,41.190,36.613
126.216,115.452,41.190,36.613
126.212,115.990,40.311,35.832
125.463,116.140,40.311,35.832
125.613,115.691,40.311,35.832
124.864,115.840,40.311,35.832
123.815,115.091,40.311,35.832
124.390,115.040,39.452,35.068
123.363,115.187,39.452,35.068
123.217,115.333,39.452,35.068
122.324,115.402,40.324,35.844
121.574,114.952,40.324,35.844
121.424,115.402,40.324,35.844
120.975,114.952,40.324,35.844
119.926,115.102,40.324,35.844
119.776,114.353,40.324,35.844
119.326,114.203,40.324,35.844
118.877,114.053,40.324,35.844
117.828,114.203,40.324,35.844
117.977,114.053,40.324,35.844
116.629,114.503,40.324,35.844
116.778,114.353,40.324,35.844
116.775,114.590,39.465,35.080
115.162,114.150,39.465,35.080
115.015,114.297,39.465,35.080
114.575,115.324,39.465,35.080
114.428,115.471,39.465,35.080
113.695,115.617,39.465,35.080
112.961,115.764,39.465,35.080
112.228,115.911,39.465,35.080
111.201,116.644,39.465,35.080
110.468,116.791,39.465,35.080
110.028,117.231,39.465,35.080
109.588,115.911,39.465,35.080
109.441,116.351,39.465,35.080
109.001,115.911,39.465,35.080
108.268,115.764,39.465,35.080
108.121,116.204,39.465,35.080
107.974,116.351,39.465,35.080
107.534,116.497,39.465,35.080
107.388,116.351,39.465,35.080
106.948,115.911,39.465,35.080
106.214,116.057,39.465,35.080
106.068,116.497,39.465,35.080
105.628,116.057,39.465,35.080
105.481,115.911,39.465,35.080
105.334,116.644,39.465,35.080
105.188,116.791,39.465,35.080
104.748,116.937,39.465,35.080
104.601,117.084,39.465,35.080
104.161,116.937,39.465,35.080
103.721,117.084,39.465,35.080
104.454,114.884,39.465,35.080
103.721,115.031,39.465,35.080
103.574,114.297,39.465,35.080
102.377,114.974,40.338,35.856
102.527,115.424,40.338,35.856
102.077,115.574,40.338,35.856
101.627,115.724,40.338,35.856
102.077,115.874,40.338,35.856
101.327,116.623,40.338,35.856
101.177,116.773,40.338,35.856
100.575,115.599,41.230,36.649
100.729,115.446,41.230,36.649
101.188,114.680,41.230,36.649
100.729,114.833,41.230,36.649
100.882,114.986,41.230,36.649
100.729,115.139,41.230,36.649
100.882,115.293,41.230,36.649
101.035,114.833,41.230,36.649
99.963,114.373,41.230,36.649
99.809,114.526,41.230,36.649
99.963,114.067,41.230,36.649
99.503,114.220,41.230,36.649
99.656,112.534,41.230,36.649
99.503,112.381,41.230,36.649
99.350,112.841,41.230,36.649
99.503,113.913,41.230,36.649
99.656,114.067,41.230,36.649
99.503,114.526,41.230,36.649
99.043,114.680,41.230,36.649
98.583,114.833,41.230,36.649
99.043,114.680,41.230,36.649
98.890,114.526,41.230,36.649
98.124,114.373,41.230,36.649
98.583,114.220,41.230,36.649
99.043,114.067,41.230,36.649
98.277,114.833,41.230,36.649
98.124,114.986,41.230,36.649
98.277,114.833,41.230,36.649
98.124,114.373,41.230,36.649
98.277,114.220,41.230,36.649
98.124,113.760,41.230,36.649
97.664,113.300,41.230,36.649
98.430,112.841,41.230,36.649
98.277,113.300,41.230,36.649
97.662,113.054,42.142,37.460
97.505,113.211,42.142,37.460
96.722,113.054,42.142,37.460
96.879,113.524,42.142,37.460
97.035,113.367,42.142,37.460
97.192,112.897,42.142,37.460
96.888,111.995,43.075,38.289
96.408,111.835,43.075,38.289
96.888,112.636,43.075,38.289
96.408,112.796,43.075,38.289
96.568,113.276,43.075,38.289
96.088,113.116,43.075,38.289
96.110,112.859,44.028,39.136
95.619,112.695,44.028,39.136
95.782,111.877,44.028,39.136
95.946,111.713,44.028,39.136
96.437,111.877,44.028,39.136
95.619,111.713,44.028,39.136
95.782,111.877,44.028,39.136
95.619,111.713,44.028,39.136
95.455,111.550,44.028,39.136
95.619,111.713,44.028,39.136
95.455,111.877,44.028,39.136
94.964,112.040,44.028,39.136
95.455,111.550,44.028,39.136
94.964,111.713,44.028,39.136
95.128,111.877,44.028,39.136
94.637,112.040,44.028,39.136
94.800,111.550,44.028,39.136
94.964,111.386,44.028,39.136
95.128,111.877,44.028,39.136
93.982,111.713,44.028,39.136
94.800,111.877,44.028,39.136
94.637,112.040,44.028,39.136
94.146,111.877,44.028,39.136
93.655,112.040,44.028,39.136
93.819,112.204,44.028,39.136
94.310,113.022,44.028,39.136
93.491,113.186,44.028,39.136
93.328,113.350,44.028,39.136
93.164,113.513,44.028,39.136
93.476,114.088,43.089,38.301
93.316,113.928,43.089,38.301
93.796,114.088,43.089,38.301
93.153,113.831,44.042,39.149
92.335,113.994,44.042,39.149
92.498,114.813,44.042,39.149
92.662,114.322,44.042,39.149
92.005,114.398,45.017,40.015
91.503,113.896,45.017,40.015
90.667,114.398,45.017,40.015
90.834,114.565,45.017,40.015
90.667,114.733,45.017,40.015
90.165,114.231,45.017,40.015
90.332,113.060,45.017,40.015
90.499,113.562,45.017,40.015
89.663,114.063,45.017,40.015
89.161,113.562,45.017,40.015
89.328,113.729,45.017,40.015
89.495,114.231,45.017,40.015
88.324,114.063,45.017,40.015
89.161,113.896,45.017,40.015
88.659,114.398,45.017,40.015
87.822,114.900,45.017,40.015
88.324,115.402,45.017,40.015
88.492,114.900,45.017,40.015
88.324,114.733,45.017,40.015
87.822,114.900,45.017,40.015
87.320,115.402,45.017,40.015
87.822,115.569,45.017,40.015
87.320,115.737,45.017,40.015
87.488,115.235,45.017,40.015
87.655,115.737,45.017,40.015
87.153,116.239,45.017,40.015
86.986,115.737,45.017,40.015
86.484,114.900,45.017,40.015
86.986,114.398,45.017,40.015
86.484,114.565,45.017,40.015
86.651,115.067,45.017,40.015
86.149,114.565,45.017,40.015
86.317,115.067,45.017,40.015
86.484,114.900,45.017,40.015
86.651,115.067,45.017,40.015
85.815,114.565,45.017,40.015
85.647,115.067,45.017,40.015
85.815,114.565,45.017,40.015
85.647,114.063,45.017,40.015
85.145,110.885,45.017,40.015
85.647,112.056,45.017,40.015
85.815,112.223,45.017,40.015
85.647,112.725,45.017,40.015
85.815,113.227,45.017,40.015
85.982,113.060,45.017,40.015
86.946,113.325,44.057,39.161
86.782,113.161,44.057,39.161
86.946,112.998,44.057,39.161
87.437,112.834,44.057,39.161
86.618,112.343,44.057,39.161
86.782,112.834,44.057,39.161
87.410,113.094,43.117,38.326
87.570,112.933,43.117,38.326
87.089,112.773,43.117,38.326
87.570,113.254,43.117,38.326
87.410,113.414,43.117,38.326
87.890,113.574,43.117,38.326
87.730,113.094,43.117,38.326
87.570,113.254,43.117,38.326
87.410,113.414,43.117,38.326
88.211,113.574,43.117,38.326
88.371,113.093,43.117,38.326
88.531,112.613,43.117,38.326
88.051,112.452,43.117,38.326
88.531,113.254,43.117,38.326
88.692,113.093,43.117,38.326
88.852,112.933,43.117,38.326
89.333,112.773,43.117,38.326
89.813,113.254,43.117,38.326
89.653,113.414,43.117,38.326
89.813,113.574,43.117,38.326
90.294,114.055,43.117,38.326
91.095,113.574,43.117,38.326
90.935,113.735,43.117,38.326
91.095,113.254,43.117,38.326
91.576,113.093,43.117,38.326
90.775,112.933,43.117,38.326
91.256,113.093,43.117,38.326
91.736,113.254,43.117,38.326
91.256,113.093,43.117,38.326
92.057,112.933,43.117,38.326
92.217,113.414,43.117,38.326
92.377,113.895,43.117,38.326
92.858,114.055,43.117,38.326
92.377,113.574,43.117,38.326
92.858,113.735,43.117,38.326
93.018,113.574,43.117,38.326
92.858,114.055,43.117,38.326
93.339,113.895,43.117,38.326
93.499,114.055,43.117,38.326
93.804,114.309,42.198,37.509
93.648,114.152,42.198,37.509
93.804,113.996,42.198,37.509
93.961,114.466,42.198,37.509
94.118,114.937,42.198,37.509
94.589,114.780,42.198,37.509
93.959,113.551,43.131,38.339
93.799,113.391,43.131,38.339
95.031,113.954,42.211,37.521
94.874,113.797,42.211,37.521
95.031,113.640,42.211,37.521
95.188,114.111,42.211,37.521
95.345,114.268,42.211,37.521
95.816,114.425,42.211,37.521
95.345,114.582,42.211,37.521
95.816,114.739,42.211,37.521
95.345,115.209,42.211,37.521
96.129,115.052,42.211,37.521
96.286,114.896,42.211,37.521
96.757,114.425,42.211,37.521
96.286,114.582,42.211,37.521
96.757,115.052,42.211,37.521
96.286,115.523,42.211,37.521
96.757,115.680,42.211,37.521
96.600,115.209,42.211,37.521
96.443,113.484,42.211,37.521
96.286,113.954,42.211,37.521
97.385,114.111,42.211,37.521
97.541,113.954,42.211,37.521
97.385,114.111,42.211,37.521
98.169,114.582,42.211,37.521
98.640,114.739,42.211,37.521
97.855,115.209,42.211,37.521
98.326,115.366,42.211,37.521
99.110,115.523,42.211,37.521
99.581,115.680,42.211,37.521
98.796,115.837,42.211,37.521
99.267,114.111,42.211,37.521
99.424,115.209,42.211,37.521
99.723,116.063,41.311,36.721
100.184,116.217,41.311,36.721
100.644,115.756,41.311,36.721
100.184,113.760,41.311,36.721
100.951,114.528,41.311,36.721
100.798,115.295,41.311,36.721
100.644,115.756,41.311,36.721
100.346,115.509,42.225,37.534
100.503,115.038,42.225,37.534
99.405,115.195,42.225,37.534
99.248,115.038,42.225,37.534
100.033,115.195,42.225,37.534
99.876,115.352,42.225,37.534
99.719,115.195,42.225,37.534
99.562,115.038,42.225,37.534
99.405,114.881,42.225,37.534
98.620,115.038,42.225,37.534
99.091,115.195,42.225,37.534
99.562,115.038,42.225,37.534
99.091,114.881,42.225,37.534
99.248,114.724,42.225,37.534
99.405,115.509,42.225,37.534
98.620,115.666,42.225,37.534
98.463,115.823,42.225,37.534
98.306,115.038,42.225,37.534
98.777,115.195,42.225,37.534
97.992,115.038,42.225,37.534
98.149,115.195,42.225,37.534
97.992,115.038,42.225,37.534
98.149,114.567,42.225,37.534
98.306,115.038,42.225,37.534
98.149,114.881,42.225,37.534
97.992,115.038,42.225,37.534
97.835,115.509,42.225,37.534
97.992,116.608,42.225,37.534
98.149,116.765,42.225,37.534
97.992,115.980,42.225,37.534
98.149,115.509,42.225,37.534
98.620,115.980,42.225,37.534
98.149,115.823,42.225,37.534
98.306,115.666,42.225,37.534
98.463,115.509,42.225,37.534
97.678,115.980,42.225,37.534
97.835,116.451,42.225,37.534
98.306,117.235,42.225,37.534
98.149,117.392,42.225,37.534
98.306,117.863,42.225,37.534
98.002,117.285,43.160,38.364
97.200,117.445,43.160,38.364
97.039,116.002,43.160,38.364
97.654,116.565,42.239,37.546
98.125,117.350,42.239,37.546
98.596,117.193,42.239,37.546
97.811,117.036,42.239,37.546
98.282,116.879,42.239,37.546
98.753,116.408,42.239,37.546
97.968,116.565,42.239,37.546
97.811,117.036,42.239,37.546
97.181,116.458,43.174,38.377
97.021,116.298,43.174,38.377
96.539,116.458,43.174,38.377
97.021,115.977,43.174,38.377
96.218,115.816,43.174,38.377
96.700,116.298,43.174,38.377
97.181,116.137,43.174,38.377
96.379,116.298,43.174,38.377
96.218,116.137,43.174,38.377
96.058,116.298,43.174,38.377
96.539,116.779,43.174,38.377
96.379,116.619,43.174,38.377
96.218,116.137,43.174,38.377
95.737,115.977,43.174,38.377
96.539,115.816,43.174,38.377
96.700,115.656,43.174,38.377
96.860,115.174,43.174,38.377
97.021,115.014,43.174,38.377
96.218,115.174,43.174,38.377
96.700,115.335,43.174,38.377
97.181,115.174,43.174,38.377
96.700,115.656,43.174,38.377
96.860,115.174,43.174,38.377
97.785,116.666,42.253,37.558
97.313,116.823,42.253,37.558
97.785,116.352,42.253,37.558
96.828,116.100,43.188,38.389
97.310,116.260,43.188,38.389
96.828,116.100,43.188,38.389
97.310,116.260,43.188,38.389
96.666,115.003,44.143,39.239
96.501,114.839,44.143,39.239
96.666,115.331,44.143,39.239
96.501,116.151,44.143,39.239
96.337,115.987,44.143,39.239
96.173,116.151,44.143,39.239
96.009,116.315,44.143,39.239
95.845,116.808,44.143,39.239
96.666,116.315,44.143,39.239
96.173,116.808,44.143,39.239
96.170,117.068,43.202,38.402
96.330,117.228,43.202,38.402
95.848,117.389,43.202,38.402
96.204,117.131,44.158,39.251
95.567,118.340,43.216,38.414
96.370,118.180,43.216,38.414
95.888,118.340,43.216,38.414
96.370,116.895,43.216,38.414
95.888,116.734,43.216,38.414
96.370,116.895,43.216,38.414
95.567,117.055,43.216,38.414
95.728,117.858,43.216,38.414
96.210,117.698,43.216,38.414
95.728,118.180,43.216,38.414
96.210,118.661,43.216,38.414
95.406,118.822,43.216,38.414
95.567,118.661,43.216,38.414
95.728,118.501,43.216,38.414
95.888,117.376,43.216,38.414
96.049,117.216,43.216,38.414
94.925,117.698,43.216,38.414
94.764,117.858,43.216,38.414
95.246,117.376,43.216,38.414
94.764,116.895,43.216,38.414
94.925,117.055,43.216,38.414
94.443,117.216,43.216,38.414
94.603,117.376,43.216,38.414
95.406,117.216,43.216,38.414
94.925,116.734,43.216,38.414
94.443,116.895,43.216,38.414
94.925,116.734,43.216,38.414
94.443,116.252,43.216,38.414
94.925,116.413,43.216,38.414
94.443,115.931,43.216,38.414
95.246,116.092,43.216,38.414
95.085,116.252,43.216,38.414
94.603,116.413,43.216,38.414
95.085,116.252,43.216,38.414
94.925,117.055,43.216,38.414
94.443,116.895,43.216,38.414
95.246,116.092,43.216,38.414
95.085,115.931,43.216,38.414
95.246,116.092,43.216,38.414
95.406,116.252,43.216,38.414
95.888,116.092,43.216,38.414
96.370,115.931,43.216,38.414
95.888,116.092,43.216,38.414
96.691,115.931,43.216,38.414
96.852,115.770,43.216,38.414
97.334,115.610,43.216,38.414
96.852,115.449,43.216,38.414
97.655,115.610,43.216,38.414
97.816,115.770,43.216,38.414
97.976,115.288,43.216,38.414
97.494,115.770,43.216,38.414
97.976,116.252,43.216,38.414
97.816,116.734,43.216,38.414
98.619,116.573,43.216,38.414
98.641,115.982,44.172,39.264
97.982,115.718,45.150,40.133
98.485,116.221,45.150,40.133
98.317,116.389,45.150,40.133
99.156,116.892,45.150,40.133
100.123,117.159,44.187,39.277
100.287,116.994,44.187,39.277
100.451,117.159,44.187,39.277
100.287,117.323,44.187,39.277
100.780,117.487,44.187,39.277
100.616,117.651,44.187,39.277
100.780,117.816,44.187,39.277
100.287,117.651,44.187,39.277
100.780,117.487,44.187,39.277
100.944,117.323,44.187,39.277
101.437,117.487,44.187,39.277
100.944,115.681,44.187,39.277
101.108,116.173,44.187,39.277
101.601,116.009,44.187,39.277
101.108,115.845,44.187,39.277
101.601,116.337,44.187,39.277
101.108,115.845,44.187,39.277
101.929,116.009,44.187,39.277
101.765,115.188,44.187,39.277
101.447,114.924,45.164,40.146
101.279,115.092,45.164,40.146
101.302,114.822,46.164,41.034
101.473,114.650,46.164,41.034
101.645,114.479,46.164,41.034
101.817,114.307,46.164,41.034
101.988,114.479,46.164,41.034
101.130,114.650,46.164,41.034
101.302,114.135,46.164,41.034
101.473,113.621,46.164,41.034
101.302,113.449,46.164,41.034
101.473,113.621,46.164,41.034
101.645,113.792,46.164,41.034
101.473,114.650,46.164,41.034
101.302,115.165,46.164,41.034
100.787,116.023,46.164,41.034
101.302,116.194,46.164,41.034
100.444,116.366,46.164,41.034
100.615,116.537,46.164,41.034
100.444,116.366,46.164,41.034
100.272,116.881,46.164,41.034
99.228,116.605,47.185,41.942
99.052,116.780,47.185,41.942
98.526,116.955,47.185,41.942
97.649,117.832,47.185,41.942
96.772,118.008,47.185,41.942
96.796,116.998,48.229,42.870
95.900,116.102,48.229,42.870
94.859,117.077,47.201,41.956
94.684,116.902,47.201,41.956
93.807,117.779,47.201,41.956
93.280,118.305,47.201,41.956
93.456,117.779,47.201,41.956
92.228,117.954,47.201,41.956
92.754,118.130,47.201,41.956
91.686,116.755,48.245,42.884
91.507,116.576,48.245,42.884
91.327,116.755,48.245,42.884
90.431,116.576,48.245,42.884
90.610,116.755,48.245,42.884
90.431,116.576,48.245,42.884
89.893,116.755,48.245,42.884
88.996,117.293,48.245,42.884
88.817,117.473,48.245,42.884
89.355,117.293,48.245,42.884
89.176,117.114,48.245,42.884
88.638,116.935,48.245,42.884
88.817,116.755,48.245,42.884
88.813,117.385,47.216,41.970
88.286,117.210,47.216,41.970
88.111,116.684,47.216,41.970
88.286,116.859,47.216,41.970
87.760,117.034,47.216,41.970
87.234,116.859,47.216,41.970
87.409,117.034,47.216,41.970
86.532,116.508,47.216,41.970
86.356,116.333,47.216,41.970
86.883,116.157,47.216,41.970
86.707,116.333,47.216,41.970
86.181,116.157,47.216,41.970
86.356,115.982,47.216,41.970
86.532,115.806,47.216,41.970
85.654,115.982,47.216,41.970
85.479,116.508,47.216,41.970
85.303,116.684,47.216,41.970
85.830,116.508,47.216,41.970
85.654,116.333,47.216,41.970
85.128,116.157,47.216,41.970
85.654,115.982,47.216,41.970
85.479,116.508,47.216,41.970
84.952,116.683,47.216,41.970
85.479,117.210,47.216,41.970
84.952,117.034,47.216,41.970
85.128,116.508,47.216,41.970
85.303,116.333,47.216,41.970
85.830,116.508,47.216,41.970
85.654,117.034,47.216,41.970
85.479,117.210,47.216,41.970
85.303,117.034,47.216,41.970
85.830,116.859,47.216,41.970
85.654,118.438,47.216,41.970
85.479,118.965,47.216,41.970
85.813,120.596,46.209,41.075
86.672,120.425,46.209,41.075
86.843,120.940,46.209,41.075
87.015,120.081,46.209,41.075
86.157,119.909,46.209,41.075
86.328,119.738,46.209,41.075
86.500,119.909,46.209,41.075
86.672,120.081,46.209,41.075
87.187,120.253,46.209,41.075
87.015,120.081,46.209,41.075
86.326,119.449,47.232,41.984
86.852,119.975,47.232,41.984
86.677,120.502,47.232,41.984
86.501,120.326,47.232,41.984
85.797,118.951,48.277,42.912
86.484,118.544,47.247,41.997
86.309,118.368,47.247,41.997
86.836,118.193,47.247,41.997
86.660,118.368,47.247,41.997
86.133,118.193,47.247,41.997
86.309,117.666,47.247,41.997
86.836,118.193,47.247,41.997
85.958,118.017,47.247,41.997
86.133,117.842,47.247,41.997
86.309,118.368,47.247,41.997
86.484,118.544,47.247,41.997
85.958,118.720,47.247,41.997
85.782,118.193,47.247,41.997
85.606,118.017,47.247,41.997
85.431,117.842,47.247,41.997
84.904,118.017,47.247,41.997
85.080,116.437,47.247,41.997
85.255,116.612,47.247,41.997
85.080,116.788,47.247,41.997
84.904,116.964,47.247,41.997
84.728,117.490,47.247,41.997
84.202,117.315,47.247,41.997
84.377,117.139,47.247,41.997
84.202,116.964,47.247,41.997
84.377,117.490,47.247,41.997
83.499,117.666,47.247,41.997
83.675,117.490,47.247,41.997
83.850,117.315,47.247,41.997
84.026,117.139,47.247,41.997
83.850,116.964,47.247,41.997
83.675,117.842,47.247,41.997
83.148,118.368,47.247,41.997
83.324,116.788,47.247,41.997
83.499,116.612,47.247,41.997
82.621,116.437,47.247,41.997
82.797,116.964,47.247,41.997
82.972,117.490,47.247,41.997
82.797,117.315,47.247,41.997
82.621,117.139,47.247,41.997
82.094,116.964,47.247,41.997
82.621,116.788,47.247,41.997
82.446,116.612,47.247,41.997
81.919,116.437,47.247,41.997
82.094,116.261,47.247,41.997
82.621,116.086,47.247,41.997
82.094,115.910,47.247,41.997
81.919,116.086,47.247,41.997
81.743,115.208,47.247,41.997
81.568,115.734,47.247,41.997
81.392,116.261,47.247,41.997
80.865,116.086,47.247,41.997
81.041,116.261,47.247,41.997
81.216,116.086,47.247,41.997
81.392,116.612,47.247,41.997
80.865,116.788,47.247,41.997
80.690,116.964,47.247,41.997
80.514,116.788,47.247,41.997
80.690,116.964,47.247,41.997
80.865,116.788,47.247,41.997
80.690,116.964,47.247,41.997
80.514,117.139,47.247,41.997
80.690,116.964,47.247,41.997
80.865,117.490,47.247,41.997
80.690,117.666,47.247,41.997
80.865,117.490,47.247,41.997
81.041,117.666,47.247,41.997
81.216,117.490,47.247,41.997
81.041,117.315,47.247,41.997
80.865,116.437,47.247,41.997
80.690,116.261,47.247,41.997
80.865,116.437,47.247,41.997
81.041,117.315,47.247,41.997
81.216,117.490,47.247,41.997
81.392,117.666,47.247,41.997
80.865,117.842,47.247,41.997
81.392,118.017,47.247,41.997
81.216,117.842,47.247,41.997
82.094,118.017,47.247,41.997
81.919,117.842,47.247,41.997
81.743,118.368,47.247,41.997
81.919,118.193,47.247,41.997
81.214,117.182,48.292,42.927
81.393,116.643,48.292,42.927
81.932,116.105,48.292,42.927
81.752,115.925,48.292,42.927
82.291,115.746,48.292,42.927
81.752,115.925,48.292,42.927
82.291,116.105,48.292,42.927
81.752,116.643,48.292,42.927
82.291,116.823,48.292,42.927
82.111,116.643,48.292,42.927
81.932,116.464,48.292,42.927
82.111,116.643,48.292,42.927
82.291,116.464,48.292,42.927
82.111,116.643,48.292,42.927
82.291,116.823,48.292,42.927
82.111,117.002,48.292,42.927
82.136,117.831,49.361,43.876
81.952,118.014,49.361,43.876
82.136,118.198,49.361,43.876
81.952,118.014,49.361,43.876
81.769,118.198,49.361,43.876
81.585,117.281,49.361,43.876
81.402,116.363,49.361,43.876
81.219,116.547,49.361,43.876
81.769,117.097,49.361,43.876
81.952,116.914,49.361,43.876
81.769,117.097,49.361,43.876
81.585,116.914,49.361,43.876
81.402,117.097,49.361,43.876
80.852,117.281,49.361,43.876
81.402,117.097,49.361,43.876
80.852,117.281,49.361,43.876
81.402,117.097,49.361,43.876
80.852,117.647,49.361,43.876
81.035,117.831,49.361,43.876
81.219,117.647,49.361,43.876
81.402,118.198,49.361,43.876
80.852,118.014,49.361,43.876
81.035,117.831,49.361,43.876
81.219,116.914,49.361,43.876
81.035,117.097,49.361,43.876
81.219,116.547,49.361,43.876
81.402,117.097,49.361,43.876
80.485,116.914,49.361,43.876
79.934,117.464,49.361,43.876
80.485,117.280,49.361,43.876
80.301,117.097,49.361,43.876
80.326,116.802,50.453,44.847
79.764,116.614,50.453,44.847
80.326,116.802,50.453,44.847
80.514,117.365,50.453,44.847
80.326,117.552,50.453,44.847
80.139,117.365,50.453,44.847
80.326,117.927,50.453,44.847
80.514,118.115,50.453,44.847
80.701,118.302,50.453,44.847
80.889,118.490,50.453,44.847
79.951,118.677,50.453,44.847
79.764,117.740,50.453,44.847
81.076,117.927,50.453,44.847
80.514,118.490,50.453,44.847
80.701,119.052,50.453,44.847
80.889,119.240,50.453,44.847
80.326,119.427,50.453,44.847
80.889,119.240,50.453,44.847
80.701,119.052,50.453,44.847
81.264,118.865,50.453,44.847
81.451,118.677,50.453,44.847
81.639,118.490,50.453,44.847
81.826,118.677,50.453,44.847
81.264,118.115,50.453,44.847
81.826,118.302,50.453,44.847
81.639,118.490,50.453,44.847
82.201,118.677,50.453,44.847
82.014,116.614,50.453,44.847
81.826,116.052,50.453,44.847
82.014,116.239,50.453,44.847
82.201,116.427,50.453,44.847
82.389,116.989,50.453,44.847
82.746,118.010,49.377,43.891
83.297,118.560,49.377,43.891
83.847,119.111,49.377,43.891
84.031,118.560,49.377,43.891
84.214,118.744,49.377,43.891
84.765,118.927,49.377,43.891
84.581,118.377,49.377,43.891
84.031,117.092,49.377,43.891
84.214,116.175,49.377,43.891
84.765,116.358,49.377,43.891
84.581,116.909,49.377,43.891
84.398,117.459,49.377,43.891
83.847,117.643,49.377,43.891
84.031,117.826,49.377,43.891
84.734,118.471,48.324,42.955
85.273,119.369,48.324,42.955
85.093,119.908,48.324,42.955
84.914,119.728,48.324,42.955
85.093,119.908,48.324,42.955
85.632,120.088,48.324,42.955
86.171,120.267,48.324,42.955
86.351,120.447,48.324,42.955
86.530,120.627,48.324,42.955
87.069,119.729,48.324,42.955
86.530,119.549,48.324,42.955
85.809,118.887,49.393,43.905
86.360,119.438,49.393,43.905
86.176,119.622,49.393,43.905
86.727,119.805,49.393,43.905
86.176,119.989,49.393,43.905
86.727,119.805,49.393,43.905
86.544,119.255,49.393,43.905
86.360,118.704,49.393,43.905
86.176,118.887,49.393,43.905
86.727,119.071,49.393,43.905
86.911,118.153,49.393,43.905
87.094,118.337,49.393,43.905
87.278,118.520,49.393,43.905
87.461,118.337,49.393,43.905
86.911,118.153,49.393,43.905
87.094,118.337,49.393,43.905
87.645,118.520,49.393,43.905
87.461,118.704,49.393,43.905
87.278,118.520,49.393,43.905
88.196,117.602,49.393,43.905
88.379,117.786,49.393,43.905
87.461,117.969,49.393,43.905
87.278,117.786,49.393,43.905
87.829,117.969,49.393,43.905
87.278,118.520,49.393,43.905
87.829,118.704,49.393,43.905
87.278,118.887,49.393,43.905
87.461,119.071,49.393,43.905
86.911,118.520,49.393,43.905
87.094,118.337,49.393,43.905
87.278,118.153,49.393,43.905
87.461,117.602,49.393,43.905
86.911,117.786,49.393,43.905
86.727,117.969,49.393,43.905
86.911,118.153,49.393,43.905
86.727,117.969,49.393,43.905
86.544,118.153,49.393,43.905
86.360,118.337,49.393,43.905
86.176,118.520,49.393,43.905
86.727,118.337,49.393,43.905
86.176,118.520,49.393,43.905
86.360,118.704,49.393,43.905
85.809,118.520,49.393,43.905
85.993,118.704,49.393,43.905
85.809,118.520,49.393,43.905
85.626,118.704,49.393,43.905
85.442,118.887,49.393,43.905
85.258,118.704,49.393,43.905
85.442,118.520,49.393,43.905
84.891,118.704,49.393,43.905
85.442,118.887,49.393,43.905
84.891,118.704,49.393,43.905
85.442,118.520,49.393,43.905
84.524,117.602,49.393,43.905
84.708,117.786,49.393,43.905
84.891,118.337,49.393,43.905
85.442,118.153,49.393,43.905
84.891,118.337,49.393,43.905
85.075,118.520,49.393,43.905
85.258,118.337,49.393,43.905
85.442,118.887,49.393,43.905
84.891,119.438,49.393,43.905
84.708,119.255,49.393,43.905
84.524,119.071,49.393,43.905
84.341,118.887,49.393,43.905
84.157,119.071,49.393,43.905
84.341,118.520,49.393,43.905
83.790,118.704,49.393,43.905
84.341,118.887,49.393,43.905
84.157,118.704,49.393,43.905
84.341,118.887,49.393,43.905
83.790,119.071,49.393,43.905
84.341,119.255,49.393,43.905
84.157,119.805,49.393,43.905
84.708,119.989,49.393,43.905
84.524,119.805,49.393,43.905
84.341,118.887,49.393,43.905
84.157,119.071,49.393,43.905
85.075,118.153,49.393,43.905
84.891,117.969,49.393,43.905
84.887,118.615,48.340,42.969
84.708,118.435,48.340,42.969
84.359,118.146,49.409,43.919
83.808,117.962,49.409,43.919
84.359,118.513,49.409,43.919
83.808,118.330,49.409,43.919
84.359,118.513,49.409,43.919
83.808,118.330,49.409,43.919
84.359,117.411,49.409,43.919
83.808,117.595,49.409,43.919
83.992,117.779,49.409,43.919
84.543,117.595,49.409,43.919
83.992,116.677,49.409,43.919
84.176,116.860,49.409,43.919
84.359,117.044,49.409,43.919
84.176,117.228,49.409,43.919
84.726,117.411,49.409,43.919
84.543,117.228,49.409,43.919
84.359,116.677,49.409,43.919
84.176,116.493,49.409,43.919
84.726,116.677,49.409,43.919
84.543,117.228,49.409,43.919
83.992,117.411,49.409,43.919
84.543,116.860,49.409,43.919
84.359,116.677,49.409,43.919
83.808,115.391,49.409,43.919
83.992,114.473,49.409,43.919
84.176,114.290,49.409,43.919
84.359,114.473,49.409,43.919
83.441,114.657,49.409,43.919
82.890,114.840,49.409,43.919
83.441,115.391,49.409,43.919
83.257,115.942,49.409,43.919
83.441,116.860,49.409,43.919
82.890,117.044,49.409,43.919
83.074,116.860,49.409,43.919
82.890,117.044,49.409,43.919
82.706,116.493,49.409,43.919
82.155,116.310,49.409,43.919
82.339,116.126,49.409,43.919
81.788,115.942,49.409,43.919
81.972,116.860,49.409,43.919
81.788,117.044,49.409,43.919
81.237,116.860,49.409,43.919
81.421,117.044,49.409,43.919
80.135,116.860,49.409,43.919
80.319,117.411,49.409,43.919
80.315,117.703,48.356,42.983
80.495,117.523,48.356,42.983
80.315,117.703,48.356,42.983
79.776,117.523,48.356,42.983
79.955,116.984,48.356,42.983
79.416,116.804,48.356,42.983
77.949,116.142,49.426,43.934
77.212,115.847,50.519,44.906
76.848,115.155,51.637,45.899
75.888,115.347,51.637,45.899
75.696,115.923,51.637,45.899
74.926,114.818,52.779,46.915
73.731,113.281,53.947,47.953
73.932,113.081,53.947,47.953
73.330,113.682,53.947,47.953
73.712,115.933,52.797,46.930
73.708,117.001,51.671,45.930
74.444,118.046,50.569,44.950
73.504,116.730,50.569,44.950
73.692,116.918,50.569,44.950
73.128,117.106,50.569,44.950
73.486,117.042,49.490,43.992
73.302,116.490,49.490,43.992
73.118,116.306,49.490,43.992
72.567,116.858,49.490,43.992
72.751,116.674,49.490,43.992
72.567,116.490,49.490,43.992
72.015,117.410,49.490,43.992
71.463,117.961,49.490,43.992
71.279,117.777,49.490,43.992
71.095,117.593,49.490,43.992
70.543,117.410,49.490,43.992
70.359,118.329,49.490,43.992
70.175,118.513,49.490,43.992
69.624,117.593,49.490,43.992
69.440,116.306,49.490,43.992
68.888,116.490,49.490,43.992
68.336,116.674,49.490,43.992
68.152,116.490,49.490,43.992
67.600,116.674,49.490,43.992
67.416,115.018,49.490,43.992
66.865,115.202,49.490,43.992
66.681,115.018,49.490,43.992
66.497,114.467,49.490,43.992
65.945,114.650,49.490,43.992
65.025,114.467,49.490,43.992
64.473,115.018,49.490,43.992
64.657,114.834,49.490,43.992
64.105,114.283,49.490,43.992
63.554,114.099,49.490,43.992
63.370,113.915,49.490,43.992
63.186,114.099,49.490,43.992
63.002,113.547,49.490,43.992
62.450,112.627,49.490,43.992
62.266,112.075,49.490,43.992
62.450,112.259,49.490,43.992
62.634,112.811,49.490,43.992
62.082,112.627,49.490,43.992
61.530,112.811,49.490,43.992
61.714,112.995,49.490,43.992
61.898,112.811,49.490,43.992
60.978,112.259,49.490,43.992
60.795,112.075,49.490,43.992
60.243,112.259,49.490,43.992
60.427,111.707,49.490,43.992
60.243,111.523,49.490,43.992
60.059,111.340,49.490,43.992
59.139,112.259,49.490,43.992
59.323,112.811,49.490,43.992
59.139,112.259,49.490,43.992
58.955,111.707,49.490,43.992
58.403,111.156,49.490,43.992
58.587,111.340,49.490,43.992
58.771,111.523,49.490,43.992
57.851,111.340,49.490,43.992
57.668,111.523,49.490,43.992
58.219,110.972,49.490,43.992
57.668,110.788,49.490,43.992
58.373,111.434,48.435,43.053
57.832,111.254,48.435,43.053
57.652,111.434,48.435,43.053
57.472,110.894,48.435,43.053
57.292,110.714,48.435,43.053
57.112,111.254,48.435,43.053
56.932,111.434,48.435,43.053
57.112,111.614,48.435,43.053
56.932,111.794,48.435,43.053
56.752,111.974,48.435,43.053
56.572,111.434,48.435,43.053
56.032,111.614,48.435,43.053
55.852,112.154,48.435,43.053
56.032,111.614,48.435,43.053
55.852,112.154,48.435,43.053
55.672,111.614,48.435,43.053
55.492,112.154,48.435,43.053
55.312,111.974,48.435,43.053
55.132,111.794,48.435,43.053
55.312,111.974,48.435,43.053
54.772,111.434,48.435,43.053
54.592,110.894,48.435,43.053
54.052,111.074,48.435,43.053
54.395,111.707,47.402,42.135
54.219,111.883,47.402,42.135
54.043,112.059,47.402,42.135
53.514,112.235,47.402,42.135
53.690,112.059,47.402,42.135
53.514,112.235,47.402,42.135
53.338,112.411,47.402,42.135
53.162,112.588,47.402,42.135
52.633,112.059,47.402,42.135
52.809,112.235,47.402,42.135
51.929,112.411,47.402,42.135
51.752,112.235,47.402,42.135
52.428,112.515,46.391,41.237
51.910,112.687,46.391,41.237
52.428,112.859,46.391,41.237
51.910,113.377,46.391,41.237
52.083,113.204,46.391,41.237
52.744,113.810,45.402,40.357
52.912,114.316,45.402,40.357
52.069,114.823,45.402,40.357
52.715,115.090,44.434,39.497
52.550,114.925,44.434,39.497
52.715,115.090,44.434,39.497
52.550,114.925,44.434,39.497
52.385,114.760,44.434,39.497
52.220,114.925,44.434,39.497
52.715,114.760,44.434,39.497
52.220,114.595,44.434,39.497
52.385,114.760,44.434,39.497
51.890,114.595,44.434,39.497
52.055,114.760,44.434,39.497
52.550,114.595,44.434,39.497
52.055,115.090,44.434,39.497
52.688,115.034,43.486,38.654
52.684,114.667,42.559,37.830
53.159,115.142,42.559,37.830
53.000,114.984,42.559,37.830
52.526,115.458,42.559,37.830
53.000,115.300,42.559,37.830
51.893,114.825,42.559,37.830
52.368,114.984,42.559,37.830
52.526,114.509,42.559,37.830
53.000,114.034,42.559,37.830
52.842,113.876,42.559,37.830
52.368,113.718,42.559,37.830
52.842,113.876,42.559,37.830
52.684,113.718,42.559,37.830
53.159,113.876,42.559,37.830
53.317,113.718,42.559,37.830
53.159,113.560,42.559,37.830
53.317,112.769,42.559,37.830
53.475,112.927,42.559,37.830
53.633,113.402,42.559,37.830
53.475,113.876,42.559,37.830
53.633,114.034,42.559,37.830
53.791,113.876,42.559,37.830
53.633,113.718,42.559,37.830
54.108,113.560,42.559,37.830
53.950,113.402,42.559,37.830
53.315,113.147,43.500,38.667
53.153,113.632,43.500,38.667
54.396,114.824,42.573,37.843
54.554,114.982,42.573,37.843
55.029,115.457,42.573,37.843
53.737,114.546,43.515,38.680
54.045,115.426,42.587,37.855
54.203,115.267,42.587,37.855
54.362,115.109,42.587,37.855
54.203,115.267,42.587,37.855
54.045,115.426,42.587,37.855
54.203,115.901,42.587,37.855
54.362,116.375,42.587,37.855
54.520,115.901,42.587,37.855
54.678,116.059,42.587,37.855
54.837,116.217,42.587,37.855
54.362,115.426,42.587,37.855
54.520,115.584,42.587,37.855
54.678,115.426,42.587,37.855
54.837,115.584,42.587,37.855
54.045,115.426,42.587,37.855
54.203,115.584,42.587,37.855
54.362,115.426,42.587,37.855
54.520,115.267,42.587,37.855
53.556,114.684,43.529,38.692
53.394,114.523,43.529,38.692
53.233,114.361,43.529,38.692
54.365,113.876,43.529,38.692
53.880,113.390,43.529,38.692
54.365,113.876,43.529,38.692
54.203,113.714,43.529,38.692
54.689,113.876,43.529,38.692
54.527,114.037,43.529,38.692
54.365,114.199,43.529,38.692
54.527,115.008,43.529,38.692
54.689,114.846,43.529,38.692
55.309,114.791,42.601,37.867
54.673,114.208,43.543,38.705
54.835,114.370,43.543,38.705
54.997,114.208,43.543,38.705
55.482,114.693,43.543,38.705
55.321,114.208,43.543,38.705
54.835,114.370,43.543,38.705
55.644,114.531,43.543,38.705
55.482,115.017,43.543,38.705
55.321,114.531,43.543,38.705
55.482,115.017,43.543,38.705
56.103,115.274,42.615,37.880
57.931,116.441,41.706,37.072
57.629,116.687,40.817,36.281
57.174,116.232,40.817,36.281
57.629,114.563,40.817,36.281
57.174,114.411,40.817,36.281
57.509,114.167,41.720,37.084
57.664,114.012,41.720,37.084
57.509,114.477,41.720,37.084
57.664,114.322,41.720,37.084
57.199,114.477,41.720,37.084
58.284,114.632,41.720,37.084
58.129,115.098,41.720,37.084
58.724,115.344,40.830,36.293
58.875,115.799,40.830,36.293
58.581,114.925,41.733,37.096
59.774,114.872,40.843,36.305
59.318,114.417,40.843,36.305
59.774,114.568,40.843,36.305
59.622,115.024,40.843,36.305
59.774,115.176,40.843,36.305
59.925,115.327,40.843,36.305
60.077,115.479,40.843,36.305
60.229,115.631,40.843,36.305
60.988,115.783,40.843,36.305
60.836,115.935,40.843,36.305
60.988,115.176,40.843,36.305
61.443,115.631,40.843,36.305
62.202,116.086,40.843,36.305
61.443,116.542,40.843,36.305
61.899,116.694,40.843,36.305
61.443,117.149,40.843,36.305
61.899,116.390,40.843,36.305
61.443,116.542,40.843,36.305
61.899,116.694,40.843,36.305
61.443,117.149,40.843,36.305
61.899,116.997,40.843,36.305
60.974,116.438,41.747,37.108
61.868,116.983,40.857,36.317
60.629,114.218,41.761,37.121
60.784,114.374,41.761,37.121
60.318,114.839,41.761,37.121
61.094,114.994,41.761,37.121
61.390,114.941,40.870,36.329
60.934,113.878,40.870,36.329
60.009,113.003,41.774,37.133
59.386,112.754,42.699,37.954
59.227,112.912,42.699,37.954
59.069,113.389,42.699,37.954
59.227,113.547,42.699,37.954
59.530,113.799,41.788,37.145
60.617,113.954,41.788,37.145
59.530,113.488,41.788,37.145
59.996,113.954,41.788,37.145
59.840,114.420,41.788,37.145
59.685,115.197,41.788,37.145
59.530,115.352,41.788,37.145
59.551,114.780,42.713,37.967
59.392,114.939,42.713,37.967
59.551,114.780,42.713,37.967
59.710,113.986,42.713,37.967
59.551,113.828,42.713,37.967
59.392,113.351,42.713,37.967
58.916,113.510,42.713,37.967
59.392,113.669,42.713,37.967
59.233,112.558,42.713,37.967
58.440,112.081,42.713,37.967
59.233,111.288,42.713,37.967
59.075,111.446,42.713,37.967
59.868,111.605,42.713,37.967
60.345,111.764,42.713,37.967
59.048,111.838,43.658,38.807
59.535,112.325,43.658,38.807
60.022,112.487,43.658,38.807
59.860,112.325,43.658,38.807
59.543,113.521,42.727,37.979
60.337,113.679,42.727,37.979
60.179,114.156,42.727,37.979
60.337,113.997,42.727,37.979
60.496,114.156,42.727,37.979
60.655,114.632,42.727,37.979
60.814,114.473,42.727,37.979
60.506,114.547,43.672,38.820
61.128,114.805,42.741,37.992
60.490,114.549,43.686,38.832
61.302,114.387,43.686,38.832
61.611,114.019,42.755,38.004
60.314,112.774,43.701,38.845
61.451,112.611,43.701,38.845
61.614,112.449,43.701,38.845
60.962,112.188,44.667,39.704
59.951,111.921,45.656,40.583
60.601,112.844,44.682,39.717
59.245,111.543,45.671,40.596
58.564,113.031,46.681,41.494
59.084,111.817,46.681,41.494
59.081,112.761,45.686,40.610
57.694,111.079,46.696,41.508
58.215,111.946,46.696,41.508
59.215,112.891,45.701,40.623
58.705,111.702,45.701,40.623
58.535,112.211,45.701,40.623
59.841,113.463,44.726,39.757
60.478,114.047,43.772,38.909
60.163,113.111,44.741,39.770
58.805,114.223,45.731,40.649
59.995,113.373,45.731,40.649
60.845,112.864,45.731,40.649
59.995,113.034,45.731,40.649
61.185,112.524,45.731,40.649
59.995,112.694,45.731,40.649
60.505,112.524,45.731,40.649
60.335,113.034,45.731,40.649
59.485,112.864,45.731,40.649
59.995,112.694,45.731,40.649
60.505,112.864,45.731,40.649
60.335,113.034,45.731,40.649
60.165,113.883,45.731,40.649
59.995,114.393,45.731,40.649
61.865,114.223,45.731,40.649
61.355,114.733,45.731,40.649
61.185,114.903,45.731,40.649
60.675,114.733,45.731,40.649
60.698,113.402,46.742,41.549
60.177,113.576,46.742,41.549
60.698,113.749,46.742,41.549
60.177,114.618,46.742,41.549
60.698,113.749,46.742,41.549
60.524,114.270,46.742,41.549
60.698,113.054,46.742,41.549
60.872,113.923,46.742,41.549
60.698,113.402,46.742,41.549
60.524,112.881,46.742,41.549
61.393,113.054,46.742,41.549
61.567,113.228,46.742,41.549
61.740,113.402,46.742,41.549
60.872,113.576,46.742,41.549
61.045,114.097,46.742,41.549
61.042,115.042,45.746,40.663
61.892,115.552,45.746,40.663
62.062,115.722,45.746,40.663
61.892,114.872,45.746,40.663
62.062,113.682,45.746,40.663
61.552,113.512,45.746,40.663
61.548,115.420,44.770,39.796
61.049,115.920,44.770,39.796
61.881,116.086,44.770,39.796
61.381,116.252,44.770,39.796
60.549,116.419,44.770,39.796
60.383,116.585,44.770,39.796
59.715,116.663,45.761,40.676
60.225,115.472,45.761,40.676
60.055,115.982,45.761,40.676
59.373,115.709,46.773,41.576
59.199,115.883,46.773,41.576
59.373,115.014,46.773,41.576
60.039,116.295,45.776,40.689
59.528,115.784,45.776,40.689
60.039,115.614,45.776,40.689
60.691,115.556,44.799,39.822
60.191,115.723,44.799,39.822
59.523,113.036,45.791,40.703
59.847,113.962,44.814,39.835
60.014,113.130,44.814,39.835
60.513,113.296,44.814,39.835
60.347,112.797,44.814,39.835
59.514,112.630,44.814,39.835
59.348,112.797,44.814,39.835
59.181,112.963,44.814,39.835
58.348,113.463,44.814,39.835
59.181,113.962,44.814,39.835
58.681,114.129,44.814,39.835
58.848,114.296,44.814,39.835
59.348,114.462,44.814,39.835
58.848,114.629,44.814,39.835
59.014,113.796,44.814,39.835
59.181,113.962,44.814,39.835
58.681,113.796,44.814,39.835
59.641,114.381,43.858,38.985
59.152,113.892,43.858,38.985
58.663,114.055,43.858,38.985
58.500,112.914,43.858,38.985
59.315,113.403,43.858,38.985
59.152,112.588,43.858,38.985
58.663,112.751,43.858,38.985
57.848,112.914,43.858,38.985
58.011,113.403,43.858,38.985
58.174,113.240,43.858,38.985
58.337,113.729,43.858,38.985
58.174,113.892,43.858,38.985
58.663,115.033,43.858,38.985
58.174,115.196,43.858,38.985
57.519,114.258,44.829,39.848
57.196,113.990,45.821,40.729
58.177,114.588,44.844,39.861
58.011,114.088,44.844,39.861
58.844,114.921,44.844,39.861
59.011,114.755,44.844,39.861
58.844,114.588,44.844,39.861
58.344,114.088,44.844,39.861
58.177,113.588,44.844,39.861
58.011,113.088,44.844,39.861
58.725,112.128,45.836,40.743
57.533,112.299,45.836,40.743
58.044,112.128,45.836,40.743
58.555,112.980,45.836,40.743
58.725,113.491,45.836,40.743
58.555,114.002,45.836,40.743
59.066,114.854,45.836,40.743
59.236,115.024,45.836,40.743
59.066,115.876,45.836,40.743
59.236,115.024,45.836,40.743
60.088,115.535,45.836,40.743
59.918,114.002,45.836,40.743
59.747,113.150,45.836,40.743
60.599,110.254,45.836,40.743
60.769,110.084,45.836,40.743
60.940,110.595,45.836,40.743
60.769,110.084,45.836,40.743
61.280,110.595,45.836,40.743
62.473,111.106,45.836,40.743
62.643,111.277,45.836,40.743
62.132,111.106,45.836,40.743
62.643,110.936,45.836,40.743
62.132,111.447,45.836,40.743
62.984,110.936,45.836,40.743
63.495,111.106,45.836,40.743
63.665,110.936,45.836,40.743
63.836,111.788,45.836,40.743
62.798,111.160,46.850,41.644
63.183,110.158,47.886,42.566
63.361,109.980,47.886,42.566
63.700,110.605,46.865,41.658
64.223,111.476,46.865,41.658
63.004,111.302,46.865,41.658
63.750,111.022,47.902,42.580
63.216,111.200,47.902,42.580
63.555,111.482,46.881,41.672
64.427,111.308,46.881,41.672
63.727,111.389,47.918,42.594
63.905,110.855,47.918,42.594
63.371,111.389,47.918,42.594
64.261,111.211,47.918,42.594
64.440,111.389,47.918,42.594
64.618,111.567,47.918,42.594
64.083,112.101,47.918,42.594
64.261,112.636,47.918,42.594
64.796,112.101,47.918,42.594
64.618,112.636,47.918,42.594
64.796,113.170,47.918,42.594
65.330,113.704,47.918,42.594
65.508,113.170,47.918,42.594
66.042,112.636,47.918,42.594
66.220,111.745,47.918,42.594
66.399,111.923,47.918,42.594
66.933,112.458,47.918,42.594
66.399,112.992,47.918,42.594
67.081,113.618,46.896,41.685
66.020,113.699,47.934,42.608
68.076,114.669,46.911,41.699
67.902,114.494,46.911,41.699
68.234,115.443,45.911,40.810
68.746,115.614,45.911,40.810
67.893,114.419,45.911,40.810
68.064,114.590,45.911,40.810
68.234,114.760,45.911,40.810
68.064,114.931,45.911,40.810
67.552,115.102,45.911,40.810
67.040,114.590,45.911,40.810
67.552,115.102,45.911,40.810
66.357,114.249,45.911,40.810
67.210,114.419,45.911,40.810
66.698,114.590,45.911,40.810
66.187,114.760,45.911,40.810
65.333,114.931,45.911,40.810
65.003,113.949,46.927,41.713
65.335,114.898,45.926,40.823
66.647,115.497,44.947,39.953
66.480,115.665,44.947,39.953
66.156,115.396,45.941,40.836
65.644,115.225,45.941,40.836
64.790,115.054,45.941,40.836
65.445,115.654,44.961,39.966
65.277,114.819,44.961,39.966
65.445,114.986,44.961,39.966
65.946,115.153,44.961,39.966
66.781,115.320,44.961,39.966
67.283,115.821,44.961,39.966
66.781,115.320,44.961,39.966
67.283,115.487,44.961,39.966
66.781,115.989,44.961,39.966
67.951,115.821,44.961,39.966
68.118,115.989,44.961,39.966
67.283,116.156,44.961,39.966
67.450,116.323,44.961,39.966
67.951,116.490,44.961,39.966
68.452,116.991,44.961,39.966
68.285,116.490,44.961,39.966
68.118,116.323,44.961,39.966
67.617,116.156,44.961,39.966
68.452,114.986,44.961,39.966
67.951,113.482,44.961,39.966
68.452,114.317,44.961,39.966
67.951,114.819,44.961,39.966
69.121,115.320,44.961,39.966
68.285,114.819,44.961,39.966
68.787,114.986,44.961,39.966
68.620,115.153,44.961,39.966
68.787,115.320,44.961,39.966
68.954,115.821,44.961,39.966
69.121,115.320,44.961,39.966
68.285,114.819,44.961,39.966
68.452,114.652,44.961,39.966
68.620,114.150,44.961,39.966
68.452,114.652,44.961,39.966
68.285,114.485,44.961,39.966
67.784,115.320,44.961,39.966
68.285,115.153,44.961,39.966
67.784,114.986,44.961,39.966
67.951,115.153,44.961,39.966
68.118,115.654,44.961,39.966
67.792,116.242,44.003,39.113
68.610,117.059,44.003,39.113
68.119,116.242,44.003,39.113
67.302,115.751,44.003,39.113
67.324,115.488,44.976,39.979
67.491,115.321,44.976,39.979
67.324,115.488,44.976,39.979
66.822,115.989,44.976,39.979
65.987,116.491,44.976,39.979
65.820,115.655,44.976,39.979
65.318,115.822,44.976,39.979
65.820,115.989,44.976,39.979
64.455,116.067,45.971,40.863
64.967,116.238,45.971,40.863
63.927,115.254,46.988,41.767
65.270,114.521,45.986,40.877
64.415,115.034,45.986,40.877
64.586,115.547,45.986,40.877
64.415,115.718,45.986,40.877
65.612,115.889,45.986,40.877
65.099,116.402,45.986,40.877
66.295,116.231,45.986,40.877
66.124,116.060,45.986,40.877
66.637,116.572,45.986,40.877
66.466,116.060,45.986,40.877
68.439,116.331,45.006,40.005
68.115,113.979,46.001,40.890
66.719,113.704,47.019,41.795
68.736,114.318,46.016,40.903
68.223,114.831,46.016,40.903
69.078,115.345,46.016,40.903
68.907,115.174,46.016,40.903
69.420,115.687,46.016,40.903
70.275,115.174,46.016,40.903
70.447,115.687,46.016,40.903
70.618,116.200,46.016,40.903
70.447,116.371,46.016,40.903
72.091,115.323,45.035,40.031
71.589,115.156,45.035,40.031
71.422,115.658,45.035,40.031
72.593,115.825,45.035,40.031
72.426,116.662,45.035,40.031
72.928,116.495,45.035,40.031
72.426,115.993,45.035,40.031
73.598,116.160,45.035,40.031
72.761,116.662,45.035,40.031
72.593,116.830,45.035,40.031
72.426,116.997,45.035,40.031
72.796,115.339,46.031,40.917
73.309,115.852,46.031,40.917
73.635,115.793,45.050,40.044
72.798,116.296,45.050,40.044
73.300,117.468,45.050,40.044
74.137,118.305,45.050,40.044
73.970,118.472,45.050,40.044
73.468,118.640,45.050,40.044
73.635,118.807,45.050,40.044
73.133,117.970,45.050,40.044
73.635,117.133,45.050,40.044
73.133,113.282,45.050,40.044
72.630,113.449,45.050,40.044
72.463,111.942,45.050,40.044
72.965,112.780,45.050,40.044
72.128,112.947,45.050,40.044
71.626,113.449,45.050,40.044
71.124,110.268,45.050,40.044
70.956,111.105,45.050,40.044
71.124,111.273,45.050,40.044
71.626,111.105,45.050,40.044
70.789,111.607,45.050,40.044
70.956,111.775,45.050,40.044
70.789,112.277,45.050,40.044
70.286,111.440,45.050,40.044
70.789,111.942,45.050,40.044
70.286,112.780,45.050,40.044
70.454,113.282,45.050,40.044
71.291,112.780,45.050,40.044
70.454,112.947,45.050,40.044
70.621,113.449,45.050,40.044
69.972,111.455,44.089,39.190
69.808,111.947,44.089,39.190
70.955,112.111,44.089,39.190
70.464,112.275,44.089,39.190
70.300,112.766,44.089,39.190
69.642,111.483,45.065,40.057
69.474,111.985,45.065,40.057
69.307,112.153,45.065,40.057
69.809,112.655,45.065,40.057
69.307,112.823,45.065,40.057
69.809,112.990,45.065,40.057
68.790,109.593,46.062,40.944
69.303,110.449,46.062,40.944
68.790,111.305,46.062,40.944
68.961,112.161,46.062,40.944
69.132,112.332,46.062,40.944
68.276,112.161,46.062,40.944
68.447,112.332,46.062,40.944
68.276,112.161,46.062,40.944
68.447,112.332,46.062,40.944
67.405,111.702,47.081,41.850
66.702,111.057,48.122,42.776
66.166,111.594,48.122,42.776
65.077,110.193,49.187,43.722
64.894,108.547,49.187,43.722
65.442,108.730,49.187,43.722
64.894,108.547,49.187,43.722
65.077,109.096,49.187,43.722
64.163,109.279,49.187,43.722
63.980,109.096,49.187,43.722
63.797,109.279,49.187,43.722
63.614,109.827,49.187,43.722
63.797,110.010,49.187,43.722
63.980,109.827,49.187,43.722
63.066,110.010,49.187,43.722
62.517,109.827,49.187,43.722
63.571,110.469,48.138,42.790
62.676,110.648,48.138,42.790
62.497,111.185,48.138,42.790
61.602,111.006,48.138,42.790
62.633,111.980,47.112,41.877
62.108,112.155,47.112,41.877
62.104,112.433,46.107,40.984
62.275,112.604,46.107,40.984
62.447,112.433,46.107,40.984
62.618,112.947,46.107,40.984
62.447,113.118,46.107,40.984
61.932,113.289,46.107,40.984
62.447,113.118,46.107,40.984
61.590,113.632,46.107,40.984
61.761,112.090,46.107,40.984
61.932,113.289,46.107,40.984
61.761,114.146,46.107,40.984
61.932,114.660,46.107,40.984
61.268,115.593,45.124,40.110
61.771,115.425,45.124,40.110
61.603,112.574,45.124,40.110
61.100,113.077,45.124,40.110
60.775,113.503,46.122,40.997
60.604,114.018,46.122,40.997
59.560,112.675,47.143,41.904
59.034,113.551,47.143,41.904
58.859,114.077,47.143,41.904
58.684,113.901,47.143,41.904
58.158,112.675,47.143,41.904
58.684,113.201,47.143,41.904
58.680,114.154,46.137,41.011
58.851,114.668,46.137,41.011
59.508,114.610,45.153,40.136
59.005,115.113,45.153,40.136
58.837,113.603,45.153,40.136
58.334,114.442,45.153,40.136
59.624,115.032,44.190,39.280
59.620,115.926,43.248,38.443
59.459,116.086,43.248,38.443
58.656,117.211,43.248,38.443
59.138,117.694,43.248,38.443
58.334,115.604,43.248,38.443
58.816,116.086,43.248,38.443
59.299,115.926,43.248,38.443
58.174,116.408,43.248,38.443
58.334,115.604,43.248,38.443
58.495,115.765,43.248,38.443
59.111,114.471,42.326,37.623
59.268,115.257,42.326,37.623
59.426,115.729,42.326,37.623
58.325,115.886,42.326,37.623
60.055,116.358,42.326,37.623
59.583,116.830,42.326,37.623
58.625,116.577,43.262,38.455
58.647,116.319,44.219,39.306
58.960,117.213,43.276,38.468
58.314,115.953,44.234,39.319
59.360,116.030,45.213,40.189
59.356,116.620,44.248,39.332
60.304,118.149,43.305,38.493
58.990,114.885,44.263,39.345
59.154,115.707,44.263,39.345
59.648,116.201,44.263,39.345
59.483,116.694,44.263,39.345
59.319,117.846,44.263,39.345
60.024,114.850,45.242,40.215
58.847,115.691,45.242,40.215
59.491,116.930,44.277,39.358
58.831,115.983,45.257,40.229
59.335,116.824,45.257,40.229
58.494,116.319,45.257,40.229
57.990,116.487,45.257,40.229
58.634,118.375,44.292,39.371
58.631,117.685,43.347,38.531
58.792,118.812,43.347,38.531
58.145,117.216,44.306,39.384
59.298,118.039,44.306,39.384
59.294,116.713,43.362,38.544
58.811,117.842,43.362,38.544
58.972,118.647,43.362,38.544
59.133,118.808,43.362,38.544
59.294,118.970,43.362,38.544
59.133,119.131,43.362,38.544
58.508,117.522,42.437,37.722
59.612,116.418,42.437,37.722
59.770,116.892,42.437,37.722
59.927,117.996,42.437,37.722
59.139,118.784,42.437,37.722
59.612,118.942,42.437,37.722
59.633,116.397,43.376,38.556
59.150,117.203,43.376,38.556
58.989,118.010,43.376,38.556
59.150,117.848,43.376,38.556
58.344,118.654,43.376,38.556
59.150,118.816,43.376,38.556
59.457,118.761,42.451,37.734
60.877,118.603,42.451,37.734
59.457,117.183,42.451,37.734
60.561,117.972,42.451,37.734
61.035,119.076,42.451,37.734
61.508,119.549,42.451,37.734
61.981,118.445,42.451,37.734
61.508,118.918,42.451,37.734
61.981,119.707,42.451,37.734
62.139,118.918,42.451,37.734
62.928,119.707,42.451,37.734
63.401,119.865,42.451,37.734
63.244,119.707,42.451,37.734
64.348,120.181,42.451,37.734
64.821,118.129,42.451,37.734
64.979,119.865,42.451,37.734
64.821,120.654,42.451,37.734
65.610,119.234,42.451,37.734
67.030,117.498,42.451,37.734
67.188,117.972,42.451,37.734
67.346,117.498,42.451,37.734
68.450,118.287,42.451,37.734
68.608,119.392,42.451,37.734
69.712,119.234,42.451,37.734
69.555,116.867,42.451,37.734
70.659,117.656,42.451,37.734
71.132,118.761,42.451,37.734
70.975,120.181,42.451,37.734
71.448,120.969,42.451,37.734
72.965,122.436,41.546,36.929
73.557,120.598,40.660,36.142
74.312,121.655,40.660,36.142
75.474,122.769,39.793,35.371
76.326,120.723,38.944,34.617
77.160,122.069,38.113,33.879
79.002,120.227,38.113,33.879
78.577,121.219,38.113,33.879
77.868,119.094,38.113,33.879
79.143,120.085,38.113,33.879
79.568,121.077,38.113,33.879
80.657,119.936,37.301,33.156
80.796,120.907,37.301,33.156
81.766,121.877,37.301,33.156
81.905,122.848,37.301,33.156
83.153,123.818,37.301,33.156
83.569,122.293,37.301,33.156
83.707,123.264,37.301,33.156
84.678,123.679,37.301,33.156
86.011,121.494,36.505,32.449
86.689,122.173,36.505,32.449
87.096,123.394,36.505,32.449
87.503,120.816,36.505,32.449
87.910,122.037,36.505,32.449
89.131,122.715,36.505,32.449
90.352,123.665,36.505,32.449
89.945,121.630,36.505,32.449
91.438,122.037,36.505,32.449
91.573,123.529,36.505,32.449
92.523,120.951,36.505,32.449
93.202,122.173,36.505,32.449
94.151,120.137,36.505,32.449
95.101,118.374,36.505,32.449
95.780,119.323,36.505,32.449
95.644,120.002,36.505,32.449
96.594,120.951,36.505,32.449
97.001,121.901,36.505,32.449
98.222,122.308,36.505,32.449
99.171,122.987,36.505,32.449
99.850,122.308,36.505,32.449
99.986,123.258,36.505,32.449
100.121,124.208,36.505,32.449
101.342,122.444,36.505,32.449
100.235,122.789,37.313,33.167
101.301,123.811,36.517,32.460
100.894,121.232,36.517,32.460
101.844,122.996,36.517,32.460
102.794,124.218,36.517,32.460
102.929,125.168,36.517,32.460
102.522,123.132,36.517,32.460
102.929,124.082,36.517,32.460
103.065,124.761,36.517,32.460
103.201,123.268,36.517,32.460
103.608,124.218,36.517,32.460
102.658,122.453,36.517,32.460
103.065,119.875,36.517,32.460
103.744,120.825,36.517,32.460
103.337,121.503,36.517,32.460
102.387,119.739,36.517,32.460
102.522,120.146,36.517,32.460
102.929,118.925,36.517,32.460
102.948,119.833,37.325,33.178
101.977,120.804,37.325,33.178
101.838,121.220,37.325,33.178
101.699,122.469,37.325,33.178
101.283,120.665,37.325,33.178
101.014,120.730,38.151,33.912
100.589,122.006,38.151,33.912
100.608,127.663,38.995,34.662
100.173,124.909,38.995,34.662
99.739,125.923,38.995,34.662
99.014,123.460,38.995,34.662
97.710,118.967,38.995,34.662
98.724,117.952,38.995,34.662
97.710,119.257,38.995,34.662
98.144,119.691,38.995,34.662
97.862,119.921,38.163,33.923
98.287,120.347,38.163,33.923
97.578,118.219,38.163,33.923
98.003,118.361,38.163,33.923
97.578,117.368,38.163,33.923
97.720,118.361,38.163,33.923
98.145,119.070,38.163,33.923
97.436,117.510,38.163,33.923
97.578,118.219,38.163,33.923
97.436,118.361,38.163,33.923
97.011,118.786,38.163,33.923
96.585,118.645,38.163,33.923
97.402,118.049,37.350,33.200
97.263,118.188,37.350,33.200
97.125,119.160,37.350,33.200
96.430,120.132,37.350,33.200
96.292,119.160,37.350,33.200
96.599,119.225,38.176,33.934
96.457,116.813,38.176,33.934
96.315,118.090,38.176,33.934
95.889,119.083,38.176,33.934
95.614,119.149,39.021,34.685
95.759,119.584,39.021,34.685
95.614,120.019,39.021,34.685
95.179,121.034,39.021,34.685
95.324,121.179,39.021,34.685
94.309,118.714,39.021,34.685
95.034,119.439,39.021,34.685
94.452,119.808,39.884,35.452
95.193,118.770,39.884,35.452
93.983,119.454,40.766,36.237
94.271,120.279,39.897,35.464
95.126,120.514,39.046,34.708
94.980,120.659,39.046,34.708
94.545,120.804,39.046,34.708
95.561,120.949,39.046,34.708
95.416,121.385,39.046,34.708
95.271,118.627,39.046,34.708
95.126,119.353,39.046,34.708
95.561,119.788,39.046,34.708
95.996,119.934,39.046,34.708
95.271,118.047,39.046,34.708
95.416,119.063,39.046,34.708
95.851,119.208,39.046,34.708
96.128,119.998,38.214,33.968
96.270,119.856,38.214,33.968
96.980,120.282,38.214,33.968
96.554,118.435,38.214,33.968
97.264,119.146,38.214,33.968
96.838,119.856,38.214,33.968
98.116,120.282,38.214,33.968
97.251,120.053,39.059,34.719
96.816,119.618,39.059,34.719
97.832,118.311,39.059,34.719
98.558,116.424,39.059,34.719
98.122,117.150,39.059,34.719
98.267,117.585,39.059,34.719
98.413,118.021,39.059,34.719
98.558,119.037,39.059,34.719
99.574,119.473,39.059,34.719
100.009,119.037,39.059,34.719
99.864,119.473,39.059,34.719
99.884,118.335,39.923,35.487
100.626,118.781,39.923,35.487
100.478,118.335,39.923,35.487
100.626,118.187,39.923,35.487
100.478,118.632,39.923,35.487
101.046,118.868,39.072,34.731
100.611,118.722,39.072,34.731
101.918,117.706,39.072,34.731
101.636,117.774,39.936,35.499
101.784,118.219,39.936,35.499
101.339,119.258,39.936,35.499
100.894,116.438,39.936,35.499
101.636,117.477,39.936,35.499
100.894,118.813,39.936,35.499
101.933,119.555,39.936,35.499
101.643,120.076,39.085,34.742
102.079,119.931,39.085,34.742
101.353,118.624,39.085,34.742
102.079,119.060,39.085,34.742
101.643,119.495,39.085,34.742
102.370,119.641,39.085,34.742
102.224,119.495,39.085,34.742
102.370,119.931,39.085,34.742
102.515,120.076,39.085,34.742
102.836,118.336,39.949,35.511
103.282,118.187,39.949,35.511
102.836,118.930,39.949,35.511
103.579,119.375,39.949,35.511
103.133,119.523,39.949,35.511
103.416,120.331,39.097,34.753
103.852,118.733,39.097,34.753
103.872,119.404,39.962,35.522
103.426,120.147,39.962,35.522
103.575,120.592,39.962,35.522
104.020,119.552,39.962,35.522
103.575,119.998,39.962,35.522
104.317,120.741,39.962,35.522
103.575,120.889,39.962,35.522
104.614,120.444,39.962,35.522
104.763,119.701,39.962,35.522
104.614,120.444,39.962,35.522
105.357,119.998,39.962,35.522
104.761,120.992,40.847,36.308
104.002,120.536,40.847,36.308
105.064,120.688,40.847,36.308
104.913,119.929,40.847,36.308
104.761,117.348,40.847,36.308
104.609,118.715,40.847,36.308
104.457,120.081,40.847,36.308
105.520,119.929,40.847,36.308
105.368,118.866,40.847,36.308
104.759,118.622,41.750,37.111
104.293,119.398,41.750,37.111
104.448,119.553,41.750,37.111
103.983,119.709,41.750,37.111
104.448,119.864,41.750,37.111
104.293,120.329,41.750,37.111
103.990,120.276,40.860,36.320
103.839,119.517,40.860,36.320
103.687,119.973,40.860,36.320
103.231,119.517,40.860,36.320
103.383,119.669,40.860,36.320
102.773,119.425,41.764,37.124
101.687,116.786,41.764,37.124
101.532,118.183,41.764,37.124
102.618,118.959,41.764,37.124
102.153,119.425,41.764,37.124
101.551,119.671,40.873,36.332
102.614,119.823,40.873,36.332
101.551,119.975,40.873,36.332
103.222,119.519,40.873,36.332
102.462,119.671,40.873,36.332
102.614,119.519,40.873,36.332
101.551,119.671,40.873,36.332
102.918,119.823,40.873,36.332
101.047,118.633,41.778,37.136
101.202,118.477,41.778,37.136
101.224,118.872,42.702,37.957
101.382,118.713,42.702,37.957
100.589,118.872,42.702,37.957
100.430,117.761,42.702,37.957
100.589,117.920,42.702,37.957
100.747,118.713,42.702,37.957
100.906,118.237,42.702,37.957
100.430,118.713,42.702,37.957
99.954,117.920,42.702,37.957
100.430,118.713,42.702,37.957
99.793,117.800,43.647,38.797
100.604,118.611,43.647,38.797
99.469,116.177,43.647,38.797
100.164,116.926,44.613,39.656
99.666,117.424,44.613,39.656
100.164,117.921,44.613,39.656
99.998,118.087,44.613,39.656
99.677,118.164,45.600,40.533
98.829,119.012,45.600,40.533
99.677,119.520,45.600,40.533
99.168,120.368,45.600,40.533
100.015,120.537,45.600,40.533
99.846,121.045,45.600,40.533
99.338,118.503,45.600,40.533
98.829,119.690,45.600,40.533
99.338,120.537,45.600,40.533
98.490,120.707,45.600,40.533
98.660,121.215,45.600,40.533
98.829,120.707,45.600,40.533
98.321,120.876,45.600,40.533
98.151,120.707,45.600,40.533
98.999,120.876,45.600,40.533
98.829,119.351,45.600,40.533
98.321,119.520,45.600,40.533
97.473,119.351,45.600,40.533
98.321,119.520,45.600,40.533
98.490,119.351,45.600,40.533
97.982,119.520,45.600,40.533
98.151,119.690,45.600,40.533
98.321,120.198,45.600,40.533
97.812,120.368,45.600,40.533
97.982,119.520,45.600,40.533
98.151,119.351,45.600,40.533
98.321,119.859,45.600,40.533
97.134,120.029,45.600,40.533
97.304,120.198,45.600,40.533
96.795,120.368,45.600,40.533
97.304,120.198,45.600,40.533
97.134,120.368,45.600,40.533
97.643,120.537,45.600,40.533
96.611,120.264,46.609,41.430
97.131,120.438,46.609,41.430
96.611,119.572,46.609,41.430
96.784,119.052,46.609,41.430
95.729,118.773,47.640,42.346
95.552,119.305,47.640,42.346
96.083,119.836,47.640,42.346
95.552,119.305,47.640,42.346
95.021,119.127,47.640,42.346
95.552,119.659,47.640,42.346
95.021,119.482,47.640,42.346
95.552,120.013,47.640,42.346
95.021,118.419,47.640,42.346
95.198,118.596,47.640,42.346
94.313,118.773,47.640,42.346
93.782,119.305,47.640,42.346
94.313,117.003,47.640,42.346
94.136,117.888,47.640,42.346
94.313,118.419,47.640,42.346
93.782,118.596,47.640,42.346
93.605,119.127,47.640,42.346
93.427,117.180,47.640,42.346
93.250,118.065,47.640,42.346
92.719,118.596,47.640,42.346
92.896,119.127,47.640,42.346
93.073,117.888,47.640,42.346
92.896,117.711,47.640,42.346
92.365,118.950,47.640,42.346
91.287,119.033,48.694,43.283
91.830,118.490,48.694,43.283
91.287,118.309,48.694,43.283
90.185,117.643,49.771,44.241
89.826,116.961,50.872,45.220
89.460,117.049,51.998,46.220
90.040,117.243,51.998,46.220
89.460,117.822,51.998,46.220
91.318,118.502,50.889,45.235
90.751,118.312,50.889,45.235
90.384,118.008,52.015,46.235
89.804,117.815,52.015,46.235
90.771,118.395,52.015,46.235
91.351,118.588,52.015,46.235
91.157,117.622,52.015,46.235
91.737,117.042,52.015,46.235
92.317,117.235,52.015,46.235
92.124,117.815,52.015,46.235
91.749,117.905,53.166,47.258
93.132,117.708,53.166,47.258
92.539,118.300,53.166,47.258
93.527,117.708,53.166,47.258
93.725,118.300,53.166,47.258
93.923,118.103,53.166,47.258
93.725,117.905,53.166,47.258
95.108,117.312,53.166,47.258
94.911,117.510,53.166,47.258
94.937,116.372,54.342,48.304
95.543,116.978,54.342,48.304
95.745,117.180,54.342,48.304
96.351,117.382,54.342,48.304
97.515,117.313,53.183,47.274
98.108,117.115,53.183,47.274
98.305,117.708,53.183,47.274
98.898,118.301,53.183,47.274
99.887,117.708,53.183,47.274
100.084,117.906,53.183,47.274
100.461,118.601,52.049,46.266
100.889,118.290,53.201,47.289
100.916,118.382,54.378,48.336
100.911,118.702,53.218,47.305
101.504,119.296,53.218,47.305
101.121,119.388,54.395,48.352
101.987,116.965,55.599,49.421
101.781,117.172,55.599,49.421
101.987,117.792,55.599,49.421
101.158,117.031,56.829,50.515
101.792,116.397,56.829,50.515
102.003,116.608,56.829,50.515
102.214,116.820,56.829,50.515
103.270,117.031,56.829,50.515
103.481,117.665,56.829,50.515
104.115,117.876,56.829,50.515
103.904,115.130,56.829,50.515
104.115,115.764,56.829,50.515
104.326,115.975,56.829,50.515
104.537,116.186,56.829,50.515
105.171,116.397,56.829,50.515
105.382,116.608,56.829,50.515
106.016,117.242,56.829,50.515
105.805,117.453,56.829,50.515
105.593,117.665,56.829,50.515
105.805,118.298,56.829,50.515
106.016,118.932,56.829,50.515
106.649,119.143,56.829,50.515
106.438,119.354,56.829,50.515
107.072,119.143,56.829,50.515
107.283,119.354,56.829,50.515
107.494,119.143,56.829,50.515
108.128,118.509,56.829,50.515
107.917,117.876,56.829,50.515
107.706,117.242,56.829,50.515
107.494,117.453,56.829,50.515
108.973,116.820,56.829,50.515
108.339,116.608,56.829,50.515
108.550,116.397,56.829,50.515
108.762,116.186,56.829,50.515
108.128,116.820,56.829,50.515
108.530,116.340,55.617,49.438
108.324,115.720,55.617,49.438
108.117,115.100,55.617,49.438
108.737,115.307,55.617,49.438
108.117,114.273,55.617,49.438
107.910,115.720,55.617,49.438
106.652,115.817,56.848,50.531
106.647,116.967,55.635,49.454
106.854,117.173,55.635,49.454
106.647,117.794,55.635,49.454
106.026,117.173,55.635,49.454
106.233,117.380,55.635,49.454
105.199,117.587,55.635,49.454
104.579,118.207,55.635,49.454
104.786,117.173,55.635,49.454
104.165,117.380,55.635,49.454
104.786,116.760,55.635,49.454
104.165,117.380,55.635,49.454
104.786,117.587,55.635,49.454
104.165,118.207,55.635,49.454
104.372,118.827,55.635,49.454
103.338,119.034,55.635,49.454
103.545,118.000,55.635,49.454
104.165,116.553,55.635,49.454
104.786,117.173,55.635,49.454
104.165,117.380,55.635,49.454
105.613,115.933,55.635,49.454
104.579,116.553,55.635,49.454
104.372,116.346,55.635,49.454
104.579,116.139,55.635,49.454
104.786,116.346,55.635,49.454
105.406,116.139,55.635,49.454
105.613,116.760,55.635,49.454
106.233,116.139,55.635,49.454
106.026,116.760,55.635,49.454
107.474,116.966,55.635,49.454
107.267,117.173,55.635,49.454
107.060,117.380,55.635,49.454
108.094,117.587,55.635,49.454
107.693,118.112,56.866,50.548
108.327,119.169,56.866,50.548
107.693,119.803,56.866,50.548
109.318,119.324,55.654,49.470
109.111,118.703,55.654,49.470
110.146,116.841,55.654,49.470
110.766,116.635,55.654,49.470
109.077,113.297,56.885,50.564
108.866,112.240,56.885,50.564
109.923,112.875,56.885,50.564
109.289,113.509,56.885,50.564
109.500,113.297,56.885,50.564
109.712,113.086,56.885,50.564
109.302,113.185,58.144,51.683
109.950,113.401,58.144,51.683
109.302,113.617,58.144,51.683
108.883,113.718,59.430,52.827
109.104,114.380,59.430,52.827
110.208,113.718,59.430,52.827
109.987,114.380,59.430,52.827
109.766,115.927,59.430,52.827
109.104,116.147,59.430,52.827
109.324,115.927,59.430,52.827
109.545,115.264,59.430,52.827
109.324,115.043,59.430,52.827
109.745,114.968,58.163,51.700
109.961,115.184,58.163,51.700
109.745,115.400,58.163,51.700
109.529,113.454,58.163,51.700
108.881,113.671,58.163,51.700
109.097,113.887,58.163,51.700
108.881,114.535,58.163,51.700
108.232,113.022,58.163,51.700
108.448,112.806,58.163,51.700
107.367,112.157,58.163,51.700
107.151,112.806,58.163,51.700
106.503,113.454,58.163,51.700
105.422,114.103,58.163,51.700
105.206,114.319,58.163,51.700
104.990,115.832,58.163,51.700
104.773,116.481,58.163,51.700
103.457,116.133,59.450,52.844
103.236,116.354,59.450,52.844
103.231,115.853,58.182,51.717
103.447,116.069,58.182,51.717
103.231,116.285,58.182,51.717
103.015,116.069,58.182,51.717
103.010,115.995,56.941,50.614
103.222,115.784,56.941,50.614
102.587,115.995,56.941,50.614
102.375,116.207,56.941,50.614
101.740,115.149,56.941,50.614
101.952,115.784,56.941,50.614
102.587,117.265,56.941,50.614
102.174,118.417,55.727,49.535
102.381,118.624,55.727,49.535
102.174,119.245,55.727,49.535
101.967,119.038,55.727,49.535
103.002,119.245,55.727,49.535
102.795,118.209,55.727,49.535
103.002,118.831,55.727,49.535
102.795,115.724,55.727,49.535
102.588,116.760,55.727,49.535
101.967,116.967,55.727,49.535
102.588,118.417,55.727,49.535
102.381,118.624,55.727,49.535
102.174,119.245,55.727,49.535
101.967,119.038,55.727,49.535
102.588,120.074,55.727,49.535
102.795,120.281,55.727,49.535
103.002,119.245,55.727,49.535
103.210,118.624,55.727,49.535
102.588,118.831,55.727,49.535
102.795,118.624,55.727,49.535
103.002,118.417,55.727,49.535
103.210,117.795,55.727,49.535
102.588,118.831,55.727,49.535
102.795,119.038,55.727,49.535
103.002,118.831,55.727,49.535
103.210,118.624,55.727,49.535
102.174,118.417,55.727,49.535
101.967,118.624,55.727,49.535
102.588,119.659,55.727,49.535
102.381,120.281,55.727,49.535
102.174,119.659,55.727,49.535
101.967,119.866,55.727,49.535
102.588,120.074,55.727,49.535
102.381,120.695,55.727,49.535
102.174,120.488,55.727,49.535
101.967,120.281,55.727,49.535
102.588,119.659,55.727,49.535
101.967,119.452,55.727,49.535
102.588,118.417,55.727,49.535
102.381,118.624,55.727,49.535
101.760,119.245,55.727,49.535
102.381,119.038,55.727,49.535
101.760,119.659,55.727,49.535
102.154,119.988,54.538,48.479
101.952,118.974,54.538,48.479
101.749,119.177,54.538,48.479
101.546,119.785,54.538,48.479
101.749,119.177,54.538,48.479
101.141,119.380,54.538,48.479
101.343,119.582,54.538,48.479
101.546,119.785,54.538,48.479
101.749,119.582,54.538,48.479
100.735,119.785,54.538,48.479
100.533,119.582,54.538,48.479
100.735,120.191,54.538,48.479
99.722,118.772,54.538,48.479
100.330,118.974,54.538,48.479
99.722,119.177,54.538,48.479
99.925,119.785,54.538,48.479
99.920,120.107,53.375,47.445
99.325,119.908,53.375,47.445
99.523,118.916,53.375,47.445
99.722,119.115,53.375,47.445
99.523,119.313,53.375,47.445
99.325,119.512,53.375,47.445
99.126,119.710,53.375,47.445
98.928,119.908,53.375,47.445
98.730,118.123,53.375,47.445
99.722,118.718,53.375,47.445
99.523,118.916,53.375,47.445
99.325,117.924,53.375,47.445
99.523,118.520,53.375,47.445
99.722,118.718,53.375,47.445
99.920,118.916,53.375,47.445
99.325,119.115,53.375,47.445
99.523,119.710,53.375,47.445
100.284,120.407,52.237,46.433
99.907,119.289,53.393,47.460
100.106,118.694,53.393,47.460
100.304,118.892,53.393,47.460
100.502,118.297,53.393,47.460
100.701,118.892,53.393,47.460
101.296,119.091,53.393,47.460
101.098,119.289,53.393,47.460
101.296,119.487,53.393,47.460
101.495,119.686,53.393,47.460
102.090,120.281,53.393,47.460
101.891,119.686,53.393,47.460
102.487,119.884,53.393,47.460
102.514,116.271,54.574,48.510
102.717,116.880,54.574,48.510
103.103,117.201,53.410,47.476
103.130,117.294,54.592,48.526
103.333,117.903,54.592,48.526
104.111,116.660,53.428,47.491
104.706,116.859,53.428,47.491
104.905,117.454,53.428,47.491
105.103,117.256,53.428,47.491
106.096,117.057,53.428,47.491
106.295,117.653,53.428,47.491
106.096,118.249,53.428,47.491
107.623,118.946,52.288,46.479
107.817,119.141,52.288,46.479
108.400,119.335,52.288,46.479
108.206,118.752,52.288,46.479
109.178,118.946,52.288,46.479
109.761,119.141,52.288,46.479
109.566,118.946,52.288,46.479
108.983,117.197,52.288,46.479
109.955,118.169,52.288,46.479
110.149,118.752,52.288,46.479
110.344,118.558,52.288,46.479
110.927,118.363,52.288,46.479
110.732,118.946,52.288,46.479
110.538,119.141,52.288,46.479
110.344,119.724,52.288,46.479
111.315,119.918,52.288,46.479
111.510,120.112,52.288,46.479
110.927,120.307,52.288,46.479
111.121,119.724,52.288,46.479
111.704,119.918,52.288,46.479
111.510,120.112,52.288,46.479
111.315,120.307,52.288,46.479
112.287,119.724,52.288,46.479
112.093,119.918,52.288,46.479
111.510,119.724,52.288,46.479
110.927,119.918,52.288,46.479
111.510,120.890,52.288,46.479
110.927,120.695,52.288,46.479
111.510,120.501,52.288,46.479
110.927,119.918,52.288,46.479
111.510,120.112,52.288,46.479
111.315,119.918,52.288,46.479
111.510,120.112,52.288,46.479
110.327,119.397,53.445,47.507
110.128,119.595,53.445,47.507
110.724,119.397,53.445,47.507
110.128,118.801,53.445,47.507
110.327,119.397,53.445,47.507
109.731,118.801,53.445,47.507
109.929,118.999,53.445,47.507
109.731,119.198,53.445,47.507
109.929,119.397,53.445,47.507
109.731,119.198,53.445,47.507
109.532,119.794,53.445,47.507
109.333,119.595,53.445,47.507
109.135,118.205,53.445,47.507
109.333,118.403,53.445,47.507
108.737,117.410,53.445,47.507
108.936,117.609,53.445,47.507
108.737,117.410,53.445,47.507
108.539,117.212,53.445,47.507
107.943,117.013,53.445,47.507
108.141,117.212,53.445,47.507
107.943,117.410,53.445,47.507
107.744,115.225,53.445,47.507
107.546,116.218,53.445,47.507
107.347,116.417,53.445,47.507
107.148,115.821,53.445,47.507
107.347,116.020,53.445,47.507
106.751,116.218,53.445,47.507
106.552,116.417,53.445,47.507
105.956,116.218,53.445,47.507
106.155,116.020,53.445,47.507
106.354,115.821,53.445,47.507
105.758,115.622,53.445,47.507
105.559,115.026,53.445,47.507
105.361,114.828,53.445,47.507
104.765,114.629,53.445,47.507
104.963,114.033,53.445,47.507
105.559,113.835,53.445,47.507
104.963,113.636,53.445,47.507
105.162,113.437,53.445,47.507
105.361,113.239,53.445,47.507
104.367,113.040,53.445,47.507
104.169,113.636,53.445,47.507
103.970,113.040,53.445,47.507
104.169,113.636,53.445,47.507
104.367,114.232,53.445,47.507
103.374,114.431,53.445,47.507
103.573,114.629,53.445,47.507
103.771,113.636,53.445,47.507
103.970,113.437,53.445,47.507
103.771,113.636,53.445,47.507
103.386,112.492,54.628,48.558
103.183,112.289,54.628,48.558
102.980,111.274,54.628,48.558
102.371,110.665,54.628,48.558
102.574,111.274,54.628,48.558
102.777,110.665,54.628,48.558
101.762,111.274,54.628,48.558
101.559,111.477,54.628,48.558
101.762,110.868,54.628,48.558
101.153,111.071,54.628,48.558
100.950,111.274,54.628,48.558
100.747,111.477,54.628,48.558
99.732,111.274,54.628,48.558
99.529,111.477,54.628,48.558
99.732,112.086,54.628,48.558
99.123,112.695,54.628,48.558
98.513,113.304,54.628,48.558
98.717,113.507,54.628,48.558
98.107,114.116,54.628,48.558
97.904,114.726,54.628,48.558
97.701,115.335,54.628,48.558
96.686,115.944,54.628,48.558
96.483,116.553,54.628,48.558
96.686,116.756,54.628,48.558
95.671,116.959,54.628,48.558
96.280,117.162,54.628,48.558
95.265,117.771,54.628,48.558
95.062,117.974,54.628,48.558
94.453,118.583,54.628,48.558
94.250,118.786,54.628,48.558
94.047,118.583,54.628,48.558
93.438,119.192,54.628,48.558
92.829,118.989,54.628,48.558
92.219,118.380,54.628,48.558
92.016,118.583,54.628,48.558
91.813,119.192,54.628,48.558
92.200,119.514,53.463,47.523
90.990,118.783,54.646,48.574
91.377,119.105,53.480,47.538
90.781,118.508,53.480,47.538
90.980,118.310,53.480,47.538
89.769,116.340,54.664,48.590
89.566,115.731,54.664,48.590
89.363,114.715,54.664,48.590
89.566,114.918,54.664,48.590
89.363,114.308,54.664,48.590
88.754,114.105,54.664,48.590
87.738,114.308,54.664,48.590
87.941,114.512,54.664,48.590
87.738,114.715,54.664,48.590
88.516,114.254,53.498,47.554
87.920,114.055,53.498,47.554
88.119,114.254,53.498,47.554
87.321,113.521,54.682,48.606
87.117,113.725,54.682,48.606
86.508,113.928,54.682,48.606
86.711,114.131,54.682,48.606
86.101,113.928,54.682,48.606
86.304,112.912,54.682,48.606
86.101,113.115,54.682,48.606
85.491,113.318,54.682,48.606
85.695,113.928,54.682,48.606
85.085,113.725,54.682,48.606
86.256,114.047,53.515,47.569
85.261,114.246,53.515,47.569
85.062,114.047,53.515,47.569
85.261,114.246,53.515,47.569
84.463,113.101,54.699,48.622
84.260,112.897,54.699,48.622
84.255,113.220,53.533,47.585
84.056,113.021,53.533,47.585
84.255,113.220,53.533,47.585
84.634,113.535,52.391,46.570
84.829,113.341,52.391,46.570
84.245,112.757,52.391,46.570
84.439,112.172,52.391,46.570
84.245,112.757,52.391,46.570
84.050,113.341,52.391,46.570
83.672,113.028,53.551,47.601
83.075,113.227,53.551,47.601
83.672,112.630,53.551,47.601
83.075,112.829,53.551,47.601
83.274,113.426,53.551,47.601
83.075,113.625,53.551,47.601
83.672,113.426,53.551,47.601
83.473,113.227,53.551,47.601
82.876,112.630,53.551,47.601
83.075,113.227,53.551,47.601
83.274,113.426,53.551,47.601
82.677,113.625,53.551,47.601
82.876,113.824,53.551,47.601
83.473,114.421,53.551,47.601
83.274,114.620,53.551,47.601
83.075,115.217,53.551,47.601
84.222,117.067,52.409,46.585
84.027,117.652,52.409,46.585
84.611,117.846,52.409,46.585
85.196,116.483,52.409,46.585
85.001,116.678,52.409,46.585
84.806,117.262,52.409,46.585
84.611,117.457,52.409,46.585
85.585,117.652,52.409,46.585
85.001,117.846,52.409,46.585
84.806,117.652,52.409,46.585
84.428,117.338,53.568,47.616
84.627,117.537,53.568,47.616
84.428,117.338,53.568,47.616
84.229,117.139,53.568,47.616
83.632,117.338,53.568,47.616
83.831,116.343,53.568,47.616
84.030,116.144,53.568,47.616
83.831,116.741,53.568,47.616
83.632,116.940,53.568,47.616
83.433,117.139,53.568,47.616
82.836,117.338,53.568,47.616
83.035,117.139,53.568,47.616
82.836,117.338,53.568,47.616
83.035,117.537,53.568,47.616
83.234,117.737,53.568,47.616
82.021,117.416,54.753,48.670
82.632,117.213,54.753,48.670
82.428,117.009,54.753,48.670
82.225,117.213,54.753,48.670
81.614,117.009,54.753,48.670
82.225,117.213,54.753,48.670
81.614,116.195,54.753,48.670
81.818,115.992,54.753,48.670
82.021,115.788,54.753,48.670
82.225,115.992,54.753,48.670
81.614,116.195,54.753,48.670
81.818,115.585,54.753,48.670
82.021,115.788,54.753,48.670
81.818,115.992,54.753,48.670
81.001,115.665,55.965,49.746
81.209,115.457,55.965,49.746
81.001,115.249,55.965,49.746
80.793,115.041,55.965,49.746
81.001,114.833,55.965,49.746
81.209,113.793,55.965,49.746
81.001,113.169,55.965,49.746
80.793,113.377,55.965,49.746
81.001,113.585,55.965,49.746
80.793,114.209,55.965,49.746
81.001,114.417,55.965,49.746
81.209,114.625,55.965,49.746
81.417,114.417,55.965,49.746
81.625,114.625,55.965,49.746
81.001,114.417,55.965,49.746
80.793,114.209,55.965,49.746
81.001,113.169,55.965,49.746
81.209,112.961,55.965,49.746
81.001,112.337,55.965,49.746
81.209,113.377,55.965,49.746
81.417,113.585,55.965,49.746
81.625,113.793,55.965,49.746
81.001,114.001,55.965,49.746
81.625,114.209,55.965,49.746
81.417,114.417,55.965,49.746
82.041,114.625,55.965,49.746
81.833,114.417,55.965,49.746
81.625,114.209,55.965,49.746
81.417,113.585,55.965,49.746
82.041,113.793,55.965,49.746
82.036,113.321,54.771,48.686
82.240,113.524,54.771,48.686
82.036,113.321,54.771,48.686
81.219,112.993,55.983,49.763
81.427,111.953,55.983,49.763
81.219,112.161,55.983,49.763
80.595,112.785,55.983,49.763
80.387,112.993,55.983,49.763
80.179,112.785,55.983,49.763
79.555,112.577,55.983,49.763
78.931,113.201,55.983,49.763
78.722,113.409,55.983,49.763
78.514,113.617,55.983,49.763
78.306,113.825,55.983,49.763
78.703,114.557,54.789,48.702
78.499,113.538,54.789,48.702
77.888,113.742,54.789,48.702
77.685,113.538,54.789,48.702
77.074,113.742,54.789,48.702
77.277,113.538,54.789,48.702
76.259,113.335,54.789,48.702
75.648,113.538,54.789,48.702
75.852,113.742,54.789,48.702
75.648,114.353,54.789,48.702
75.445,114.964,54.789,48.702
74.834,114.760,54.789,48.702
74.630,114.557,54.789,48.702
74.019,114.760,54.789,48.702
74.223,114.557,54.789,48.702
73.612,114.760,54.789,48.702
73.001,114.557,54.789,48.702
73.205,114.353,54.789,48.702
72.186,114.149,54.789,48.702
71.576,113.538,54.789,48.702
71.372,113.335,54.789,48.702
70.761,113.538,54.789,48.702
70.557,114.149,54.789,48.702
70.354,114.353,54.789,48.702
69.743,113.335,54.789,48.702
69.132,113.538,54.789,48.702
68.114,113.742,54.789,48.702
67.503,114.353,54.789,48.702
67.299,114.557,54.789,48.702
66.688,114.353,54.789,48.702
66.485,114.557,54.789,48.702
65.874,114.353,54.789,48.702
65.263,114.149,54.789,48.702
64.245,114.353,54.789,48.702
63.227,114.149,54.789,48.702
63.023,113.946,54.789,48.702
62.819,114.557,54.789,48.702
61.801,115.168,54.789,48.702
61.190,114.964,54.789,48.702
60.172,115.575,54.789,48.702
59.561,115.778,54.789,48.702
58.950,115.982,54.789,48.702
58.747,116.593,54.789,48.702
57.728,116.389,54.789,48.702
56.710,115.778,54.789,48.702
55.692,115.168,54.789,48.702
54.674,114.964,54.789,48.702
54.063,115.575,54.789,48.702
53.452,115.371,54.789,48.702
52.027,114.760,54.789,48.702
51.416,115.371,54.789,48.702
49.583,114.760,54.789,48.702
49.379,114.964,54.789,48.702
47.954,115.168,54.789,48.702
47.343,114.964,54.789,48.702
45.681,114.636,56.001,49.779
44.224,114.428,56.001,49.779
43.599,114.636,56.001,49.779
42.142,114.012,56.001,49.779
41.518,114.636,56.001,49.779
40.061,114.845,56.001,49.779
39.020,114.636,56.001,49.779
37.980,114.845,56.001,49.779
36.523,114.220,56.001,49.779
36.518,115.353,54.807,48.718
35.092,115.964,54.807,48.718
34.481,116.168,54.807,48.718
32.648,116.371,54.807,48.718
31.407,115.621,56.020,49.795
30.600,116.353,54.825,48.734
29.173,116.149,54.825,48.734
27.747,115.538,54.825,48.734
26.728,115.741,54.825,48.734
25.709,115.945,54.825,48.734
24.283,115.334,54.825,48.734
22.449,114.723,54.825,48.734
21.838,115.334,54.825,48.734
20.819,115.130,54.825,48.734
19.800,115.334,54.825,48.734
17.966,115.130,54.825,48.734
16.726,115.648,56.038,49.812
14.851,115.440,56.038,49.812
14.226,115.648,56.038,49.812
