139.000,112.000,51.000,36.000
139.171,114.218,51.000,36.000
139.000,115.754,51.000,36.000
139.512,116.948,51.000,36.000
139.341,118.142,51.000,36.000
139.171,119.337,51.000,36.000
139.000,119.849,51.000,36.000
139.171,120.019,51.000,36.000
139.000,120.190,51.000,36.000
139.171,120.360,51.000,36.000
139.000,120.531,51.000,36.000
139.171,120.360,51.000,36.000
137.721,119.785,52.128,36.797
137.198,119.960,52.128,36.797
137.024,119.785,52.128,36.797
136.849,119.611,52.128,36.797
136.675,119.088,52.128,36.797
136.501,118.913,52.128,36.797
136.326,118.390,52.128,36.797
136.501,117.518,52.128,36.797
135.977,116.995,52.128,36.797
136.152,116.820,52.128,36.797
136.326,116.297,52.128,36.797
136.501,115.076,52.128,36.797
136.326,114.902,52.128,36.797
136.501,114.379,52.128,36.797
136.326,113.507,52.128,36.797
136.849,112.984,52.128,36.797
137.024,112.809,52.128,36.797
137.547,112.286,52.128,36.797
138.070,111.065,52.128,36.797
138.593,110.891,52.128,36.797
138.768,110.717,52.128,36.797
139.291,110.193,52.128,36.797
139.257,109.605,53.282,37.611
139.792,109.784,53.282,37.611
140.497,109.183,54.461,38.443
143.230,108.272,54.461,38.443
146.327,107.725,54.461,38.443
146.874,106.814,54.461,38.443
151.429,106.632,54.461,38.443
152.704,106.450,54.461,38.443
158.378,107.035,53.299,37.623
159.269,107.570,53.299,37.623
163.305,107.709,54.478,38.455
163.487,108.985,54.478,38.455
167.757,110.624,53.317,37.635
167.352,110.763,54.496,38.468
168.264,110.581,54.496,38.468
173.238,110.815,53.334,37.648
173.774,108.139,53.334,37.648
177.521,106.890,53.334,37.648
177.486,105.178,54.514,38.481
179.857,103.901,54.514,38.481
179.822,101.772,55.720,39.332
180.381,101.586,55.720,39.332
180.345,98.636,56.953,40.202
181.297,98.065,56.953,40.202
181.869,97.874,56.953,40.202
184.346,97.684,56.953,40.202
184.155,97.493,56.953,40.202
184.346,97.684,56.953,40.202
184.917,98.255,56.953,40.202
186.443,99.970,55.739,39.345
187.002,100.529,55.739,39.345
186.816,100.716,55.739,39.345
186.257,101.275,55.739,39.345
186.070,101.461,55.739,39.345
186.257,102.021,55.739,39.345
186.443,101.834,55.739,39.345
186.629,101.648,55.739,39.345
186.443,102.207,55.739,39.345
186.257,102.021,55.739,39.345
186.070,102.207,55.739,39.345
185.511,102.021,55.739,39.345
184.951,101.834,55.739,39.345
184.019,101.648,55.739,39.345
183.086,101.834,55.739,39.345
182.527,101.648,55.739,39.345
181.968,101.834,55.739,39.345
180.662,101.275,55.739,39.345
179.357,101.088,55.739,39.345
178.797,100.529,55.739,39.345
177.492,100.343,55.739,39.345
176.933,100.156,55.739,39.345
174.962,99.527,56.972,40.215
174.009,99.337,56.972,40.215
173.056,99.146,56.972,40.215
172.377,98.656,55.757,39.358
171.445,98.470,55.757,39.358
170.512,98.656,55.757,39.358
169.579,99.216,55.757,39.358
169.020,99.403,55.757,39.358
168.460,99.962,55.757,39.358
168.274,100.149,55.757,39.358
167.714,100.708,55.757,39.358
167.154,102.014,55.757,39.358
167.341,102.574,55.757,39.358
167.900,103.506,55.757,39.358
167.714,103.693,55.757,39.358
167.154,103.879,55.757,39.358
167.714,102.947,55.757,39.358
167.154,102.387,55.757,39.358
166.595,102.201,55.757,39.358
166.035,101.641,55.757,39.358
164.729,101.828,55.757,39.358
163.797,101.641,55.757,39.358
162.864,102.201,55.757,39.358
162.304,102.387,55.757,39.358
162.118,102.574,55.757,39.358
161.931,102.760,55.757,39.358
161.745,103.320,55.757,39.358
161.558,103.506,55.757,39.358
161.745,104.066,55.757,39.358
161.185,103.506,55.757,39.358
160.999,103.320,55.757,39.358
160.812,102.387,55.757,39.358
160.625,101.828,55.757,39.358
160.439,100.895,55.757,39.358
160.999,100.335,55.757,39.358
160.812,99.776,55.757,39.358
160.625,99.216,55.757,39.358
160.202,97.813,56.990,40.229
160.012,95.334,56.990,40.229
159.821,94.762,56.990,40.229
160.012,92.665,56.990,40.229
159.440,91.712,56.990,40.229
159.630,90.377,56.990,40.229
159.821,89.805,56.990,40.229
160.012,88.089,56.990,40.229
159.821,87.517,56.990,40.229
160.012,86.183,56.990,40.229
159.821,85.611,56.990,40.229
160.774,84.657,56.990,40.229
161.346,83.704,56.990,40.229
160.914,81.874,58.251,41.119
160.719,81.290,58.251,41.119
160.681,79.824,59.540,42.028
160.880,79.625,59.540,42.028
160.841,78.126,60.858,42.958
161.045,77.108,60.858,42.958
160.583,75.999,62.204,43.909
160.791,75.375,62.204,43.909
160.999,75.167,62.204,43.909
161.207,74.543,62.204,43.909
161.167,73.409,63.580,44.880
160.684,72.251,64.987,45.873
160.902,72.033,64.987,45.873
161.119,71.816,64.987,45.873
160.467,71.163,64.987,45.873
160.684,71.816,64.987,45.873
160.467,71.163,64.987,45.873
160.249,70.946,64.987,45.873
160.032,69.859,64.987,45.873
160.249,68.772,64.987,45.873
160.902,68.120,64.987,45.873
161.554,68.337,64.987,45.873
161.336,68.554,64.987,45.873
161.554,68.772,64.987,45.873
161.771,68.120,64.987,45.873
161.989,68.337,64.987,45.873
162.206,68.554,64.987,45.873
161.989,68.772,64.987,45.873
162.206,68.120,64.987,45.873
162.424,67.902,64.987,45.873
162.641,67.250,64.987,45.873
162.858,67.902,64.987,45.873
163.076,67.250,64.987,45.873
162.424,67.902,64.987,45.873
162.641,67.250,64.987,45.873
162.858,67.902,64.987,45.873
162.641,69.859,64.987,45.873
162.858,70.946,64.987,45.873
162.641,71.163,64.987,45.873
162.424,71.381,64.987,45.873
162.206,71.598,64.987,45.873
161.554,73.555,64.987,45.873
161.336,74.642,64.987,45.873
161.554,74.860,64.987,45.873
161.336,75.512,64.987,45.873
161.119,76.164,64.987,45.873
160.902,77.251,64.987,45.873
161.554,78.773,64.987,45.873
161.336,79.425,64.987,45.873
161.119,81.382,64.987,45.873
161.336,82.469,64.987,45.873
161.554,83.991,64.987,45.873
161.771,84.643,64.987,45.873
161.989,85.730,64.987,45.873
162.206,86.817,64.987,45.873
161.989,88.339,64.987,45.873
162.641,90.296,64.987,45.873
162.424,91.818,64.987,45.873
162.641,92.470,64.987,45.873
162.858,93.992,64.987,45.873
163.076,94.644,64.987,45.873
162.858,94.862,64.987,45.873
163.511,95.949,64.987,45.873
163.293,96.601,64.987,45.873
163.076,97.253,64.987,45.873
162.858,98.340,64.987,45.873
163.511,99.428,64.987,45.873
163.293,100.515,64.987,45.873
163.511,102.037,64.987,45.873
163.293,103.124,64.987,45.873
163.511,104.646,64.987,45.873
163.728,105.298,64.987,45.873
164.380,106.820,64.987,45.873
164.163,107.472,64.987,45.873
165.065,109.009,63.601,44.895
165.278,109.647,63.601,44.895
165.065,110.711,63.601,44.895
165.704,111.775,63.601,44.895
164.779,112.824,65.008,45.888
164.562,113.911,65.008,45.888
164.344,115.434,65.008,45.888
163.692,117.826,65.008,45.888
163.909,118.478,65.008,45.888
164.127,121.306,65.008,45.888
163.474,122.828,65.008,45.888
164.127,123.481,65.008,45.888
163.474,125.873,65.008,45.888
164.127,126.090,65.008,45.888
163.474,127.178,65.008,45.888
164.562,127.830,65.008,45.888
163.909,128.048,65.008,45.888
164.127,129.135,65.008,45.888
163.474,129.788,65.008,45.888
163.257,130.005,65.008,45.888
163.474,130.658,65.008,45.888
163.257,130.875,65.008,45.888
163.039,131.528,65.008,45.888
163.257,132.180,65.008,45.888
163.039,131.963,65.008,45.888
162.822,131.745,65.008,45.888
164.344,131.528,65.008,45.888
163.257,132.615,65.008,45.888
163.474,131.528,65.008,45.888
163.692,131.310,65.008,45.888
163.909,130.658,65.008,45.888
163.692,129.135,65.008,45.888
163.039,127.613,65.008,45.888
162.387,125.220,65.008,45.888
162.604,123.263,65.008,45.888
162.387,121.306,65.008,45.888
162.604,119.348,65.008,45.888
162.822,117.391,65.008,45.888
162.604,114.999,65.008,45.888
162.387,113.041,65.008,45.888
162.169,111.954,65.008,45.888
162.387,110.866,65.008,45.888
162.604,109.779,65.008,45.888
163.257,109.126,65.008,45.888
163.039,108.474,65.008,45.888
162.822,108.256,65.008,45.888
163.039,108.039,65.008,45.888
162.387,107.387,65.008,45.888
161.735,106.734,65.008,45.888
161.082,105.647,65.008,45.888
159.560,104.559,65.008,45.888
158.907,103.907,65.008,45.888
158.690,103.689,65.008,45.888
159.173,102.711,63.622,44.910
158.960,101.647,63.622,44.910
159.173,100.157,63.622,44.910
159.812,99.518,63.622,44.910
160.450,98.454,63.622,44.910
160.663,96.964,63.622,44.910
160.876,95.474,63.622,44.910
161.515,95.261,63.622,44.910
161.727,94.197,63.622,44.910
162.792,93.133,63.622,44.910
162.579,92.494,63.622,44.910
163.217,92.707,63.622,44.910
163.430,91.643,63.622,44.910
163.831,90.925,65.030,45.903
164.918,91.578,65.030,45.903
165.571,91.360,65.030,45.903
165.353,91.143,65.030,45.903
166.876,91.360,65.030,45.903
167.529,91.143,65.030,45.903
167.747,90.925,65.030,45.903
167.964,90.708,65.030,45.903
168.448,90.988,63.643,44.924
167.383,91.200,63.643,44.924
168.022,90.988,63.643,44.924
168.906,91.261,62.286,43.966
168.281,91.470,62.286,43.966
168.489,91.261,62.286,43.966
168.697,90.636,62.286,43.966
169.323,91.261,62.286,43.966
168.697,91.470,62.286,43.966
168.906,91.261,62.286,43.966
167.864,91.470,62.286,43.966
167.656,92.095,62.286,43.966
168.281,91.470,62.286,43.966
166.822,91.678,62.286,43.966
167.447,92.720,62.286,43.966
167.239,93.345,62.286,43.966
166.197,93.137,62.286,43.966
166.405,92.928,62.286,43.966
166.197,93.553,62.286,43.966
166.405,93.762,62.286,43.966
166.614,93.553,62.286,43.966
166.822,93.345,62.286,43.966
167.030,93.137,62.286,43.966
166.822,92.512,62.286,43.966
167.030,92.303,62.286,43.966
166.822,91.678,62.286,43.966
167.447,91.886,62.286,43.966
167.656,91.678,62.286,43.966
167.864,91.470,62.286,43.966
167.656,91.261,62.286,43.966
167.864,91.053,62.286,43.966
167.239,90.428,62.286,43.966
167.447,91.053,62.286,43.966
167.656,90.845,62.286,43.966
167.864,91.470,62.286,43.966
167.239,90.845,62.286,43.966
167.447,91.053,62.286,43.966
168.072,90.428,62.286,43.966
168.281,90.636,62.286,43.966
168.489,90.845,62.286,43.966
169.114,90.636,62.286,43.966
169.323,90.428,62.286,43.966
169.948,90.219,62.286,43.966
170.573,89.594,62.286,43.966
171.198,89.803,62.286,43.966
171.406,89.594,62.286,43.966
171.615,89.803,62.286,43.966
172.240,89.594,62.286,43.966
172.448,89.803,62.286,43.966
172.657,90.011,62.286,43.966
173.282,90.219,62.286,43.966
173.073,90.011,62.286,43.966
173.282,90.219,62.286,43.966
173.907,90.011,62.286,43.966
174.115,90.636,62.286,43.966
174.324,90.428,62.286,43.966
174.532,90.219,62.286,43.966
174.740,90.011,62.286,43.966
174.949,90.219,62.286,43.966
174.740,90.011,62.286,43.966
174.949,90.219,62.286,43.966
174.740,90.428,62.286,43.966
174.949,90.636,62.286,43.966
174.324,90.845,62.286,43.966
174.115,91.053,62.286,43.966
173.907,90.845,62.286,43.966
173.698,91.470,62.286,43.966
173.907,91.678,62.286,43.966
173.698,92.303,62.286,43.966
173.907,92.512,62.286,43.966
173.698,92.720,62.286,43.966
173.907,92.928,62.286,43.966
173.698,93.137,62.286,43.966
174.324,92.928,62.286,43.966
174.532,93.137,62.286,43.966
174.740,92.928,62.286,43.966
175.782,93.137,62.286,43.966
175.742,92.002,63.664,44.939
175.955,91.789,63.664,44.939
176.168,91.576,63.664,44.939
176.807,91.363,63.664,44.939
176.594,91.576,63.664,44.939
176.807,91.363,63.664,44.939
177.446,91.576,63.664,44.939
177.659,91.363,63.664,44.939
177.872,91.576,63.664,44.939
178.511,91.363,63.664,44.939
178.724,91.150,63.664,44.939
178.937,90.937,63.664,44.939
179.576,90.724,63.664,44.939
179.789,90.511,63.664,44.939
180.001,90.724,63.664,44.939
181.066,90.511,63.664,44.939
181.279,91.150,63.664,44.939
181.066,90.937,63.664,44.939
182.131,90.724,63.664,44.939
182.344,90.937,63.664,44.939
182.131,91.150,63.664,44.939
183.196,91.363,63.664,44.939
182.557,91.576,63.664,44.939
182.770,91.363,63.664,44.939
182.983,92.428,63.664,44.939
182.942,91.710,65.072,45.933
183.595,91.492,65.072,45.933
182.942,92.580,65.072,45.933
184.466,92.363,65.072,45.933
183.813,92.580,65.072,45.933
184.030,92.363,65.072,45.933
183.377,92.580,65.072,45.933
182.883,91.846,66.512,46.950
182.661,92.069,66.512,46.950
184.218,91.846,66.512,46.950
183.996,92.069,66.512,46.950
183.773,92.291,66.512,46.950
183.996,92.514,66.512,46.950
183.773,92.736,66.512,46.950
183.996,92.514,66.512,46.950
184.218,92.736,66.512,46.950
184.441,92.514,66.512,46.950
184.664,92.736,66.512,46.950
185.331,92.514,66.512,46.950
185.109,93.182,66.512,46.950
184.886,93.404,66.512,46.950
184.664,93.182,66.512,46.950
185.776,92.959,66.512,46.950
185.109,93.182,66.512,46.950
184.886,93.404,66.512,46.950
184.664,93.627,66.512,46.950
185.331,92.959,66.512,46.950
185.109,92.736,66.512,46.950
184.886,92.514,66.512,46.950
184.664,93.182,66.512,46.950
185.776,92.959,66.512,46.950
185.109,93.182,66.512,46.950
184.886,93.404,66.512,46.950
184.664,93.627,66.512,46.950
186.221,92.959,66.512,46.950
185.554,93.182,66.512,46.950
185.776,92.959,66.512,46.950
185.109,92.736,66.512,46.950
185.776,92.514,66.512,46.950
185.554,92.736,66.512,46.950
186.221,92.069,66.512,46.950
185.999,92.291,66.512,46.950
185.776,92.514,66.512,46.950
185.554,92.736,66.512,46.950
186.666,92.514,66.512,46.950
186.444,92.736,66.512,46.950
187.111,92.514,66.512,46.950
186.889,93.182,66.512,46.950
187.111,92.959,66.512,46.950
188.669,93.182,66.512,46.950
188.446,93.404,66.512,46.950
188.224,93.627,66.512,46.950
187.556,93.404,66.512,46.950
187.334,93.627,66.512,46.950
186.666,92.514,66.512,46.950
186.444,92.736,66.512,46.950
185.776,92.069,66.512,46.950
184.664,91.846,66.512,46.950
183.996,91.624,66.512,46.950
182.883,91.401,66.512,46.950
182.216,91.624,66.512,46.950
181.548,91.401,66.512,46.950
180.881,91.624,66.512,46.950
180.213,91.401,66.512,46.950
179.546,91.624,66.512,46.950
179.323,91.401,66.512,46.950
178.656,92.069,66.512,46.950
178.433,92.291,66.512,46.950
178.210,92.069,66.512,46.950
177.543,91.846,66.512,46.950
177.320,92.069,66.512,46.950
177.098,91.846,66.512,46.950
176.430,91.624,66.512,46.950
176.208,91.846,66.512,46.950
175.985,91.624,66.512,46.950
175.763,91.846,66.512,46.950
175.095,92.069,66.512,46.950
175.318,92.291,66.512,46.950
175.095,92.514,66.512,46.950
175.318,92.736,66.512,46.950
175.540,92.514,66.512,46.950
175.763,92.736,66.512,46.950
175.540,92.514,66.512,46.950
176.653,93.182,66.512,46.950
176.875,93.404,66.512,46.950
177.098,93.627,66.512,46.950
177.765,93.404,66.512,46.950
177.988,93.627,66.512,46.950
178.656,93.404,66.512,46.950
180.658,93.627,66.512,46.950
180.881,93.404,66.512,46.950
181.103,93.627,66.512,46.950
181.326,93.849,66.512,46.950
181.548,93.627,66.512,46.950
183.106,93.849,66.512,46.950
182.883,94.072,66.512,46.950
183.551,94.294,66.512,46.950
185.999,94.962,66.512,46.950
185.776,94.739,66.512,46.950
186.444,94.517,66.512,46.950
188.891,94.739,66.512,46.950
188.224,94.517,66.512,46.950
190.671,95.184,66.512,46.950
191.784,94.962,66.512,46.950
191.562,94.739,66.512,46.950
194.899,94.517,66.512,46.950
194.232,94.739,66.512,46.950
197.124,94.072,66.512,46.950
196.902,94.294,66.512,46.950
198.905,94.517,66.512,46.950
198.682,94.294,66.512,46.950
201.130,94.517,66.512,46.950
199.572,94.739,66.512,46.950
203.070,95.025,65.094,45.948
201.545,95.243,65.094,45.948
200.456,95.461,65.094,45.948
200.238,95.679,65.094,45.948
199.150,95.461,65.094,45.948
198.061,95.679,65.094,45.948
196.536,95.461,65.094,45.948
195.447,95.679,65.094,45.948
193.923,94.590,65.094,45.948
192.399,93.936,65.094,45.948
190.439,93.719,65.094,45.948
188.914,93.501,65.094,45.948
187.825,93.719,65.094,45.948
186.737,93.065,65.094,45.948
185.648,92.412,65.094,45.948
184.559,92.194,65.094,45.948
183.905,91.976,65.094,45.948
183.252,91.759,65.094,45.948
182.599,91.105,65.094,45.948
181.946,90.888,65.094,45.948
181.728,90.670,65.094,45.948
181.510,90.452,65.094,45.948
181.292,90.670,65.094,45.948
181.074,90.452,65.094,45.948
180.857,91.105,65.094,45.948
180.639,90.888,65.094,45.948
180.421,90.670,65.094,45.948
179.768,90.017,65.094,45.948
179.550,89.799,65.094,45.948
178.897,88.710,65.094,45.948
178.679,87.621,65.094,45.948
178.026,86.532,65.094,45.948
177.372,85.008,65.094,45.948
177.154,83.919,65.094,45.948
176.937,82.830,65.094,45.948
177.154,81.741,65.094,45.948
176.501,81.088,65.094,45.948
176.719,81.306,65.094,45.948
176.937,81.523,65.094,45.948
177.154,81.306,65.094,45.948
176.937,81.088,65.094,45.948
176.443,79.450,66.534,46.965
176.665,79.672,66.534,46.965
176.888,78.559,66.534,46.965
176.665,77.892,66.534,46.965
176.888,77.669,66.534,46.965
176.665,77.001,66.534,46.965
176.888,76.779,66.534,46.965
176.665,76.556,66.534,46.965
176.888,75.888,66.534,46.965
176.665,76.111,66.534,46.965
176.888,76.779,66.534,46.965
176.665,76.556,66.534,46.965
176.888,77.224,66.534,46.965
176.665,79.227,66.534,46.965
176.888,80.785,66.534,46.965
176.665,81.453,66.534,46.965
176.888,83.456,66.534,46.965
176.665,84.569,66.534,46.965
176.888,84.792,66.534,46.965
176.220,86.795,66.534,46.965
175.997,87.908,66.534,46.965
175.775,89.912,66.534,46.965
175.107,91.470,66.534,46.965
174.884,94.363,66.534,46.965
174.662,95.476,66.534,46.965
174.884,97.925,66.534,46.965
174.217,98.593,66.534,46.965
173.994,99.706,66.534,46.965
173.771,101.709,66.534,46.965
173.549,103.267,66.534,46.965
173.771,106.161,66.534,46.965
172.659,108.164,66.534,46.965
172.436,111.503,66.534,46.965
172.213,114.397,66.534,46.965
171.546,116.400,66.534,46.965
171.323,119.294,66.534,46.965
170.655,120.407,66.534,46.965
169.542,123.745,66.534,46.965
168.874,123.968,66.534,46.965
167.761,125.526,66.534,46.965
166.649,126.194,66.534,46.965
165.981,127.307,66.534,46.965
164.423,127.529,66.534,46.965
163.755,126.862,66.534,46.965
162.642,126.194,66.534,46.965
162.864,125.971,66.534,46.965
161.752,124.858,66.534,46.965
160.639,124.191,66.534,46.965
160.416,123.523,66.534,46.965
159.748,122.410,66.534,46.965
158.635,122.187,66.534,46.965
158.413,121.520,66.534,46.965
158.190,119.961,66.534,46.965
158.413,119.294,66.534,46.965
158.635,118.626,66.534,46.965
159.303,118.403,66.534,46.965
160.416,120.852,66.534,46.965
160.639,120.629,66.534,46.965
160.861,119.516,66.534,46.965
159.432,116.918,68.006,48.004
157.840,113.960,68.006,48.004
155.337,111.458,68.006,48.004
152.379,110.775,68.006,48.004
148.967,110.093,68.006,48.004
147.829,110.775,68.006,48.004
147.146,111.458,68.006,48.004
147.374,113.505,68.006,48.004
148.512,114.188,68.006,48.004
149.194,115.326,68.006,48.004
152.607,116.463,68.006,48.004
152.091,116.168,69.510,49.066
151.563,115.384,71.048,50.152
152.276,114.671,71.048,50.152
152.038,112.532,71.048,50.152
150.850,109.917,71.048,50.152
150.612,108.253,71.048,50.152
149.899,106.589,71.048,50.152
149.186,104.450,71.048,50.152
147.047,103.737,71.048,50.152
146.334,103.499,71.048,50.152
145.620,102.786,71.048,50.152
144.907,102.073,71.048,50.152
144.670,101.835,71.048,50.152
143.957,102.073,71.048,50.152
143.719,102.311,71.048,50.152
143.006,102.073,71.048,50.152
141.817,100.885,71.048,50.152
141.580,99.221,71.048,50.152
140.867,98.032,71.048,50.152
140.153,96.368,71.048,50.152
139.440,96.131,71.048,50.152
139.203,95.893,71.048,50.152
139.916,95.180,71.048,50.152
141.104,95.893,71.048,50.152
140.867,96.606,71.048,50.152
140.327,96.298,72.620,51.261
139.598,96.541,72.620,51.261
139.841,95.812,72.620,51.261
139.598,95.083,72.620,51.261
138.384,93.383,72.620,51.261
137.169,92.168,72.620,51.261
136.440,90.953,72.620,51.261
135.711,89.738,72.620,51.261
135.468,89.981,72.620,51.261
135.711,90.224,72.620,51.261
136.440,91.925,72.620,51.261
136.683,94.111,72.620,51.261
136.926,96.298,72.620,51.261
137.169,97.513,72.620,51.261
137.412,97.756,72.620,51.261
137.169,97.999,72.620,51.261
137.898,97.270,72.620,51.261
136.683,97.513,72.620,51.261
135.954,96.784,72.620,51.261
135.225,95.569,72.620,51.261
134.010,94.840,72.620,51.261
133.767,94.597,72.620,51.261
134.010,94.840,72.620,51.261
134.739,95.569,72.620,51.261
136.440,96.298,72.620,51.261
139.112,97.027,72.620,51.261
142.271,97.756,72.620,51.261
142.028,98.970,72.620,51.261
142.757,99.213,72.620,51.261
141.542,99.456,72.620,51.261
140.327,99.213,72.620,51.261
139.112,97.999,72.620,51.261
137.898,97.270,72.620,51.261
135.225,97.027,72.620,51.261
131.095,97.756,72.620,51.261
130.366,100.428,72.620,51.261
128.179,102.615,72.620,51.261
128.422,103.830,72.620,51.261
128.665,105.044,72.620,51.261
129.394,104.801,72.620,51.261
129.637,105.530,72.620,51.261
129.394,105.773,72.620,51.261
128.665,106.016,72.620,51.261
127.937,105.287,72.620,51.261
129.151,104.558,72.620,51.261
131.824,103.830,72.620,51.261
133.039,103.587,72.620,51.261
134.739,103.344,72.620,51.261
135.954,103.101,72.620,51.261
138.626,102.858,72.620,51.261
140.327,103.101,72.620,51.261
142.514,102.372,72.620,51.261
143.729,102.129,72.620,51.261
143.486,101.886,72.620,51.261
141.299,101.157,72.620,51.261
136.683,101.400,72.620,51.261
134.619,100.581,74.227,52.396
131.391,103.312,74.227,52.396
130.149,105.547,74.227,52.396
129.901,107.286,74.227,52.396
130.149,108.031,74.227,52.396
129.901,108.776,74.227,52.396
128.659,110.514,74.227,52.396
127.914,110.762,74.227,52.396
125.183,111.507,74.227,52.396
123.941,111.756,74.227,52.396
123.196,112.501,74.227,52.396
123.444,112.252,74.227,52.396
123.693,111.507,74.227,52.396
124.438,110.762,74.227,52.396
124.686,110.017,74.227,52.396
124.438,108.279,74.227,52.396
123.196,106.541,74.227,52.396
120.464,104.802,74.227,52.396
117.733,101.574,74.227,52.396
113.015,100.333,74.227,52.396
106.806,98.594,74.227,52.396
103.081,97.353,74.227,52.396
96.873,96.111,74.227,52.396
95.632,94.869,74.227,52.396
93.397,93.628,74.227,52.396
93.148,93.379,74.227,52.396
93.397,92.634,74.227,52.396
93.645,92.386,74.227,52.396
93.397,92.138,74.227,52.396
92.652,91.889,74.227,52.396
91.907,91.641,74.227,52.396
90.168,91.889,74.227,52.396
90.417,91.641,74.227,52.396
91.162,91.393,74.227,52.396
91.410,91.144,74.227,52.396
91.658,91.393,74.227,52.396
91.907,91.641,74.227,52.396
91.658,92.386,74.227,52.396
91.410,92.138,74.227,52.396
90.168,91.889,74.227,52.396
85.947,91.641,74.227,52.396
82.222,91.889,74.227,52.396
77.504,91.144,74.227,52.396
72.289,90.896,74.227,52.396
69.557,90.151,74.227,52.396
68.315,89.903,74.227,52.396
69.060,90.151,74.227,52.396
74.772,91.889,74.227,52.396
82.470,93.628,74.227,52.396
90.151,96.397,75.869,53.555
96.422,96.595,77.548,54.740
99.795,99.449,77.548,54.740
99.535,99.708,77.548,54.740
97.200,99.449,77.548,54.740
92.790,99.708,77.548,54.740
91.493,98.411,77.548,54.740
90.196,97.633,77.548,54.740
90.455,96.854,77.548,54.740
91.233,97.114,77.548,54.740
92.798,97.854,79.264,55.951
98.367,98.650,79.264,55.951
99.162,98.915,79.264,55.951
102.610,99.710,79.264,55.951
105.527,99.445,79.264,55.951
110.035,99.710,79.264,55.951
112.952,99.976,79.264,55.951
119.581,101.301,79.264,55.951
125.150,102.627,79.264,55.951
126.476,102.892,79.264,55.951
128.332,102.627,79.264,55.951
128.597,102.362,79.264,55.951
128.862,102.627,79.264,55.951
129.128,102.362,79.264,55.951
130.453,102.097,79.264,55.951
137.613,100.771,79.264,55.951
144.773,99.976,79.264,55.951
152.994,99.180,79.264,55.951
158.995,98.286,81.017,57.189
160.892,99.099,81.017,57.189
167.126,99.912,81.017,57.189
169.024,101.267,81.017,57.189
174.033,102.041,82.810,58.454
176.278,101.682,84.642,59.747
179.749,101.902,86.515,61.069
184.091,103.349,86.515,61.069
188.238,103.574,88.429,62.420
190.901,104.462,88.429,62.420
195.930,104.758,88.429,62.420
200.368,104.462,88.429,62.420
203.031,104.166,88.429,62.420
208.652,103.870,88.429,62.420
210.722,103.575,88.429,62.420
213.977,102.687,88.429,62.420
214.533,102.303,90.385,63.801
217.859,102.001,90.385,63.801
218.767,102.303,90.385,63.801
219.674,102.606,90.385,63.801
219.976,102.303,90.385,63.801
220.279,102.606,90.385,63.801
220.581,101.699,90.385,63.801
219.674,102.001,90.385,63.801
219.976,101.699,90.385,63.801
220.279,101.396,90.385,63.801
221.186,101.699,90.385,63.801
219.674,102.001,90.385,63.801
218.162,102.908,90.385,63.801
216.045,102.606,90.385,63.801
212.114,101.699,90.385,63.801
206.369,100.791,90.385,63.801
203.042,99.884,90.385,63.801
201.531,98.977,90.385,63.801
200.019,98.675,90.385,63.801
199.716,98.977,90.385,63.801
199.414,100.489,90.385,63.801
197.297,102.606,90.385,63.801
195.180,102.303,90.385,63.801
190.040,102.001,90.385,63.801
184.294,101.094,90.385,63.801
178.549,100.187,90.385,63.801
169.780,98.675,90.385,63.801
166.454,97.163,90.385,63.801
162.523,96.256,90.385,63.801
159.196,95.953,90.385,63.801
156.475,95.651,90.385,63.801
150.729,95.348,90.385,63.801
147.403,95.651,90.385,63.801
141.658,95.348,90.385,63.801
138.936,95.651,90.385,63.801
136.820,95.348,90.385,63.801
133.493,95.046,90.385,63.801
130.167,94.744,90.385,63.801
127.446,95.046,90.385,63.801
124.119,95.348,90.385,63.801
122.003,95.651,90.385,63.801
120.491,95.953,90.385,63.801
118.374,96.860,90.385,63.801
116.257,98.372,90.385,63.801
115.350,99.884,90.385,63.801
112.629,100.791,90.385,63.801
111.117,101.699,90.385,63.801
109.605,102.001,90.385,63.801
107.488,101.699,90.385,63.801
105.371,100.791,90.385,63.801
103.255,99.884,90.385,63.801
101.743,99.582,90.385,63.801
99.021,100.489,90.385,63.801
98.114,100.791,90.385,63.801
97.812,99.884,90.385,63.801
98.114,98.372,90.385,63.801
98.416,97.465,90.385,63.801
98.719,97.163,90.385,63.801
99.021,97.465,90.385,63.801
99.928,99.582,90.385,63.801
100.836,105.932,90.385,63.801
100.533,107.444,90.385,63.801
99.626,112.585,90.385,63.801
99.324,113.492,90.385,63.801
98.416,113.794,90.385,63.801
97.509,112.887,90.385,63.801
95.568,108.103,92.385,65.213
96.495,101.612,92.385,65.213
97.423,95.121,92.385,65.213
98.350,90.485,92.385,65.213
98.659,84.613,92.385,65.213
98.968,82.449,92.385,65.213
99.895,80.286,92.385,65.213
102.059,80.595,92.385,65.213
106.077,81.522,92.385,65.213
108.240,85.540,92.385,65.213
109.786,92.031,92.385,65.213
110.095,99.758,92.385,65.213
108.550,105.630,92.385,65.213
108.240,107.794,92.385,65.213
105.615,108.034,94.429,66.656
104.667,108.350,94.429,66.656
104.351,106.771,94.429,66.656
104.035,103.927,94.429,66.656
103.720,101.084,94.429,66.656
101.692,97.397,96.518,68.131
102.015,91.262,96.518,68.131
102.337,86.418,96.518,68.131
102.660,82.220,96.518,68.131
102.983,78.668,96.518,68.131
103.306,77.700,96.518,68.131
104.275,78.022,96.518,68.131
106.535,80.929,96.518,68.131
110.087,89.001,96.518,68.131
112.348,93.845,96.518,68.131
113.625,96.106,98.654,69.638
115.935,97.757,98.654,69.638
116.265,96.766,98.654,69.638
117.255,94.456,98.654,69.638
117.586,90.165,98.654,69.638
118.576,87.855,98.654,69.638
118.906,83.564,98.654,69.638
118.576,80.594,98.654,69.638
117.586,78.944,98.654,69.638
116.595,77.954,98.654,69.638
116.265,76.303,98.654,69.638
115.935,74.653,98.654,69.638
115.605,73.003,98.654,69.638
115.935,70.032,98.654,69.638
115.605,68.382,98.654,69.638
115.275,67.392,98.654,69.638
114.945,67.722,98.654,69.638
114.881,69.349,100.837,71.179
115.516,73.811,103.068,72.754
116.550,81.742,103.068,72.754
117.584,88.983,103.068,72.754
116.802,91.398,105.348,74.363
117.154,94.570,105.348,74.363
116.802,95.627,105.348,74.363
116.450,95.275,105.348,74.363
115.392,93.513,105.348,74.363
115.745,89.636,105.348,74.363
116.097,85.054,105.348,74.363
117.154,81.177,105.348,74.363
117.507,78.005,105.348,74.363
117.859,74.128,105.348,74.363
119.622,69.546,105.348,74.363
119.974,68.489,105.348,74.363
120.326,68.842,105.348,74.363
119.974,72.014,105.348,74.363
120.326,80.825,105.348,74.363
119.269,90.341,105.348,74.363
117.738,100.854,107.679,76.009
115.426,112.347,110.061,77.690
115.057,119.343,110.061,77.690
113.458,118.101,112.496,79.409
111.576,113.208,112.496,79.409
108.379,104.911,114.985,81.166
106.708,95.632,117.529,82.962
106.315,85.802,117.529,82.962
105.922,78.331,117.529,82.962
106.315,72.433,117.529,82.962
107.494,68.894,117.529,82.962
107.888,66.928,117.529,82.962
107.494,66.535,117.529,82.962
105.528,70.074,117.529,82.962
104.349,80.690,117.529,82.962
101.596,91.307,117.529,82.962
98.257,102.219,120.130,84.797
94.843,112.539,122.788,86.674
93.058,117.121,125.504,88.591
90.363,115.705,128.281,90.551
86.718,108.915,131.119,92.555
85.402,97.071,131.119,92.555
84.963,86.982,131.119,92.555
83.647,75.138,131.119,92.555
82.331,68.558,131.119,92.555
81.892,64.610,131.119,92.555
79.699,63.294,131.119,92.555
77.506,64.610,131.119,92.555
76.190,74.699,131.119,92.555
74.874,86.543,131.119,92.555
72.968,97.807,134.020,94.603
71.020,106.530,136.985,96.696
68.078,106.886,140.016,98.835
67.610,105.481,140.016,98.835
66.205,96.581,140.016,98.835
65.736,83.933,140.016,98.835
66.205,72.223,140.016,98.835
67.610,60.512,140.016,98.835
68.078,51.612,140.016,98.835
69.484,46.459,140.016,98.835
69.015,43.180,140.016,98.835
67.610,41.775,140.016,98.835
66.205,43.180,140.016,98.835
65.736,49.270,140.016,98.835
64.331,60.980,140.016,98.835
62.926,73.628,140.016,98.835
61.520,86.276,140.016,98.835
60.115,98.923,140.016,98.835
57.108,105.120,143.114,101.022
54.035,104.499,146.281,103.257
52.567,101.073,146.281,103.257
52.077,90.796,146.281,103.257
51.588,78.561,146.281,103.257
52.077,67.306,146.281,103.257
52.567,57.028,146.281,103.257
54.035,48.709,146.281,103.257
54.524,44.304,146.281,103.257
54.035,42.836,146.281,103.257
53.545,43.326,146.281,103.257
54.035,52.624,146.281,103.257
52.567,64.859,146.281,103.257
50.441,79.456,149.517,105.541
48.268,94.377,152.825,107.877
44.986,107.506,156.206,110.263
41.631,114.419,159.662,112.703
38.202,114.835,163.195,115.196
34.698,108.462,166.806,117.745
35.256,96.743,166.806,117.745
35.814,83.908,166.806,117.745
37.488,69.956,166.806,117.745
40.278,57.121,166.806,117.745
43.068,50.983,166.806,117.745
44.743,45.960,166.806,117.745
45.301,44.286,166.806,117.745
45.859,45.960,166.806,117.745
46.417,56.563,166.806,117.745
46.975,69.398,166.806,117.745
45.708,83.728,170.496,120.350
43.231,97.192,174.268,123.013
40.698,107.324,178.124,125.735
36.872,107.788,182.065,128.517
36.263,104.742,182.065,128.517
34.881,91.313,186.093,131.360
36.749,78.239,186.093,131.360
37.372,61.429,186.093,131.360
39.239,45.865,186.093,131.360
42.352,37.771,186.093,131.360
42.975,28.433,186.093,131.360
43.597,26.565,186.093,131.360
42.975,27.187,186.093,131.360
42.352,34.036,186.093,131.360
41.730,49.600,186.093,131.360
41.107,63.920,186.093,131.360
39.239,78.239,186.093,131.360
38.617,87.578,186.093,131.360
34.620,88.062,190.211,134.266
32.711,84.881,190.211,134.266
30.802,71.517,190.211,134.266
31.438,59.426,190.211,134.266
32.075,43.518,190.211,134.266
33.984,31.427,190.211,134.266
35.893,21.881,190.211,134.266
37.802,14.881,190.211,134.266
38.438,12.972,190.211,134.266
39.075,13.609,190.211,134.266
38.438,19.336,190.211,134.266
37.802,33.972,190.211,134.266
38.438,48.608,190.211,134.266
37.802,67.063,190.211,134.266
37.166,82.972,190.211,134.266
34.401,92.710,194.419,137.237
33.751,98.564,194.419,137.237
30.925,95.021,198.720,140.273
31.590,86.379,198.720,140.273
32.255,69.758,198.720,140.273
34.249,61.115,198.720,140.273
34.914,48.483,198.720,140.273
35.579,41.170,198.720,140.273
36.244,37.846,198.720,140.273
35.579,37.181,198.720,140.273
36.244,40.505,198.720,140.273
38.238,53.137,198.720,140.273
38.903,67.099,198.720,140.273
36.015,77.273,203.117,143.377
31.653,84.852,207.611,146.549
30.958,85.546,207.611,146.549
30.264,80.684,207.611,146.549
30.958,70.266,207.611,146.549
31.653,59.847,207.611,146.549
33.737,52.207,207.611,146.549
34.431,43.178,207.611,146.549
35.126,39.705,207.611,146.549
35.820,39.010,207.611,146.549
35.126,42.483,207.611,146.549
35.820,58.458,207.611,146.549
35.126,74.433,207.611,146.549
31.653,90.408,207.611,146.549
29.569,93.881,207.611,146.549
28.875,91.797,207.611,146.549
29.569,81.379,207.611,146.549
31.653,68.182,207.611,146.549
35.126,57.764,207.611,146.549
38.599,41.788,207.611,146.549
42.072,27.202,207.611,146.549
44.155,18.173,207.611,146.549
49.716,16.388,203.184,143.424
53.848,18.573,198.851,140.365
57.892,24.558,194.610,137.372
61.850,37.946,190.460,134.442
62.487,47.504,190.460,134.442
61.850,54.513,190.460,134.442
63.762,58.973,190.460,134.442
65.673,60.885,190.460,134.442
68.859,53.876,190.460,134.442
71.504,46.097,186.399,131.575
75.295,36.080,182.424,128.770
79.005,27.453,178.533,126.024
81.991,17.299,178.533,126.024
86.773,16.915,174.726,123.336
91.453,18.794,171.000,120.706
96.034,26.146,167.353,118.132
96.594,35.664,167.353,118.132
96.034,51.901,167.353,118.132
96.594,67.018,167.353,118.132
94.914,81.015,167.353,118.132
94.354,88.294,167.353,118.132
93.794,91.093,167.353,118.132
98.277,86.417,163.784,115.613
98.825,70.526,163.784,115.613
104.852,57.923,163.784,115.613
106.496,46.416,163.784,115.613
110.332,33.814,163.784,115.613
113.662,26.068,160.292,113.147
116.344,21.242,160.292,113.147
116.880,19.633,160.292,113.147
119.106,23.424,156.873,110.734
120.273,31.181,153.528,108.373
121.814,45.049,153.528,108.373
122.327,58.917,153.528,108.373
122.841,73.812,153.528,108.373
121.300,86.653,153.528,108.373
125.923,96.412,153.528,108.373
122.327,94.871,153.528,108.373
121.814,86.139,153.528,108.373
124.382,74.326,153.528,108.373
126.950,60.458,153.528,108.373
128.491,47.617,153.528,108.373
132.086,35.803,153.528,108.373
133.627,26.044,153.528,108.373
135.759,21.754,150.254,106.062
137.846,22.400,147.050,103.800
139.888,25.878,143.914,101.586
140.959,31.138,140.845,99.420
139.545,41.033,140.845,99.420
139.074,53.756,140.845,99.420
136.718,66.478,140.845,99.420
138.131,77.316,140.845,99.420
135.775,88.153,140.845,99.420
134.362,92.394,140.845,99.420
135.775,90.980,140.845,99.420
133.419,83.912,140.845,99.420
133.891,73.075,140.845,99.420
135.304,64.122,140.845,99.420
138.168,56.553,137.841,97.300
138.630,47.791,137.841,97.300
138.168,41.796,137.841,97.300
140.474,37.646,137.841,97.300
140.610,37.350,134.902,95.225
141.614,40.540,132.025,93.194
141.744,45.365,129.210,91.207
140.448,53.578,129.210,91.207
138.286,60.927,129.210,91.207
143.041,70.869,129.210,91.207
140.015,78.218,129.210,91.207
136.989,82.109,129.210,91.207
139.151,81.676,129.210,91.207
136.125,77.786,129.210,91.207
136.557,71.302,129.210,91.207
136.125,64.818,129.210,91.207
135.693,57.469,129.210,91.207
138.718,50.120,129.210,91.207
140.513,49.843,126.454,89.262
141.453,50.387,123.757,87.358
143.172,54.112,121.118,85.495
141.956,61.000,121.118,85.495
144.793,71.130,121.118,85.495
141.956,80.450,121.118,85.495
142.362,89.770,121.118,85.495
142.767,95.848,121.118,85.495
142.887,97.931,118.535,83.672
144.869,95.948,118.535,83.672
143.680,87.621,118.535,83.672
148.042,81.672,118.535,83.672
149.232,73.344,118.535,83.672
152.801,69.775,118.535,83.672
154.447,65.698,116.008,81.888
159.492,63.758,116.008,81.888
157.552,62.593,116.008,81.888
157.940,63.758,116.008,81.888
159.880,67.251,116.008,81.888
159.995,75.231,113.534,80.141
163.036,82.310,111.113,78.432
161.921,89.373,111.113,78.432
165.614,94.867,108.743,76.760
164.522,95.230,108.743,76.760
162.703,91.229,108.743,76.760
160.884,84.316,108.743,76.760
165.901,77.771,106.424,75.123
164.121,71.718,106.424,75.123
169.030,69.431,104.155,73.521
167.288,65.598,104.155,73.521
169.406,67.389,101.933,71.953
170.822,70.457,99.760,70.419
169.821,74.129,99.760,70.419
170.154,79.802,99.760,70.419
174.113,87.309,97.632,68.917
171.827,91.555,97.632,68.917
170.847,91.881,97.632,68.917
170.944,91.042,95.550,67.447
169.345,85.608,95.550,67.447
170.672,82.938,93.513,66.009
169.734,79.496,93.513,66.009
170.429,77.486,91.518,64.601
168.898,76.568,91.518,64.601
166.143,77.486,91.518,64.601
163.999,78.405,91.518,64.601
161.244,79.323,91.518,64.601
159.101,80.854,91.518,64.601
157.570,84.222,91.518,64.601
161.201,88.157,89.567,63.224
167.644,91.431,87.657,61.875
172.629,92.897,87.657,61.875
178.788,94.950,87.657,61.875
185.658,97.023,85.787,60.556
192.382,99.052,83.958,59.264
198.421,99.954,82.168,58.001
204.332,102.428,80.415,56.764
208.367,103.773,80.415,56.764
212.403,105.118,80.415,56.764
214.824,106.463,80.415,56.764
217.783,106.194,80.415,56.764
216.438,107.001,80.415,56.764
217.245,107.808,80.415,56.764
215.362,108.077,80.415,56.764
214.017,108.346,80.415,56.764
218.764,107.655,78.700,55.553
214.815,108.445,78.700,55.553
211.392,107.655,78.700,55.553
208.496,107.392,78.700,55.553
205.599,105.549,78.700,55.553
202.703,104.759,78.700,55.553
196.121,103.969,78.700,55.553
193.224,103.179,78.700,55.553
188.748,102.389,78.700,55.553
182.693,100.019,78.700,55.553
178.743,99.230,78.700,55.553
173.741,95.807,78.700,55.553
170.318,95.017,78.700,55.553
166.368,93.700,78.700,55.553
162.946,91.857,78.700,55.553
160.049,91.067,78.700,55.553
158.206,89.751,78.700,55.553
156.363,88.434,78.700,55.553
154.520,87.645,78.700,55.553
153.730,87.381,78.700,55.553
152.414,87.118,78.700,55.553
151.624,87.908,78.700,55.553
151.361,87.645,78.700,55.553
151.438,88.491,77.022,54.369
151.181,88.748,77.022,54.369
150.923,89.006,77.022,54.369
150.665,88.748,77.022,54.369
150.923,89.521,77.022,54.369
151.181,89.779,77.022,54.369
152.469,90.552,77.022,54.369
153.242,91.325,77.022,54.369
154.015,91.583,77.022,54.369
155.304,92.356,77.022,54.369
156.592,93.129,77.022,54.369
157.880,93.902,77.022,54.369
159.684,94.675,77.022,54.369
159.942,96.479,77.022,54.369
161.746,98.798,77.022,54.369
163.549,101.117,77.022,54.369
165.353,102.921,77.022,54.369
169.218,104.209,77.022,54.369
171.281,106.527,75.380,53.209
174.055,108.293,75.380,53.209
173.299,111.067,75.380,53.209
177.749,112.849,73.772,52.074
177.996,114.577,73.772,52.074
180.217,115.318,73.772,52.074
181.944,117.045,73.772,52.074
184.659,118.279,73.772,52.074
187.587,120.024,72.199,50.964
186.862,121.232,72.199,50.964
190.002,122.439,72.199,50.964
191.210,123.164,72.199,50.964
193.384,123.405,72.199,50.964
194.852,124.182,70.659,49.877
197.201,123.574,69.152,48.813
197.432,122.418,69.152,48.813
201.514,122.715,67.678,47.773
204.636,121.697,66.234,46.754
205.556,121.982,64.822,45.757
209.801,122.261,63.440,44.781
208.315,121.624,63.440,44.781
212.060,121.488,62.087,43.826
214.524,122.956,60.763,42.891
213.800,124.393,59.467,41.977
217.311,125.416,58.199,41.082
216.727,126.000,58.199,41.082
219.787,126.626,56.958,40.205
218.453,127.197,56.958,40.205
220.713,128.912,55.743,39.348
219.781,129.098,55.743,39.348
223.071,130.057,54.554,38.509
222.159,129.874,54.554,38.509
221.861,128.702,53.391,37.688
224.324,128.243,52.252,36.884
223.450,128.068,52.252,36.884
222.926,127.194,52.252,36.884
225.548,126.320,52.252,36.884
224.674,124.397,52.252,36.884
227.421,123.274,51.138,36.097
226.566,121.050,51.138,36.097
225.368,119.852,51.138,36.097
228.619,120.023,51.138,36.097
227.079,119.168,51.138,36.097
226.566,118.997,51.138,36.097
226.053,118.826,51.138,36.097
228.619,120.023,51.138,36.097
227.079,120.194,51.138,36.097
226.224,120.365,51.138,36.097
225.710,120.879,51.138,36.097
224.513,121.734,51.138,36.097
224.000,121.905,51.138,36.097
225.881,122.761,51.138,36.097
226.737,123.274,51.138,36.097
228.619,123.103,51.138,36.097
228.448,122.932,51.138,36.097
228.277,123.445,51.138,36.097
227.763,122.932,51.138,36.097
225.881,123.103,51.138,36.097
222.289,122.247,51.138,36.097
219.722,122.076,51.138,36.097
215.103,121.563,51.138,36.097
212.537,121.734,51.138,36.097
208.602,121.563,51.138,36.097
206.378,121.050,51.138,36.097
204.496,120.879,51.138,36.097
201.930,121.050,51.138,36.097
200.390,120.879,51.138,36.097
199.534,121.050,51.138,36.097
198.337,120.536,51.138,36.097
197.481,121.050,51.138,36.097
196.626,120.536,51.138,36.097
196.113,121.392,51.138,36.097
197.995,121.221,51.138,36.097
197.481,121.392,51.138,36.097
196.968,121.563,51.138,36.097
198.850,121.734,51.138,36.097
198.679,121.905,51.138,36.097
200.219,121.734,51.138,36.097
201.074,121.221,51.138,36.097
200.561,120.365,51.138,36.097
200.390,120.194,51.138,36.097
203.298,119.681,51.138,36.097
203.469,120.879,51.138,36.097
205.351,122.076,51.138,36.097
206.891,123.274,51.138,36.097
206.036,126.524,51.138,36.097
207.575,129.775,51.138,36.097
206.378,132.683,51.138,36.097
207.918,134.223,51.138,36.097
206.720,135.763,51.138,36.097
205.522,137.645,51.138,36.097
204.667,138.500,51.138,36.097
204.496,139.014,51.138,36.097
207.062,138.158,51.138,36.097
208.944,137.987,51.138,36.097
209.800,137.474,51.138,36.097
210.655,137.987,51.138,36.097
213.344,139.196,50.048,35.328
212.842,139.364,50.048,35.328
216.023,139.196,50.048,35.328
215.186,139.364,50.048,35.328
217.817,138.611,48.980,34.574
217.326,139.102,48.980,34.574
220.439,139.594,48.980,34.574
222.242,141.724,48.980,34.574
219.784,143.855,48.980,34.574
222.569,149.262,48.980,34.574
221.986,159.265,47.936,33.837
217.396,173.074,46.914,33.115
