310.000,102.000,39.000,50.000
308.776,101.475,39.000,50.000
307.902,100.951,39.000,50.000
306.678,99.027,39.000,50.000
304.754,98.153,39.000,50.000
303.880,97.279,39.000,50.000
303.006,96.754,39.000,50.000
300.033,94.131,39.000,50.000
298.809,93.257,39.000,50.000
298.284,92.732,39.000,50.000
296.711,90.459,39.000,50.000
296.186,90.284,39.000,50.000
295.312,89.760,39.000,50.000
294.787,88.885,39.000,50.000
293.563,87.661,39.000,50.000
292.689,86.437,39.000,50.000
292.164,86.262,39.000,50.000
290.463,84.076,39.863,51.106
289.927,83.540,39.863,51.106
289.033,83.362,39.863,51.106
287.782,82.825,39.863,51.106
286.888,82.289,39.863,51.106
285.637,82.110,39.863,51.106
284.743,81.932,39.863,51.106
283.004,81.552,40.745,52.237
282.456,81.004,40.745,52.237
280.081,81.186,40.745,52.237
279.533,81.004,40.745,52.237
277.524,80.821,40.745,52.237
275.514,80.638,40.745,52.237
274.601,80.456,40.745,52.237
272.226,79.542,40.745,52.237
269.120,78.994,40.745,52.237
268.572,79.177,40.745,52.237
266.928,79.360,40.745,52.237
264.918,79.542,40.745,52.237
264.370,78.994,40.745,52.237
261.630,79.542,40.745,52.237
260.717,79.725,40.745,52.237
259.438,79.908,40.745,52.237
257.063,80.821,40.745,52.237
256.150,81.004,40.745,52.237
254.372,80.615,41.646,53.393
252.318,81.922,41.646,53.393
251.758,82.109,41.646,53.393
249.330,82.296,41.646,53.393
248.770,82.483,41.646,53.393
247.837,82.296,41.646,53.393
246.903,82.109,41.646,53.393
246.716,81.922,41.646,53.393
246.529,80.989,41.646,53.393
247.463,79.682,41.646,53.393
248.770,78.748,41.646,53.393
250.474,77.338,40.758,52.254
251.753,76.424,40.758,52.254
255.887,72.225,39.889,51.140
257.139,70.616,39.889,51.140
261.610,67.933,39.889,51.140
265.065,62.728,40.772,52.271
268.173,61.449,40.772,52.271
271.956,57.954,39.902,51.157
275.657,56.602,39.051,50.066
279.955,54.267,38.218,48.998
284.239,53.410,38.218,48.998
287.495,52.896,38.218,48.998
290.751,51.011,38.218,48.998
292.639,49.936,39.064,50.082
295.617,48.710,39.064,50.082
299.295,46.783,39.064,50.082
300.135,46.047,39.928,51.190
302.851,44.181,40.812,52.323
306.006,42.273,41.715,53.480
305.351,39.935,42.638,54.664
309.365,38.597,42.638,54.664
312.584,38.258,41.728,53.498
313.519,36.575,41.728,53.498
316.669,36.604,40.838,52.357
316.120,36.055,40.838,52.357
318.500,34.041,40.838,52.357
319.050,32.026,40.838,52.357
319.965,30.745,40.838,52.357
320.881,30.195,40.838,52.357
320.698,28.914,40.838,52.357
320.148,26.533,40.838,52.357
321.064,25.984,40.838,52.357
320.514,25.068,40.838,52.357
320.698,24.885,40.838,52.357
319.782,23.604,40.838,52.357
319.233,24.519,40.838,52.357
319.050,25.068,40.838,52.357
318.867,25.252,40.838,52.357
318.317,26.167,40.838,52.357
317.768,25.984,40.838,52.357
316.852,25.435,40.838,52.357
316.303,26.350,40.838,52.357
316.486,27.266,40.838,52.357
315.571,27.083,40.838,52.357
315.124,28.876,39.968,51.240
314.944,30.489,39.968,51.240
314.407,31.027,39.968,51.240
315.006,32.437,39.115,50.148
314.239,32.802,38.281,49.078
312.569,33.150,39.128,50.164
311.803,35.206,38.294,49.094
315.120,36.979,39.141,50.181
313.892,36.453,39.141,50.181
311.095,37.157,38.306,49.111
311.611,39.046,38.306,49.111
314.171,41.060,37.489,48.063
310.977,38.538,37.489,48.063
314.131,38.565,36.690,47.038
316.267,38.591,35.907,46.035
316.750,37.464,35.907,46.035
314.849,37.121,36.702,47.054
317.647,36.299,36.702,47.054
315.704,36.632,37.514,48.095
318.900,36.127,37.514,48.095
343.625,23.512,37.514,48.095
324.733,37.481,36.714,47.069
322.922,36.658,36.714,47.069
326.011,36.366,35.931,46.065
328.723,39.187,35.165,45.083
328.250,37.768,35.165,45.083
331.876,42.025,35.165,45.083
332.349,43.128,35.165,45.083
334.084,45.809,35.165,45.083
333.295,45.651,35.165,45.083
335.030,46.439,35.165,45.083
334.872,48.489,35.165,45.083
333.665,47.827,35.943,46.080
335.438,48.310,35.943,46.080
332.054,50.405,35.943,46.080
332.537,49.922,35.943,46.080
328.963,50.582,36.738,47.100
328.044,48.523,37.551,48.142
324.659,49.214,38.382,49.207
323.341,49.205,39.231,50.296
321.630,48.466,40.099,51.409
318.761,46.218,40.986,52.546
316.592,46.972,41.893,53.709
313.595,45.403,42.820,54.897
311.329,45.792,43.767,56.112
310.093,44.688,42.834,54.915
307.773,44.348,41.920,53.744
304.954,46.039,41.920,53.744
304.390,45.100,41.920,53.744
302.699,44.160,41.920,53.744
299.503,43.596,41.920,53.744
299.315,45.288,41.920,53.744
297.248,42.844,41.920,53.744
296.789,43.961,41.026,52.598
296.973,41.569,41.026,52.598
296.879,43.017,40.151,51.476
296.439,42.698,39.295,50.378
295.669,42.726,38.457,49.304
296.187,43.933,38.457,49.304
296.359,42.036,38.457,49.304
294.117,41.174,38.457,49.304
296.704,43.415,38.457,49.304
294.117,41.174,38.457,49.304
293.255,41.001,38.457,49.304
291.014,39.450,38.457,49.304
289.117,40.312,38.457,49.304
288.945,39.794,38.457,49.304
287.738,40.312,38.457,49.304
285.702,39.230,39.308,50.395
284.821,40.816,39.308,50.395
283.587,39.582,39.308,50.395
284.821,40.463,39.308,50.395
283.940,41.345,39.308,50.395
282.353,41.873,39.308,50.395
282.530,42.402,39.308,50.395
281.296,41.873,39.308,50.395
282.882,44.164,39.308,50.395
280.591,43.636,39.308,50.395
282.177,43.107,39.308,50.395
282.353,45.046,39.308,50.395
282.177,44.164,39.308,50.395
283.763,45.398,39.308,50.395
284.997,44.164,39.308,50.395
285.173,43.988,39.308,50.395
286.760,45.222,39.308,50.395
287.288,45.046,39.308,50.395
287.817,45.574,39.308,50.395
291.166,46.103,39.308,50.395
293.114,46.471,38.470,49.320
294.321,47.333,38.470,49.320
294.493,47.161,38.470,49.320
297.065,48.185,37.649,48.268
299.935,49.029,37.649,48.268
302.467,49.536,37.649,48.268
304.661,48.692,37.649,48.268
306.518,48.185,37.649,48.268
308.037,49.029,37.649,48.268
307.531,48.860,37.649,48.268
310.063,49.704,37.649,48.268
311.920,50.548,37.649,48.268
312.426,51.730,37.649,48.268
314.621,52.912,37.649,48.268
317.153,54.769,37.649,48.268
319.347,55.950,37.649,48.268
322.217,57.807,37.649,48.268
324.412,59.326,37.649,48.268
326.944,59.158,37.649,48.268
326.532,59.184,36.847,47.239
328.995,61.121,36.061,46.232
327.539,61.606,36.061,46.232
330.935,63.385,36.061,46.232
333.037,64.193,36.061,46.232
332.228,65.001,36.061,46.232
334.015,65.650,35.292,45.246
332.591,66.441,35.292,45.246
334.332,67.865,35.292,45.246
335.747,69.171,36.073,46.247
337.223,71.379,35.303,45.261
335.165,70.904,35.303,45.261
334.057,71.695,35.303,45.261
336.115,71.854,35.303,45.261
334.691,71.695,35.303,45.261
332.316,70.271,35.303,45.261
335.007,70.429,35.303,45.261
334.216,69.321,35.303,45.261
335.640,69.479,35.303,45.261
333.266,67.738,35.303,45.261
334.691,66.947,35.303,45.261
335.799,69.321,35.303,45.261
333.424,67.580,35.303,45.261
335.165,69.004,35.303,45.261
333.108,68.530,35.303,45.261
332.633,68.055,35.303,45.261
333.741,70.112,35.303,45.261
332.633,69.954,35.303,45.261
332.158,70.112,35.303,45.261
331.367,70.271,35.303,45.261
330.575,71.062,35.303,45.261
329.151,72.487,35.303,45.261
330.575,71.379,35.303,45.261
328.517,72.170,35.303,45.261
327.409,71.695,35.303,45.261
326.618,72.803,35.303,45.261
326.720,74.109,36.084,46.262
324.474,73.094,36.883,47.286
323.209,73.772,37.699,48.332
322.363,74.617,37.699,48.332
321.180,74.448,37.699,48.332
319.321,74.955,37.699,48.332
317.800,76.814,37.699,48.332
316.278,76.983,37.699,48.332
315.095,77.490,37.699,48.332
313.574,77.321,37.699,48.332
312.053,78.166,37.699,48.332
310.532,79.011,37.699,48.332
308.672,79.180,37.699,48.332
307.151,79.350,37.699,48.332
305.292,79.180,37.699,48.332
304.108,80.364,37.699,48.332
301.573,79.857,37.699,48.332
300.390,79.688,37.699,48.332
298.869,80.871,37.699,48.332
297.685,81.716,37.699,48.332
296.164,81.885,37.699,48.332
294.981,82.054,37.699,48.332
293.798,82.899,37.699,48.332
292.615,83.406,37.699,48.332
291.321,84.450,38.533,49.401
291.432,83.366,39.385,50.494
290.196,86.014,39.385,50.494
289.313,87.604,39.385,50.494
292.315,89.546,39.385,50.494
289.498,91.003,40.257,51.611
289.317,92.627,40.257,51.611
290.964,95.091,39.398,50.511
289.021,98.094,39.398,50.511
290.611,99.331,39.398,50.511
289.259,101.521,40.270,51.628
290.523,104.230,40.270,51.628
289.981,107.299,40.270,51.628
291.596,109.913,41.161,52.771
289.417,112.584,42.072,53.938
288.474,114.282,42.072,53.938
288.741,116.857,41.175,52.788
287.449,116.303,41.175,52.788
286.642,118.823,40.296,51.662
286.549,117.458,39.437,50.560
287.434,118.696,39.437,50.560
289.379,114.983,39.437,50.560
288.025,111.672,40.310,51.679
298.327,106.792,40.310,51.679
302.415,105.427,39.450,50.577
302.592,103.835,39.450,50.577
305.953,101.182,39.450,50.577
304.361,97.821,39.450,50.577
303.122,91.630,39.450,50.577
301.884,89.331,39.450,50.577
299.939,85.616,39.450,50.577
296.932,78.364,39.450,50.577
295.694,75.357,39.450,50.577
293.394,68.105,39.450,50.577
291.448,65.806,39.450,50.577
289.503,63.152,39.450,50.577
286.850,56.962,39.450,50.577
285.395,56.307,38.609,49.498
285.222,53.365,38.609,49.498
282.625,47.306,38.609,49.498
282.106,44.017,38.609,49.498
278.817,39.343,38.609,49.498
276.913,36.400,38.609,49.498
278.461,32.799,39.463,50.594
276.515,30.853,39.463,50.594
274.214,27.491,39.463,50.594
276.515,24.483,39.463,50.594
273.507,22.537,39.463,50.594
270.853,19.175,39.463,50.594
271.737,16.875,39.463,50.594
269.791,15.282,39.463,50.594
268.906,12.982,39.463,50.594
270.489,10.403,40.336,51.713
268.138,10.946,40.336,51.713
269.404,8.595,40.336,51.713
267.776,10.222,40.336,51.713
269.042,7.510,40.336,51.713
268.861,8.776,40.336,51.713
270.127,6.424,40.336,51.713
269.947,7.690,40.336,51.713
267.595,6.424,40.336,51.713
270.308,6.967,40.336,51.713
268.681,7.148,40.336,51.713
268.500,9.137,40.336,51.713
268.681,9.318,40.336,51.713
268.861,9.861,40.336,51.713
270.163,10.586,39.476,50.610
271.437,12.320,38.634,49.531
271.549,11.952,39.489,50.627
273.164,14.028,38.647,49.547
273.338,15.587,38.647,49.547
273.249,17.953,37.823,48.491
273.757,18.122,37.823,48.491
274.605,19.649,37.823,48.491
274.363,21.399,38.659,49.563
275.554,22.829,39.515,50.660
276.036,25.026,40.389,51.781
276.153,25.768,41.283,52.926
277.040,28.447,42.196,54.097
275.337,30.150,42.196,54.097
276.637,32.496,43.130,55.294
274.354,33.690,44.084,56.518
275.712,36.141,45.059,57.768
276.318,36.343,45.059,57.768
277.329,37.757,45.059,57.768
279.551,40.787,45.059,57.768
276.721,44.324,44.098,56.536
278.896,45.708,44.098,56.536
280.280,47.092,44.098,56.536
278.105,49.267,44.098,56.536
281.071,51.838,44.098,56.536
281.268,54.013,44.098,56.536
281.071,57.374,44.098,56.536
280.478,60.735,44.098,56.536
280.675,63.701,44.098,56.536
282.059,65.085,44.098,56.536
282.653,68.446,44.098,56.536
281.664,68.644,44.098,56.536
