294.000,135.000,44.000,171.000
294.404,135.404,44.000,171.000
294.809,135.809,44.000,171.000
295.213,136.213,44.000,171.000
295.617,136.617,44.000,171.000
296.022,136.213,44.000,171.000
297.235,135.809,44.000,171.000
297.639,136.213,44.000,171.000
298.044,136.617,44.000,171.000
298.448,137.022,44.000,171.000
298.381,134.711,44.973,174.783
296.597,132.348,45.969,178.650
294.773,130.810,46.986,182.603
292.614,131.242,46.986,182.603
290.456,130.810,46.986,182.603
288.592,129.238,48.025,186.643
285.771,127.631,49.088,190.773
283.516,128.082,49.088,190.773
281.260,129.436,49.088,190.773
280.479,131.905,48.041,186.704
279.155,132.346,48.041,186.704
276.947,132.788,48.041,186.704
276.183,134.353,47.016,182.723
275.435,136.718,46.014,178.826
275.012,137.140,46.014,178.826
274.589,137.563,46.014,178.826
274.166,138.832,46.014,178.826
272.898,139.255,46.014,178.826
272.475,139.677,46.014,178.826
272.052,140.100,46.014,178.826
269.938,142.215,46.014,178.826
269.515,143.483,46.014,178.826
268.246,144.752,46.014,178.826
267.514,147.066,45.033,175.013
266.273,147.480,45.033,175.013
264.204,147.894,45.033,175.013
262.134,148.308,45.033,175.013
260.893,147.066,45.033,175.013
260.479,146.652,45.033,175.013
257.582,147.066,45.033,175.013
256.068,150.129,44.072,171.281
255.663,151.344,44.072,171.281
255.742,152.780,43.132,167.628
255.056,154.949,42.213,164.053
255.880,157.072,41.312,160.555
256.260,158.211,41.312,160.555
258.158,159.350,41.312,160.555
259.297,157.452,41.312,160.555
259.234,155.282,42.226,164.107
259.310,158.154,41.326,160.607
259.690,158.534,41.326,160.607
257.791,157.394,41.326,160.607
254.576,152.859,42.240,164.161
252.635,152.471,42.240,164.161
250.694,149.754,42.240,164.161
249.529,149.366,42.240,164.161
248.365,149.754,42.240,164.161
247.977,147.037,42.240,164.161
249.141,145.096,42.240,164.161
247.977,144.708,42.240,164.161
249.918,142.767,42.240,164.161
250.306,141.602,42.240,164.161
252.247,138.885,42.240,164.161
252.635,137.721,42.240,164.161
254.576,137.332,42.240,164.161
257.293,136.944,42.240,164.161
258.458,135.003,42.240,164.161
257.293,134.615,42.240,164.161
257.681,133.451,42.240,164.161
258.422,132.843,43.175,167.793
259.179,129.752,44.130,171.505
259.112,129.958,45.106,175.300
250.407,127.886,45.106,175.300
252.480,129.129,45.106,175.300
250.164,129.001,44.144,171.562
246.729,130.049,45.121,175.357
245.485,128.805,45.121,175.357
246.729,126.732,45.121,175.357
247.144,125.488,45.121,175.357
249.217,124.244,45.121,175.357
248.803,125.488,45.121,175.357
248.734,123.978,46.119,179.237
250.422,122.435,47.140,183.203
247.653,122.656,48.183,187.256
250.753,122.213,48.183,187.256
252.081,124.427,48.183,187.256
253.875,125.997,47.155,183.263
255.175,124.697,47.155,183.263
255.609,123.397,47.155,183.263
256.042,122.097,47.155,183.263
256.475,121.663,47.155,183.263
256.042,121.230,47.155,183.263
255.609,119.930,47.155,183.263
258.642,120.363,47.155,183.263
258.209,120.797,47.155,183.263
260.376,122.097,47.155,183.263
260.809,120.797,47.155,183.263
262.976,122.097,47.155,183.263
263.896,123.633,46.150,179.355
267.346,119.449,47.171,183.323
266.912,121.616,47.171,183.323
266.840,119.138,48.214,187.379
271.198,120.709,47.186,183.383
275.462,126.426,46.180,179.472
277.584,124.304,46.180,179.472
276.311,117.939,46.180,179.472
273.940,112.081,45.195,175.645
256.635,78.681,46.195,179.531
259.992,76.913,45.210,175.703
267.055,72.343,45.210,175.703
272.743,80.223,44.246,171.956
280.468,77.377,44.246,171.956
286.567,81.849,44.246,171.956
291.853,83.069,44.246,171.956
298.766,80.223,44.246,171.956
304.051,78.190,44.246,171.956
310.151,76.157,44.246,171.956
315.145,69.614,45.225,175.760
319.388,61.202,46.225,179.649
327.250,54.367,47.248,183.624
336.188,59.093,48.294,187.686
343.481,62.081,49.362,191.839
349.053,57.606,50.454,196.083
353.226,56.215,50.454,196.083
356.998,53.565,51.570,200.422
364.106,52.143,51.570,200.422
369.320,52.617,51.570,200.422
372.191,47.941,52.711,204.856
375.582,50.363,52.711,204.856
379.941,48.910,52.711,204.856
382.876,48.152,53.878,209.388
385.876,47.376,55.070,214.021
387.892,47.634,56.288,218.756
390.478,50.220,56.288,218.756
393.612,51.557,57.534,223.596
399.010,54.020,58.806,228.543
402.793,51.318,58.806,228.543
410.899,56.182,58.806,228.543
416.416,47.486,60.108,233.600
420.909,46.621,61.437,238.768
425.990,39.282,61.437,238.768
429.366,39.107,60.127,233.677
432.129,34.134,60.127,233.677
435.997,35.791,60.127,233.677
440.970,35.239,60.127,233.677
445.943,38.001,60.127,233.677
449.811,38.554,60.127,233.677
452.573,39.107,60.127,233.677
455.336,39.659,60.127,233.677
459.204,40.212,60.127,233.677
461.967,40.764,60.127,233.677
466.940,41.317,60.127,233.677
473.018,44.080,60.127,233.677
477.991,42.422,60.127,233.677
485.556,43.316,58.845,228.693
491.916,43.148,57.590,223.816
494.563,43.677,57.590,223.816
495.092,46.324,57.590,223.816
495.621,48.970,57.590,223.816
498.267,45.265,57.590,223.816
497.738,46.853,57.590,223.816
503.141,43.828,58.864,228.768
503.051,40.736,60.167,233.830
506.921,39.077,60.167,233.830
509.686,44.053,60.167,233.830
512.451,45.712,60.167,233.830
518.954,47.672,58.884,228.843
522.742,50.378,58.884,228.843
525.978,52.296,57.628,223.963
530.165,57.237,56.399,219.187
534.264,60.073,55.196,214.513
536.800,63.624,55.196,214.513
540.351,59.059,55.196,214.513
543.424,56.160,56.418,219.259
546.016,56.678,56.418,219.259
548.081,55.866,57.666,224.110
550.193,50.638,58.942,229.068
550.102,47.542,60.246,234.137
550.656,48.096,60.246,234.137
554.532,46.435,60.246,234.137
556.193,48.096,60.246,234.137
558.961,45.327,60.246,234.137
560.622,49.203,60.246,234.137
562.865,51.166,58.961,229.144
565.574,52.791,58.961,229.144
568.283,51.166,58.961,229.144
569.909,58.210,58.961,229.144
572.618,59.835,58.961,229.144
573.769,57.578,57.704,224.257
575.360,61.290,57.704,224.257
577.508,63.170,56.473,219.475
581.141,68.879,56.473,219.475
582.243,68.718,55.269,214.794
585.281,70.519,54.090,210.214
582.795,75.986,54.090,210.214
585.281,73.501,54.090,210.214
586.229,74.786,55.287,214.865
584.370,78.546,54.108,210.283
583.873,84.015,54.108,210.283
585.365,91.474,54.108,210.283
586.314,94.822,55.305,214.935
585.806,100.413,55.305,214.935
589.363,102.954,55.305,214.935
591.423,100.837,54.126,210.352
598.232,99.724,52.971,205.866
601.143,100.511,51.842,201.476
605.828,95.772,50.736,197.179
582.050,194.151,50.736,197.179
578.546,194.006,49.654,192.974
583.034,191.226,48.595,188.859
584.843,191.948,47.559,184.832
581.559,184.230,46.545,180.890
587.120,176.103,46.545,180.890
587.204,171.848,45.552,177.032
590.971,164.732,45.552,177.032
594.281,158.953,44.581,173.257
595.941,155.667,43.630,169.562
597.566,151.678,42.700,165.946
599.912,152.313,41.789,162.408
597.766,153.675,40.898,158.944
602.187,151.384,40.026,155.555
600.842,152.689,39.172,152.237
601.606,152.577,38.337,148.991
601.548,147.639,39.185,152.287
598.499,146.328,40.052,155.657
600.700,151.181,39.198,152.337
604.242,154.541,38.362,149.089
604.312,172.781,37.544,145.909
602.384,177.329,36.743,142.798
597.243,183.083,35.960,139.753
597.945,180.432,35.193,136.772
603.620,178.462,34.442,133.856
600.771,178.145,34.442,133.856
601.443,179.877,33.708,131.001
599.713,181.573,32.989,128.207
598.803,181.876,32.989,128.207
601.785,184.704,32.286,125.473
599.555,184.612,31.597,122.798
597.097,183.555,32.296,125.515
596.011,186.896,31.607,122.838
597.188,189.605,30.933,120.218
593.956,190.065,30.274,117.655
595.347,193.125,30.274,117.655
589.528,189.803,30.944,120.258
587.391,190.811,30.284,117.693
585.836,190.725,29.638,115.183
583.531,190.299,30.294,117.732
581.975,192.359,29.648,115.221
580.799,190.802,30.303,117.770
579.780,191.789,29.657,115.259
591.045,197.018,30.313,117.809
593.889,197.159,30.984,120.416
598.336,199.267,30.323,117.848
601.077,199.717,29.677,115.335
600.605,201.736,29.044,112.875
601.172,201.139,28.424,110.468
603.296,201.814,29.053,112.912
606.952,202.245,28.434,110.504
609.018,203.172,27.827,108.148
612.519,204.078,27.234,105.841
613.770,204.829,27.234,105.841
615.749,204.752,26.653,103.584
615.200,204.368,27.243,105.876
615.249,205.256,26.662,103.618
611.141,203.855,27.252,105.911
608.501,204.502,27.855,108.254
605.803,203.039,28.471,110.649
601.959,202.087,29.101,113.097
594.794,201.488,28.480,110.685
592.578,201.078,29.111,113.134
589.537,202.027,28.490,110.722
586.133,199.671,28.490,110.722
583.156,202.113,27.882,108.360
581.363,199.807,27.882,108.360
579.437,200.715,27.288,106.050
584.804,203.538,26.706,103.788
586.800,203.154,27.297,106.084
589.267,203.560,26.714,103.822
592.628,205.850,26.145,101.608
594.583,204.476,26.723,103.856
600.231,204.722,26.723,103.856
609.362,202.809,27.314,106.154
619.089,205.150,26.732,103.890
629.556,204.601,26.162,101.675
631.920,206.843,25.604,99.507
631.967,208.131,25.058,97.385
635.273,207.771,25.612,99.539
635.234,208.379,26.179,101.741
636.692,207.503,26.758,103.992
634.970,205.290,26.758,103.992
637.991,194.700,27.350,106.293
636.102,194.622,26.767,104.027
626.363,189.643,27.359,106.328
623.713,186.119,27.965,108.681
618.871,180.384,28.583,111.085
612.832,169.617,29.216,113.543
606.659,159.169,29.862,116.055
596.933,154.753,30.523,118.623
589.418,154.666,29.872,116.093
579.947,142.410,29.235,113.617
572.098,137.529,29.882,116.131
567.917,134.268,29.244,113.655
563.411,130.501,29.892,116.169
557.095,127.221,30.553,118.740
548.309,130.860,31.229,121.367
542.902,126.837,31.920,124.052
536.740,126.746,31.239,121.406
532.522,122.723,31.930,124.093
528.820,116.784,32.637,126.838
526.121,116.484,32.637,126.838
521.715,116.636,33.359,129.644
510.985,112.651,33.359,129.644
507.117,111.535,34.097,132.513
503.814,109.094,34.851,135.445
414.709,179.701,35.622,138.441
399.323,176.755,35.622,138.441
400.305,175.118,35.622,138.441
401.287,174.136,35.622,138.441
401.615,172.499,35.622,138.441
402.597,172.826,35.622,138.441
403.579,173.154,35.622,138.441
403.252,174.790,35.622,138.441
401.615,173.808,35.622,138.441
401.942,174.136,35.622,138.441
402.270,174.463,35.622,138.441
403.252,174.136,35.622,138.441
403.579,173.808,35.622,138.441
403.906,172.826,35.622,138.441
401.615,173.154,35.622,138.441
403.906,171.517,35.622,138.441
404.234,171.190,35.622,138.441
404.561,172.172,35.622,138.441
405.543,172.499,35.622,138.441
405.216,171.517,35.622,138.441
406.853,169.880,35.622,138.441
408.489,171.517,35.622,138.441
410.781,169.225,35.622,138.441
411.763,169.553,35.622,138.441
414.055,171.844,35.622,138.441
415.037,170.862,35.622,138.441
416.019,171.844,35.622,138.441
416.644,170.652,36.410,141.504
417.976,166.657,37.216,144.635
418.629,162.573,38.039,147.835
418.280,163.622,38.039,147.835
418.222,162.349,38.881,151.106
415.006,159.848,38.881,151.106
416.078,161.634,38.881,151.106
411.326,161.524,38.052,147.884
411.994,159.525,38.894,151.156
406.633,159.168,38.894,151.156
404.348,155.641,39.754,154.500
402.521,155.276,39.754,154.500
399.233,156.372,39.754,154.500
392.292,153.084,39.754,154.500
392.658,154.180,39.754,154.500
390.100,153.815,39.754,154.500
388.274,151.988,39.754,154.500
382.794,150.161,39.754,154.500
382.733,148.831,40.634,157.918
377.878,147.711,40.634,157.918
376.267,145.576,41.533,161.412
373.595,143.668,41.533,161.412
372.739,143.862,42.452,164.983
371.569,145.033,42.452,164.983
370.142,147.168,41.547,161.465
369.760,150.604,41.547,161.465
368.614,155.568,41.547,161.465
368.233,153.659,41.547,161.465
369.378,151.750,41.547,161.465
367.469,146.023,41.547,161.465
365.560,138.768,41.547,161.465
367.469,142.968,41.547,161.465
365.560,134.950,41.547,161.465
363.651,135.332,41.547,161.465
363.269,133.423,41.547,161.465
363.651,133.805,41.547,161.465
364.033,133.423,41.547,161.465
363.651,133.041,41.547,161.465
361.742,131.132,41.547,161.465
362.888,130.750,41.547,161.465
362.506,130.369,41.547,161.465
359.833,129.223,41.547,161.465
364.033,131.896,41.547,161.465
360.597,135.332,41.547,161.465
359.200,138.894,40.661,158.022
357.331,140.762,40.661,158.022
355.463,141.883,40.661,158.022
352.847,141.509,40.661,158.022
351.727,142.630,40.661,158.022
349.111,140.015,40.661,158.022
347.243,138.146,40.661,158.022
345.374,136.278,40.661,158.022
342.011,135.157,40.661,158.022
340.890,136.278,40.661,158.022
336.780,135.157,40.661,158.022
334.912,134.784,40.661,158.022
331.549,133.663,40.661,158.022
329.681,132.542,40.661,158.022
326.318,134.410,40.661,158.022
323.702,134.784,40.661,158.022
321.087,135.905,40.661,158.022
319.218,137.025,40.661,158.022
316.603,138.146,40.661,158.022
314.734,140.762,40.661,158.022
311.371,141.883,40.661,158.022
309.503,143.004,40.661,158.022
307.635,141.883,40.661,158.022
305.767,142.257,40.661,158.022
300.909,141.136,40.661,158.022
299.041,143.004,40.661,158.022
296.953,143.608,39.793,154.652
297.319,143.974,39.793,154.652
296.222,142.877,39.793,154.652
294.393,143.243,39.793,154.652
291.833,143.608,39.793,154.652
290.005,143.974,39.793,154.652
287.445,145.803,39.793,154.652
287.811,144.706,39.793,154.652
288.177,145.071,39.793,154.652
287.079,147.631,39.793,154.652
288.908,150.191,39.793,154.652
290.005,149.825,39.793,154.652
288.177,150.191,39.793,154.652
288.542,151.288,39.793,154.652
288.908,152.385,39.793,154.652
285.617,152.751,39.793,154.652
285.982,152.385,39.793,154.652
284.154,153.482,39.793,154.652
281.058,152.151,40.674,158.074
280.996,149.239,41.574,161.571
275.383,143.091,42.494,165.146
273.430,134.109,42.494,165.146
275.383,145.434,42.494,165.146
270.306,152.854,42.494,165.146
271.478,152.463,42.494,165.146
268.744,153.635,42.494,165.146
268.679,155.454,43.434,168.800
266.957,151.516,44.395,172.534
267.365,155.188,44.395,172.534
267.297,149.470,45.377,176.352
270.216,148.219,45.377,176.352
269.799,146.134,45.377,176.352
268.548,139.879,45.377,176.352
268.965,135.292,45.377,176.352
270.216,127.369,45.377,176.352
272.742,131.907,46.381,180.253
274.021,123.809,46.381,180.253
275.300,125.940,46.381,180.253
276.998,129.695,47.407,184.242
279.637,136.245,48.456,188.318
277.411,142.034,48.456,188.318
280.932,161.639,47.423,184.302
281.367,157.717,47.423,184.302
279.486,146.183,48.472,188.380
278.150,138.610,48.472,188.380
278.238,136.755,47.438,184.362
277.802,141.550,47.438,184.362
277.366,145.474,47.438,184.362
274.314,145.910,47.438,184.362
271.528,142.513,48.488,188.441
269.300,141.176,48.488,188.441
267.072,137.166,48.488,188.441
264.844,135.829,48.488,188.441
264.398,134.493,48.488,188.441
264.844,134.047,48.488,188.441
263.507,133.601,48.488,188.441
263.953,135.829,48.488,188.441
262.616,137.166,48.488,188.441
263.953,139.394,48.488,188.441
263.507,141.622,48.488,188.441
263.953,142.959,48.488,188.441
263.507,149.643,48.488,188.441
265.735,153.653,48.488,188.441
265.290,157.663,48.488,188.441
264.844,152.762,48.488,188.441
264.398,155.881,48.488,188.441
265.735,159.000,48.488,188.441
263.507,154.099,48.488,188.441
263.953,154.544,48.488,188.441
266.181,160.337,48.488,188.441
263.953,154.544,48.488,188.441
264.803,152.922,49.561,192.611
262.526,152.466,49.561,192.611
262.450,149.863,50.657,196.872
261.985,151.260,50.657,196.872
260.588,153.587,50.657,196.872
258.261,148.466,50.657,196.872
258.726,151.725,50.657,196.872
256.398,152.191,50.657,196.872
255.002,142.415,50.657,196.872
253.605,146.604,50.657,196.872
251.278,138.690,50.657,196.872
248.950,140.087,50.657,196.872
247.553,134.966,50.657,196.872
248.019,136.363,50.657,196.872
246.622,134.966,50.657,196.872
246.157,134.501,50.657,196.872
244.760,131.242,50.657,196.872
244.295,129.845,50.657,196.872
244.760,129.380,50.657,196.872
245.226,128.914,50.657,196.872
246.622,127.518,50.657,196.872
248.019,127.052,50.657,196.872
248.484,126.587,50.657,196.872
249.881,124.259,50.657,196.872
251.278,125.656,50.657,196.872
253.605,124.259,50.657,196.872
255.002,122.863,50.657,196.872
255.467,121.466,50.657,196.872
255.933,119.138,50.657,196.872
255.855,111.648,51.778,201.228
257.283,113.075,51.778,201.228
256.807,106.889,51.778,201.228
258.235,114.027,51.778,201.228
257.759,107.841,51.778,201.228
259.186,105.462,51.778,201.228
258.710,100.228,51.778,201.228
257.644,98.495,52.924,205.680
256.554,92.688,54.095,210.231
256.057,91.197,54.095,210.231
255.560,88.711,54.095,210.231
256.057,88.214,54.095,210.231
255.560,84.734,54.095,210.231
255.063,85.231,54.095,210.231
254.565,85.728,54.095,210.231
254.068,86.226,54.095,210.231
253.571,84.734,54.095,210.231
252.457,81.893,55.291,214.882
251.949,84.433,55.291,214.882
250.425,81.893,55.291,214.882
252.483,85.653,54.112,210.300
249.305,78.683,55.309,214.953
247.111,70.505,56.533,219.709
247.213,68.341,55.328,215.023
251.789,70.883,55.328,215.023
248.540,70.087,56.552,219.781
250.099,66.449,56.552,219.781
249.579,68.008,56.552,219.781
248.020,65.410,56.552,219.781
248.540,62.811,56.552,219.781
245.941,60.213,56.552,219.781
243.343,57.614,56.552,219.781
240.744,56.055,56.552,219.781
239.185,58.654,56.552,219.781
238.666,53.976,56.552,219.781
237.106,52.417,56.552,219.781
236.587,55.016,56.552,219.781
236.067,53.457,56.552,219.781
235.547,56.055,56.552,219.781
235.028,54.496,56.552,219.781
234.508,53.976,56.552,219.781
233.988,49.299,56.552,219.781
233.469,46.701,56.552,219.781
232.949,48.260,56.552,219.781
232.429,45.661,56.552,219.781
231.910,45.142,56.552,219.781
231.390,40.464,56.552,219.781
229.147,33.180,57.803,224.643
229.058,26.837,59.082,229.613
227.842,22.607,60.389,234.694
226.881,23.505,59.101,229.689
228.034,22.290,57.841,224.791
228.139,24.174,56.607,219.997
227.619,22.614,56.607,219.997
227.098,21.053,56.607,219.997
225.538,21.573,56.607,219.997
225.018,20.013,56.607,219.997
224.117,23.863,55.400,215.305
224.626,22.335,55.400,215.305
222.429,22.595,56.626,220.069
223.990,22.074,56.626,220.069
220.664,16.940,57.879,224.938
219.068,15.345,57.879,224.938
219.600,14.813,57.879,224.938
218.679,13.622,56.645,220.141
218.159,13.102,56.645,220.141
219.720,10.499,56.645,220.141
221.282,11.020,56.645,220.141
221.803,9.458,56.645,220.141
222.323,6.855,56.645,220.141
222.844,4.253,56.645,220.141
222.323,3.732,56.645,220.141
222.844,1.129,56.645,220.141
222.323,1.650,56.645,220.141
221.803,1.129,56.645,220.141
220.241,-0.432,56.645,220.141
218.336,-0.594,55.437,215.447
217.194,-0.334,56.663,220.213
217.297,-0.496,55.455,215.517
219.362,-1.636,54.272,210.921
222.344,3.978,53.115,206.423
222.440,10.413,51.982,202.021
222.917,11.846,51.982,202.021
222.440,15.190,51.982,202.021
222.917,14.712,51.982,202.021
223.395,14.235,51.982,202.021
221.962,10.891,51.982,202.021
220.529,12.324,51.982,202.021
220.623,9.413,50.874,197.713
219.220,11.751,50.874,197.713
218.172,7.138,51.999,202.087
217.101,5.399,53.150,206.559
215.636,3.933,53.150,206.559
216.125,-0.463,53.150,206.559
216.220,-1.556,52.016,202.154
218.157,3.825,50.907,197.843
219.561,6.164,50.907,197.843
216.571,2.519,52.033,202.220
217.049,7.779,52.033,202.220
213.001,1.077,53.184,206.694
211.212,8.463,52.050,202.286
222.371,18.458,50.940,197.973
220.030,21.735,50.940,197.973
217.039,24.887,52.067,202.353
201.249,15.796,52.067,202.353
195.212,8.097,53.219,206.830
184.941,4.673,53.219,206.830
188.919,3.907,54.397,211.406
195.763,10.498,53.237,206.898
207.015,18.815,53.237,206.898
218.101,22.109,54.415,211.475
222.601,20.609,54.415,211.475
218.101,18.109,54.415,211.475
208.679,13.175,55.619,216.154
231.679,19.820,55.619,216.154
240.368,18.287,55.619,216.154
234.746,16.753,55.619,216.154
238.324,21.353,55.619,216.154
245.991,22.887,55.619,216.154
248.546,22.376,55.619,216.154
248.647,26.158,54.433,211.545
249.709,27.932,53.272,207.033
253.580,35.330,52.136,202.618
254.059,33.892,52.136,202.618
254.974,31.154,53.289,207.101
257.941,26.322,54.468,211.683
258.441,29.826,54.468,211.683
259.505,29.671,53.307,207.169
258.657,29.519,52.170,202.751
259.572,24.789,53.324,207.237
261.524,23.005,54.504,211.822
263.519,18.063,55.710,216.509
265.055,15.504,55.710,216.509
264.543,12.944,55.710,216.509
265.055,14.480,55.710,216.509
268.639,12.944,55.710,216.509
271.198,11.408,55.710,216.509
271.710,10.896,55.710,216.509
280.124,2.658,56.942,221.299
278.554,6.321,56.942,221.299
279.077,4.751,56.942,221.299
280.647,8.414,56.942,221.299
282.217,6.845,56.942,221.299
282.740,8.414,56.942,221.299
282.217,7.891,56.942,221.299
288.372,9.746,55.728,216.580
291.434,12.549,54.540,211.961
293.940,12.048,54.540,211.961
297.449,13.552,54.540,211.961
302.962,12.048,54.540,211.961
304.466,13.552,54.540,211.961
305.969,13.050,54.540,211.961
311.483,9.542,54.540,211.961
323.010,11.046,54.540,211.961
328.523,11.547,54.540,211.961
326.017,11.046,54.540,211.961
333.214,11.301,55.746,216.651
330.352,12.130,54.558,212.031
322.832,11.628,54.558,212.031
313.265,15.339,53.394,207.509
316.238,11.516,54.575,212.100
323.439,6.568,55.783,216.793
312.674,12.207,55.783,216.793
317.288,6.568,55.783,216.793
317.800,6.055,55.783,216.793
318.313,5.543,55.783,216.793
314.725,9.131,55.783,216.793
318.313,7.593,55.783,216.793
319.851,9.131,55.783,216.793
319.338,7.593,55.783,216.793
319.851,9.131,55.783,216.793
320.364,7.593,55.783,216.793
319.851,10.156,55.783,216.793
322.414,9.644,55.783,216.793
323.503,12.449,54.593,212.170
321.667,16.162,53.429,207.645
322.158,14.689,53.429,207.645
320.685,17.144,53.429,207.645
321.176,16.653,53.429,207.645
321.667,20.090,53.429,207.645
321.176,23.527,53.429,207.645
323.631,24.018,53.429,207.645
326.086,23.527,53.429,207.645
329.523,21.072,53.429,207.645
331.978,22.545,53.429,207.645
333.451,20.090,53.429,207.645
335.906,19.599,53.429,207.645
337.379,18.126,53.429,207.645
339.834,17.635,53.429,207.645
341.307,16.162,53.429,207.645
340.207,13.356,54.611,212.239
341.273,14.168,53.447,207.713
341.369,14.962,52.307,203.284
341.464,19.446,51.191,198.948
340.993,19.917,51.191,198.948
340.523,19.446,51.191,198.948
340.993,18.976,51.191,198.948
341.464,19.446,51.191,198.948
343.370,23.835,50.100,194.706
343.830,23.374,50.100,194.706
345.211,23.835,50.100,194.706
346.593,26.137,50.100,194.706
346.132,23.835,50.100,194.706
346.593,20.612,50.100,194.706
346.516,16.070,51.208,199.014
346.438,10.451,52.341,203.417
345.360,2.711,53.499,207.917
343.885,0.253,53.499,207.917
342.783,-5.618,54.683,212.518
346.300,-7.126,54.683,212.518
348.813,-8.633,54.683,212.518
349.316,-9.136,54.683,212.518
348.813,-12.653,54.683,212.518
350.321,-10.141,54.683,212.518
350.823,-13.658,54.683,212.518
350.321,-13.156,54.683,212.518
353.838,-11.648,54.683,212.518
348.311,-15.166,54.683,212.518
354.843,-12.653,54.683,212.518
348.311,-15.166,54.683,212.518
353.838,-12.653,54.683,212.518
349.316,-12.151,54.683,212.518
353.838,-13.658,54.683,212.518
350.321,-12.151,54.683,212.518
354.843,-10.643,54.683,212.518
351.326,-11.146,54.683,212.518
353.362,-7.427,53.517,207.986
353.854,-7.919,53.517,207.986
354.345,-5.459,53.517,207.986
354.837,-5.951,53.517,207.986
352.378,-4.476,53.517,207.986
353.854,-5.951,53.517,207.986
352.378,-3.492,53.517,207.986
353.854,-2.017,53.517,207.986
355.329,-3.492,53.517,207.986
356.804,-0.050,53.517,207.986
357.296,-0.541,53.517,207.986
357.788,0.934,53.517,207.986
358.280,0.442,53.517,207.986
358.772,0.934,53.517,207.986
359.263,0.442,53.517,207.986
358.772,1.918,53.517,207.986
359.263,-1.525,53.517,207.986
358.772,1.918,53.517,207.986
359.816,2.713,52.376,203.550
361.260,5.120,52.376,203.550
361.741,4.638,52.376,203.550
363.185,5.120,52.376,203.550
363.667,4.638,52.376,203.550
363.185,4.157,52.376,203.550
363.667,4.638,52.376,203.550
363.185,6.082,52.376,203.550
362.704,7.526,52.376,203.550
363.185,8.008,52.376,203.550
363.667,8.489,52.376,203.550
363.185,7.045,52.376,203.550
365.592,6.564,52.376,203.550
365.111,6.082,52.376,203.550
366.555,5.601,52.376,203.550
363.185,6.082,52.376,203.550
369.098,0.335,53.534,208.054
363.686,2.795,53.534,208.054
371.066,0.335,53.534,208.054
362.702,3.779,53.534,208.054
371.066,-0.649,53.534,208.054
359.750,3.779,53.534,208.054
348.467,9.316,52.393,203.617
350.417,10.095,51.275,199.275
347.785,15.399,50.182,195.025
346.098,18.812,49.112,190.866
343.576,20.412,48.064,186.796
342.251,19.087,48.064,186.796
340.926,18.646,48.064,186.796
340.484,16.437,48.064,186.796
338.868,18.855,47.039,182.813
338.436,17.558,47.039,182.813
337.139,18.855,47.039,182.813
335.557,19.554,46.036,178.914
333.194,20.238,45.055,175.099
331.124,18.996,45.055,175.099
330.407,21.262,44.094,171.365
330.486,21.137,43.154,167.710
328.503,19.947,43.154,167.710
326.521,18.757,43.154,167.710
325.331,19.947,43.154,167.710
324.644,21.353,42.233,164.134
323.224,23.477,41.333,160.634
322.085,23.097,41.333,160.634
320.186,21.198,41.333,160.634
317.527,20.059,41.333,160.634
316.137,22.870,40.451,157.208
313.535,21.011,40.451,157.208
312.891,23.046,39.589,153.855
311.072,24.137,39.589,153.855
308.526,24.501,39.589,153.855
305.979,24.865,39.589,153.855
304.160,25.228,39.589,153.855
303.068,26.320,39.589,153.855
301.249,25.956,39.589,153.855
298.703,25.592,39.589,153.855
297.611,26.684,39.589,153.855
295.792,26.320,39.589,153.855
293.973,26.684,39.589,153.855
290.699,27.775,39.589,153.855
288.152,28.867,39.589,153.855
285.606,28.503,39.589,153.855
285.242,30.322,39.589,153.855
284.150,31.413,39.589,153.855
283.787,31.777,39.589,153.855
282.695,33.596,39.589,153.855
281.604,33.960,39.589,153.855
280.512,35.779,39.589,153.855
281.604,36.143,39.589,153.855
281.240,36.507,39.589,153.855
281.604,39.053,39.589,153.855
283.423,39.417,39.589,153.855
283.059,40.508,39.589,153.855
284.878,40.872,39.589,153.855
286.697,39.781,39.589,153.855
284.878,42.327,39.589,153.855
286.697,40.508,39.589,153.855
287.788,41.600,39.589,153.855
289.993,38.011,40.464,157.260
287.390,39.870,40.464,157.260
289.643,40.059,41.360,160.739
291.157,35.521,42.275,164.295
288.437,34.355,42.275,164.295
291.934,33.190,42.275,164.295
286.106,35.909,42.275,164.295
288.049,33.190,42.275,164.295
288.874,36.814,41.373,160.792
290.775,34.913,41.373,160.792
283.520,40.658,40.491,157.363
285.381,39.542,40.491,157.363
286.497,38.426,40.491,157.363
286.570,41.180,39.627,154.007
287.663,39.359,39.627,154.007
285.628,44.160,38.782,150.723
285.985,42.378,38.782,150.723
286.341,42.734,38.782,150.723
286.697,42.378,38.782,150.723
288.479,41.309,38.782,150.723
290.261,41.665,38.782,150.723
292.756,41.309,38.782,150.723
295.251,40.952,38.782,150.723
297.746,42.021,38.782,150.723
300.953,40.239,38.782,150.723
303.772,40.816,37.955,147.508
306.213,39.770,37.955,147.508
308.655,39.421,37.955,147.508
310.399,40.467,37.955,147.508
312.143,40.816,37.955,147.508
314.256,36.651,38.795,150.772
316.039,39.860,38.795,150.772
318.199,35.603,39.653,154.108
320.406,32.764,40.531,157.518
321.890,31.407,41.428,161.003
323.794,31.788,41.428,161.003
324.520,28.032,42.344,164.565
325.688,28.421,42.344,164.565
326.855,30.367,42.344,164.565
327.244,30.756,42.344,164.565
328.412,28.810,42.344,164.565
328.801,30.756,42.344,164.565
328.877,32.886,41.441,161.055
329.258,31.743,41.441,161.055
329.985,30.357,42.358,164.619
330.728,28.939,43.295,168.261
331.487,26.665,44.253,171.984
331.081,29.512,44.253,171.984
331.945,30.170,43.309,168.316
331.255,33.115,42.386,164.727
332.424,35.842,42.386,164.727
331.255,33.115,42.386,164.727
333.615,34.930,43.324,168.371
330.245,29.350,44.282,172.097
331.466,30.571,44.282,172.097
335.128,32.606,44.282,172.097
333.907,28.943,44.282,172.097
338.694,33.524,43.338,168.427
334.166,30.329,42.414,164.835
342.507,36.219,41.509,161.320
341.111,36.837,40.624,157.879
344.783,41.758,39.758,154.513
347.672,45.871,38.910,151.218
348.745,44.798,38.910,151.218
353.640,50.202,38.080,147.993
359.780,52.117,37.268,144.837
364.469,52.011,36.473,141.748
365.827,54.491,35.695,138.725
368.421,55.655,34.934,135.767
371.578,59.887,34.189,132.872
371.264,62.086,34.189,132.872
374.092,59.259,34.189,132.872
378.603,57.463,34.946,135.811
383.880,57.626,35.719,138.816
385.522,54.016,35.719,138.816
387.484,55.812,34.957,135.856
390.025,56.332,34.212,132.959
392.225,57.904,34.212,132.959
395.055,56.961,34.212,132.959
396.627,54.760,34.212,132.959
398.199,55.074,34.212,132.959
399.142,54.760,34.212,132.959
397.570,53.188,34.212,132.959
397.256,54.760,34.212,132.959
396.941,55.703,34.212,132.959
396.627,56.646,34.212,132.959
395.684,57.589,34.212,132.959
395.998,57.275,34.212,132.959
395.055,57.589,34.212,132.959
394.741,58.533,34.212,132.959
393.797,58.847,34.212,132.959
392.854,57.904,34.212,132.959
391.282,58.218,34.212,132.959
390.339,59.161,34.212,132.959
390.653,59.476,34.212,132.959
389.710,61.676,34.212,132.959
389.396,61.362,34.212,132.959
389.082,63.563,34.212,132.959
388.138,65.135,34.212,132.959
389.082,67.964,34.212,132.959
390.025,69.536,34.212,132.959
390.339,71.108,34.212,132.959
390.653,73.938,34.212,132.959
391.321,75.053,33.482,130.123
390.195,79.702,32.768,127.349
390.497,77.594,32.768,127.349
390.195,80.305,32.768,127.349
390.770,78.583,33.493,130.166
388.000,83.816,33.493,130.166
388.308,83.508,33.493,130.166
388.616,84.431,33.493,130.166
387.692,85.355,33.493,130.166
387.385,86.894,33.493,130.166
387.077,85.970,33.493,130.166
387.385,89.972,33.493,130.166
386.258,91.656,32.779,127.390
386.560,91.957,32.779,127.390
385.656,92.259,32.779,127.390
384.752,94.367,32.779,127.390
385.327,92.020,33.504,130.209
386.251,94.176,33.504,130.209
386.200,92.416,34.245,133.090
387.144,94.619,34.245,133.090
389.050,92.167,35.003,136.034
389.372,93.775,35.003,136.034
389.319,90.602,35.777,139.044
388.332,90.273,35.777,139.044
388.278,88.394,36.569,142.120
386.597,86.713,36.569,142.120
384.072,91.792,35.789,139.090
386.747,91.959,36.581,142.167
389.481,90.038,37.390,145.312
387.763,93.130,37.390,145.312
386.993,90.453,38.218,148.527
382.323,97.792,37.403,145.360
383.354,98.135,37.403,145.360
382.759,102.667,36.605,142.260
382.423,105.694,36.605,142.260
382.759,107.376,36.605,142.260
380.609,108.944,37.415,145.408
380.265,112.038,37.415,145.408
380.609,113.757,37.415,145.408
379.578,115.476,37.415,145.408
377.171,118.571,37.415,145.408
372.833,115.179,38.243,148.625
375.612,119.135,37.427,145.455
375.956,118.791,37.427,145.455
374.236,118.447,37.427,145.455
374.580,120.166,37.427,145.455
373.548,119.135,37.427,145.455
371.828,118.791,37.427,145.455
368.045,120.510,37.427,145.455
364.950,119.478,37.427,145.455
359.790,118.447,37.427,145.455
353.891,119.666,36.629,142.354
358.267,123.369,36.629,142.354
350.528,116.556,37.439,145.503
353.326,113.875,38.268,148.722
359.304,115.633,38.268,148.722
356.843,115.282,38.268,148.722
351.568,112.117,38.268,148.722
355.158,107.917,39.114,152.013
355.098,102.879,39.980,155.376
355.037,99.255,40.864,158.814
356.915,103.385,40.864,158.814
357.290,100.006,40.864,158.814
356.164,101.883,40.864,158.814
356.539,100.006,40.864,158.814
358.417,103.385,40.864,158.814
358.792,102.259,40.864,158.814
359.509,101.671,41.769,162.328
360.661,102.822,41.769,162.328
358.741,103.206,41.769,162.328
358.677,105.791,42.693,165.919
362.993,107.753,42.693,165.919
363.385,108.145,42.693,165.919
365.347,110.891,42.693,165.919
365.739,110.499,42.693,165.919
367.302,110.699,43.637,169.590
368.505,111.100,43.637,169.590
370.935,111.304,44.603,173.342
372.984,109.255,44.603,173.342
374.214,110.484,44.603,173.342
374.624,110.074,44.603,173.342
375.854,112.944,44.603,173.342
372.984,113.353,44.603,173.342
375.034,115.403,44.603,173.342
376.264,114.993,44.603,173.342
376.673,115.403,44.603,173.342
376.264,115.813,44.603,173.342
380.772,116.223,44.603,173.342
382.822,117.452,44.603,173.342
383.232,117.042,44.603,173.342
388.560,116.632,44.603,173.342
389.790,116.223,44.603,173.342
393.479,115.813,44.603,173.342
393.411,114.320,45.590,177.177
393.341,111.926,46.598,181.098
396.338,110.641,46.598,181.098
397.156,108.193,47.629,185.104
397.593,108.631,47.629,185.104
399.782,110.820,47.629,185.104
399.709,111.042,48.683,189.200
400.157,112.385,48.683,189.200
400.082,109.827,49.760,193.386
397.796,109.370,49.760,193.386
396.771,104.859,50.861,197.664
395.723,101.217,51.986,202.038
394.653,99.478,53.137,206.508
394.164,98.989,53.137,206.508
392.699,100.454,53.137,206.508
390.258,101.919,53.137,206.508
391.723,101.431,53.137,206.508
389.281,100.943,53.137,206.508
387.816,102.408,53.137,206.508
386.351,99.966,53.137,206.508
387.816,98.501,53.137,206.508
391.788,93.684,54.312,211.077
396.280,95.181,54.312,211.077
395.781,97.676,54.312,211.077
397.278,98.176,54.312,211.077
398.776,99.673,54.312,211.077
400.273,99.174,54.312,211.077
402.768,99.673,54.312,211.077
400.273,99.174,54.312,211.077
399.774,96.678,54.312,211.077
402.269,95.181,54.312,211.077
398.044,91.292,55.514,215.747
393.725,88.376,56.742,220.520
402.589,87.855,56.742,220.520
398.939,91.505,56.742,220.520
394.524,87.443,57.997,225.399
402.519,91.173,57.997,225.399
406.250,92.772,57.997,225.399
411.047,95.437,57.997,225.399
409.448,99.168,57.997,225.399
417.101,95.016,59.281,230.386
412.198,95.560,59.281,230.386
418.890,94.707,60.592,235.484
413.878,97.492,60.592,235.484
419.563,89.687,61.933,240.694
420.772,96.094,60.612,235.561
423.028,96.995,59.320,230.537
420.303,93.179,59.320,230.537
426.999,85.538,60.632,235.638
421.984,80.524,60.632,235.638
424.204,73.870,61.973,240.852
417.939,68.745,61.973,240.852
421.390,64.308,63.345,246.180
420.808,69.547,63.345,246.180
422.554,68.964,63.345,246.180
421.972,70.711,63.345,246.180
423.208,78.385,61.994,240.931
419.220,76.676,61.994,240.931
421.529,88.580,60.672,235.793
422.086,86.908,60.672,235.793
423.151,82.564,62.014,241.010
422.581,89.972,62.014,241.010
420.871,84.843,62.014,241.010
420.776,78.038,63.386,246.342
423.689,86.776,63.386,246.342
419.611,80.368,63.386,246.342
422.524,86.776,63.386,246.342
417.024,85.472,62.034,241.089
425.927,97.384,60.712,235.947
419.584,93.984,59.417,230.916
427.424,89.730,60.731,236.025
417.936,81.359,60.731,236.025
423.425,94.096,59.436,230.991
430.526,91.365,59.436,230.991
434.968,96.177,60.751,236.102
428.827,87.803,60.751,236.102
435.394,99.468,59.456,231.067
436.555,107.725,58.188,226.140
440.904,100.230,59.475,231.143
434.892,95.311,59.475,231.143
437.625,105.695,59.475,231.143
439.264,101.870,59.475,231.143
435.439,98.044,59.475,231.143
437.078,100.776,59.475,231.143
435.439,99.137,59.475,231.143
435.985,104.056,59.475,231.143
436.532,103.509,59.475,231.143
435.985,101.870,59.475,231.143
435.439,106.789,59.475,231.143
433.799,106.242,59.475,231.143
432.159,104.602,59.475,231.143
431.613,108.428,59.475,231.143
428.880,110.068,59.475,231.143
427.240,109.521,59.475,231.143
425.600,108.975,59.475,231.143
425.054,110.615,59.475,231.143
425.600,107.882,59.475,231.143
426.147,105.149,59.475,231.143
422.321,104.602,59.475,231.143
419.588,104.056,59.475,231.143
417.949,105.695,59.475,231.143
416.309,102.963,59.475,231.143
413.576,99.137,59.475,231.143
409.750,96.404,59.475,231.143
408.111,93.671,59.475,231.143
407.564,90.938,59.475,231.143
405.924,88.206,59.475,231.143
405.378,85.473,59.475,231.143
403.738,81.647,59.475,231.143
404.899,81.477,58.207,226.214
408.097,81.312,56.966,221.390
407.191,84.177,55.751,216.668
410.255,84.018,54.562,212.048
408.090,75.950,55.769,216.739
410.653,76.462,55.769,216.739
413.717,80.255,54.580,212.117
415.750,82.034,53.416,207.594
417.222,80.561,53.416,207.594
417.713,79.088,53.416,207.594
416.241,77.616,53.416,207.594
417.713,77.125,53.416,207.594
416.241,76.634,53.416,207.594
416.732,74.180,53.416,207.594
416.241,75.652,53.416,207.594
416.732,74.180,53.416,207.594
416.241,74.670,53.416,207.594
416.732,74.180,53.416,207.594
416.241,73.689,53.416,207.594
416.732,72.216,53.416,207.594
417.222,70.743,53.416,207.594
418.695,70.253,53.416,207.594
419.186,68.780,53.416,207.594
420.659,70.253,53.416,207.594
421.149,69.762,53.416,207.594
421.640,69.271,53.416,207.594
422.131,68.780,53.416,207.594
422.622,70.253,53.416,207.594
423.113,68.780,53.416,207.594
423.604,71.234,53.416,207.594
424.095,69.762,53.416,207.594
424.586,73.198,53.416,207.594
424.682,76.831,52.277,203.167
425.162,78.272,52.277,203.167
425.643,77.792,52.277,203.167
424.202,81.154,52.277,203.167
424.682,80.674,52.277,203.167
424.776,84.229,51.162,198.834
425.775,87.709,50.071,194.594
426.235,87.249,50.071,194.594
427.213,92.428,49.003,190.444
427.663,94.680,49.003,190.444
427.213,96.932,49.003,190.444
427.663,100.084,49.003,190.444
426.312,102.335,49.003,190.444
426.762,106.388,49.003,190.444
426.312,107.739,49.003,190.444
425.862,109.991,49.003,190.444
425.411,111.342,49.003,190.444
424.060,113.594,49.003,190.444
423.610,115.845,49.003,190.444
422.259,118.097,49.003,190.444
421.809,120.348,49.003,190.444
420.458,122.600,49.003,190.444
420.007,126.653,49.003,190.444
419.557,128.004,49.003,190.444
419.107,129.355,49.003,190.444
419.557,130.706,49.003,190.444
419.107,131.156,49.003,190.444
419.557,130.706,49.003,190.444
420.007,132.057,49.003,190.444
420.458,132.507,49.003,190.444
421.809,132.957,49.003,190.444
420.458,133.408,49.003,190.444
420.908,132.057,49.003,190.444
421.358,131.606,49.003,190.444
420.349,131.836,50.087,194.658
419.889,130.455,50.087,194.658
420.349,132.756,50.087,194.658
420.809,130.455,50.087,194.658
421.270,131.836,50.087,194.658
421.730,132.296,50.087,194.658
422.190,133.677,50.087,194.658
423.571,132.296,50.087,194.658
424.952,133.677,50.087,194.658
424.492,132.296,50.087,194.658
424.031,130.915,50.087,194.658
422.650,131.375,50.087,194.658
422.574,129.700,51.196,198.965
423.044,130.170,51.196,198.965
423.515,127.818,51.196,198.965
423.607,128.579,50.104,194.722
423.147,129.039,50.104,194.722
423.607,128.579,50.104,194.722
424.068,129.039,50.104,194.722
424.528,129.500,50.104,194.722
424.452,125.912,51.212,199.030
425.451,127.581,50.120,194.786
424.991,127.120,50.120,194.786
422.688,127.581,50.120,194.786
422.227,128.042,50.120,194.786
421.766,127.581,50.120,194.786
421.306,127.120,50.120,194.786
420.845,125.739,50.120,194.786
421.306,126.199,50.120,194.786
419.318,124.522,51.229,199.095
413.378,122.808,52.363,203.500
410.690,126.369,51.246,199.161
413.543,122.700,52.380,203.567
414.566,127.191,51.263,199.226
413.152,125.778,51.263,199.226
413.624,125.306,51.263,199.226
412.210,124.835,51.263,199.226
411.739,125.306,51.263,199.226
411.268,127.662,51.263,199.226
412.681,124.364,51.263,199.226
408.693,120.694,52.397,203.634
408.613,115.944,53.556,208.139
406.152,115.451,53.556,208.139
406.070,111.617,54.741,212.744
407.030,107.698,55.952,217.451
404.811,103.692,57.190,222.262
405.814,98.507,58.456,227.180
410.184,101.009,59.749,232.206
411.232,94.453,61.071,237.344
409.974,88.916,62.422,242.595
408.688,84.447,63.803,247.962
408.590,87.179,65.215,253.449
408.491,82.510,66.658,259.056
408.389,77.737,68.132,264.788
405.686,72.859,69.640,270.646
404.252,73.185,71.181,276.634
403.598,71.223,71.181,276.634
400.327,73.185,71.181,276.634
399.673,71.223,71.181,276.634
397.711,74.493,71.181,276.634
395.748,72.531,71.181,276.634
396.403,71.877,71.181,276.634
395.748,75.147,71.181,276.634
393.786,74.493,71.181,276.634
395.748,77.764,71.181,276.634
396.403,75.801,71.181,276.634
393.132,76.456,71.181,276.634
389.861,77.110,71.181,276.634
393.132,82.997,71.181,276.634
389.861,83.651,71.181,276.634
386.591,79.072,71.181,276.634
389.241,86.435,69.663,270.735
377.179,80.119,71.204,276.725
381.144,75.021,72.779,282.847
371.318,67.035,74.390,289.105
371.204,61.709,76.036,295.502
369.994,66.880,74.414,289.200
363.840,62.093,74.414,289.200
361.788,60.042,74.414,289.200
362.472,59.358,74.414,289.200
365.891,64.145,74.414,289.200
357.001,59.358,74.414,289.200
350.847,60.042,74.414,289.200
352.898,63.461,74.414,289.200
346.744,61.410,74.414,289.200
346.060,59.358,74.414,289.200
335.802,57.307,74.414,289.200
335.119,51.152,74.414,289.200
333.935,60.168,72.827,283.033
319.880,56.821,72.827,283.033
315.195,57.491,72.827,283.033
310.918,50.888,74.438,289.295
306.129,55.676,74.438,289.295
298.605,53.624,74.438,289.295
297.072,45.456,76.085,295.696
294.974,48.952,76.085,295.696
287.283,49.651,76.085,295.696
285.185,46.155,76.085,295.696
281.689,44.057,76.085,295.696
275.396,48.952,76.085,295.696
273.299,49.651,76.085,295.696
271.201,48.952,76.085,295.696
267.705,51.049,76.085,295.696
265.608,51.749,76.085,295.696
263.510,53.846,76.085,295.696
261.412,50.350,76.085,295.696
257.916,48.253,76.085,295.696
254.420,47.553,76.085,295.696
252.323,51.049,76.085,295.696
250.225,50.350,76.085,295.696
249.526,51.049,76.085,295.696
248.827,53.147,76.085,295.696
246.729,55.245,76.085,295.696
244.171,60.419,74.463,289.390
244.855,59.735,74.463,289.390
244.171,60.419,74.463,289.390
244.855,66.578,74.463,289.390
243.670,70.323,72.875,283.219
243.001,73.672,72.875,283.219
242.889,69.844,74.487,289.485
242.205,66.421,74.487,289.485
240.671,69.610,76.135,295.890
242.157,74.788,74.512,289.580
242.842,78.212,74.512,289.580
241.307,70.036,76.160,295.987
240.607,72.135,76.160,295.987
239.907,68.636,76.160,295.987
237.346,77.863,74.536,289.675
238.031,73.069,74.536,289.675
239.486,78.138,72.947,283.497
241.497,84.171,72.947,283.497
244.168,78.948,74.561,289.770
244.853,76.893,74.561,289.770
243.317,80.085,76.210,296.181
246.819,82.186,76.210,296.181
247.519,85.688,76.210,296.181
245.418,80.786,76.210,296.181
246.119,84.287,76.210,296.181
246.819,82.186,76.210,296.181
245.606,95.470,74.585,289.865
244.921,89.301,74.585,289.865
240.123,94.099,74.585,289.865
238.067,93.414,74.585,289.865
234.640,95.470,74.585,289.865
235.325,92.043,74.585,289.865
230.527,95.470,74.585,289.865
229.842,93.414,74.585,289.865
227.786,92.728,74.585,289.865
225.729,96.155,74.585,289.865
223.222,98.585,72.994,283.683
223.353,98.377,71.438,277.634
222.217,98.174,69.914,271.713
221.574,93.676,69.914,271.713
219.223,102.147,68.423,265.919
214.822,86.427,68.423,265.919
211.678,89.571,68.423,265.919
211.049,80.139,68.423,265.919
210.420,74.480,68.423,265.919
184.221,14.782,69.937,271.802
193.020,9.627,68.446,266.006
198.136,8.642,69.960,271.891
201.350,7.999,69.960,271.891
203.279,8.642,69.960,271.891
202.636,10.571,69.960,271.891
207.137,11.214,69.960,271.891
207.780,4.142,69.960,271.891
209.708,3.499,69.960,271.891
215.495,-7.431,69.960,271.891
226.424,-6.788,69.960,271.891
233.496,-16.431,69.960,271.891
244.426,-10.645,69.960,271.891
251.498,-21.575,69.960,271.891
262.427,-26.075,69.960,271.891
270.785,-22.860,69.960,271.891
275.869,-28.017,68.468,266.093
282.292,-25.086,69.983,271.980
286.189,-24.758,71.532,277.998
298.678,-20.157,71.532,277.998
304.595,-28.702,71.532,277.998
311.825,-33.304,71.532,277.998
317.742,-24.758,71.532,277.998
326.287,-21.471,71.532,277.998
333.518,-11.611,71.532,277.998
339.434,-20.157,71.532,277.998
347.509,15.642,73.114,284.149
353.556,14.970,73.114,284.149
358.259,-26.015,73.114,284.149
364.306,-29.375,73.114,284.149
374.385,-28.703,73.114,284.149
380.432,-33.406,73.114,284.149
386.479,-31.391,73.114,284.149
395.214,-29.375,73.114,284.149
402.605,-42.141,73.114,284.149
405.281,-37.616,74.732,290.435
415.142,-37.267,76.385,296.861
427.459,-45.603,74.756,290.531
437.323,-36.701,76.410,296.959
443.643,-47.233,76.410,296.959
448.558,-43.722,76.410,296.959
455.464,-48.001,74.781,290.626
462.480,-40.521,76.435,297.056
468.034,-42.093,74.805,290.721
474.221,-33.156,74.805,290.721
483.632,-36.020,73.210,284.521
491.033,-29.965,73.210,284.521
493.051,-27.946,73.210,284.521
499.106,-23.237,73.210,284.521
503.815,-30.638,73.210,284.521
509.870,-24.583,73.210,284.521
519.962,-34.674,73.210,284.521
524.672,-28.619,73.210,284.521
533.418,-21.219,73.210,284.521
532.745,-31.310,73.210,284.521
545.528,-36.020,73.210,284.521
553.792,-30.093,74.830,290.816
564.107,-40.408,74.830,290.816
559.712,-37.204,76.486,297.251
573.399,-45.552,74.854,290.912
576.187,-48.417,73.258,284.708
576.075,-48.074,74.879,291.007
578.816,-50.580,76.536,297.446
383.135,70.911,78.229,304.027
350.016,73.460,76.561,297.543
350.155,81.379,74.928,291.198
347.635,81.166,73.330,284.988
346.469,83.555,71.766,278.911
346.598,93.521,70.236,272.963
345.481,95.810,68.738,267.142
346.822,104.138,67.272,261.445
346.944,103.946,65.838,255.870
344.730,104.925,64.434,250.413
345.322,111.438,64.434,250.413
344.297,111.255,63.060,245.073
344.877,115.311,63.060,245.073
343.873,117.366,61.715,239.847
344.440,120.202,61.715,239.847
343.873,119.635,61.715,239.847
342.172,121.336,61.715,239.847
341.605,119.635,61.715,239.847
341.038,119.067,61.715,239.847
339.336,118.500,61.715,239.847
338.769,116.799,61.715,239.847
337.068,116.232,61.715,239.847
336.500,119.067,61.715,239.847
334.799,117.366,61.715,239.847
333.098,122.470,61.715,239.847
330.262,124.172,61.715,239.847
329.695,123.605,61.715,239.847
327.993,121.903,61.715,239.847
325.158,125.873,61.715,239.847
324.591,124.172,61.715,239.847
322.889,125.873,61.715,239.847
322.322,127.575,61.715,239.847
321.755,128.142,61.715,239.847
320.053,126.440,61.715,239.847
318.352,130.410,61.715,239.847
317.785,129.843,61.715,239.847
316.803,134.040,60.399,234.732
315.842,134.938,59.111,229.726
315.299,134.395,59.111,229.726
312.583,133.852,59.111,229.726
308.780,137.654,59.111,229.726
307.151,136.025,59.111,229.726
302.262,140.914,59.111,229.726
299.546,140.370,59.111,229.726
296.830,140.914,59.111,229.726
294.114,139.284,59.111,229.726
290.311,138.741,59.111,229.726
286.509,141.457,59.111,229.726
284.879,140.914,59.111,229.726
282.891,144.934,57.850,224.827
280.233,146.529,57.850,224.827
277.263,146.364,56.617,220.033
274.662,151.047,56.617,220.033
273.101,148.445,56.617,220.033
270.500,147.925,56.617,220.033
268.939,149.486,56.617,220.033
267.035,150.327,55.409,215.341
264.489,150.836,55.409,215.341
261.644,155.587,54.228,210.748
259.153,155.088,54.228,210.748
257.658,157.580,54.228,210.748
255.834,158.386,53.071,206.254
254.050,160.115,51.939,201.856
251.663,159.638,51.939,201.856
249.917,165.931,50.832,197.551
248.515,162.661,50.832,197.551
246.806,167.919,49.748,193.338
244.252,169.540,48.687,189.215
242.015,170.882,48.687,189.215
240.378,173.331,47.649,185.180
238.776,174.883,46.633,181.231
236.382,178.055,45.638,177.366
234.847,180.350,44.665,173.584
232.795,179.119,44.665,173.584
229.921,181.992,44.665,173.584
