264.000,311.000,37.000,69.000
265.031,309.556,37.000,69.000
264.825,309.350,37.000,69.000
265.856,305.843,37.000,69.000
266.475,301.512,37.000,69.000
267.507,297.180,37.000,69.000
267.739,294.918,37.819,70.527
268.793,294.286,37.819,70.527
269.031,292.850,38.655,72.087
269.247,291.341,38.655,72.087
267.374,293.148,37.831,70.550
265.054,295.046,37.831,70.550
264.421,295.257,37.831,70.550
263.808,292.147,37.024,69.045
263.602,292.766,37.024,69.045
262.157,292.973,37.024,69.045
260.761,291.521,36.235,67.573
258.474,290.983,37.036,69.068
256.565,288.719,37.856,70.596
253.400,289.352,37.856,70.596
250.345,290.715,37.049,69.091
248.864,285.022,37.868,70.619
248.250,285.572,37.061,69.113
247.630,282.886,37.061,69.113
247.011,280.613,37.061,69.113
246.391,280.407,37.061,69.113
246.189,283.732,36.270,67.639
245.986,281.913,36.270,67.639
245.399,284.388,35.497,66.197
245.205,286.429,34.740,64.785
242.208,295.558,35.509,66.219
241.615,296.152,35.509,66.219
244.584,293.974,35.509,66.219
240.289,283.178,36.294,67.684
235.231,281.762,36.294,67.684
232.600,279.131,36.294,67.684
272.056,299.567,36.294,67.684
279.137,299.770,36.294,67.684
286.219,297.139,36.294,67.684
293.301,296.937,36.294,67.684
301.192,295.925,36.294,67.684
307.235,301.132,35.520,66.240
316.584,302.030,34.763,64.828
325.692,302.999,34.763,64.828
332.863,305.518,34.763,64.828
339.646,306.487,34.763,64.828
349.917,307.456,34.763,64.828
358.638,309.200,34.763,64.828
366.196,307.843,34.763,64.828
373.367,309.975,34.763,64.828
383.637,311.227,34.021,63.445
392.552,311.796,34.021,63.445
402.604,312.365,34.021,63.445
412.290,313.590,33.296,62.092
422.499,314.889,33.296,62.092
432.708,316.560,33.296,62.092
441.114,314.180,32.586,60.768
446.382,315.815,32.586,60.768
449.356,320.140,31.891,59.472
451.581,325.401,31.211,58.204
452.861,324.216,31.901,59.492
461.258,322.279,31.221,58.223
464.778,318.706,30.555,56.981
464.970,316.485,31.231,58.242
465.471,319.287,30.565,57.000
464.602,317.773,31.242,58.261
465.160,320.200,31.933,59.550
464.300,322.723,31.252,58.280
464.135,321.174,31.943,59.570
464.304,321.981,31.262,58.299
463.415,320.070,31.954,59.589
464.356,318.487,32.661,60.908
464.528,318.961,31.964,59.609
462.511,317.377,32.671,60.928
462.329,317.559,32.671,60.928
463.668,313.673,33.394,62.276
461.560,315.108,34.133,63.654
461.374,317.071,33.405,62.296
462.269,315.043,32.693,60.968
462.793,316.922,31.996,59.668
463.364,319.408,32.704,60.988
462.813,321.571,33.427,62.337
461.882,321.385,33.427,62.337
462.441,322.689,33.427,62.337
462.264,321.420,34.167,63.716
463.270,322.493,34.923,65.126
463.079,324.501,34.178,63.737
462.525,324.630,33.449,62.378
463.831,327.427,33.449,62.378
463.648,327.553,32.736,61.048
463.117,329.083,32.038,59.746
464.664,330.926,31.354,58.472
464.156,331.717,30.686,57.225
464.978,331.173,30.031,56.004
463.777,331.770,30.696,57.244
463.970,332.734,31.375,58.510
415.170,283.634,32.069,59.805
402.477,236.257,32.069,59.805
405.748,240.169,31.385,58.529
410.299,242.985,30.716,57.281
413.335,244.306,31.396,58.548
417.550,243.749,30.726,57.300
420.804,242.893,30.726,57.300
421.353,245.280,31.406,58.568
426.582,247.761,30.736,57.319
428.467,246.219,30.736,57.319
432.263,248.977,30.081,56.096
435.449,248.474,30.081,56.096
438.422,249.419,30.746,57.337
442.219,249.535,30.091,56.115
442.408,250.481,30.756,57.356
446.160,251.803,31.437,58.625
449.630,249.518,32.132,59.922
450.576,247.554,32.843,61.248
454.961,246.687,33.570,62.603
457.503,247.742,34.313,63.988
458.512,245.645,35.072,65.404
461.336,248.038,34.324,64.009
460.758,247.131,35.083,65.426
410.798,263.099,34.335,64.030
414.589,259.412,35.095,65.447
414.404,260.108,35.871,66.895
416.289,259.161,36.665,68.375
415.671,259.889,37.476,69.888
418.508,261.067,38.305,71.434
388.174,313.228,39.153,73.015
393.403,318.082,40.019,74.630
397.195,317.859,40.019,74.630
401.434,320.313,40.019,74.630
407.237,323.044,39.166,73.039
413.132,321.515,39.166,73.039
417.456,320.481,40.032,74.655
423.036,320.704,40.032,74.655
427.455,321.962,40.918,76.306
431.333,325.384,40.918,76.306
435.947,328.616,40.045,74.679
438.849,328.839,40.045,74.679
442.644,331.295,40.045,74.679
444.653,332.858,40.045,74.679
449.169,334.730,39.191,73.086
454.430,333.614,38.356,71.528
454.633,330.873,37.538,70.003
416.105,336.662,36.737,68.510
415.509,340.353,35.954,67.049
417.245,341.262,35.187,65.619
419.010,340.673,35.187,65.619
419.197,341.562,34.437,64.220
421.308,340.602,34.437,64.220
421.500,339.642,34.437,64.220
422.844,340.986,34.437,64.220
423.061,341.271,35.198,65.640
424.827,342.252,35.198,65.640
428.948,340.879,35.198,65.640
428.751,341.075,35.198,65.640
432.637,341.367,35.977,67.093
432.828,342.662,35.210,65.662
435.284,341.660,34.459,64.262
438.059,343.641,33.724,62.891
441.499,345.218,33.005,61.550
441.325,344.728,33.735,62.912
445.650,344.539,33.735,62.912
446.916,346.117,33.016,61.570
450.994,344.822,32.312,60.257
451.859,346.332,31.623,58.972
455.209,346.156,31.623,58.972
434.935,332.934,31.623,58.972
438.061,334.294,32.322,60.277
442.377,331.196,33.038,61.611
446.981,331.749,33.038,61.611
450.706,333.293,32.333,60.297
452.689,335.276,32.333,60.297
455.754,336.178,32.333,60.297
457.827,336.820,33.048,61.631
458.011,335.161,33.048,61.631
460.131,334.288,33.780,62.994
457.608,332.224,34.527,64.388
461.501,336.807,33.791,63.015
463.495,336.207,33.070,61.671
461.791,332.656,33.802,63.036
461.243,331.330,33.081,61.692
458.389,328.543,33.813,63.056
462.514,326.868,34.561,64.452
460.468,320.312,33.824,63.077
452.855,313.941,34.572,64.473
455.072,310.628,35.337,65.899
458.156,255.328,36.119,67.357
456.746,242.239,36.119,67.357
450.102,215.459,36.119,67.357
447.822,211.162,36.918,68.847
448.908,209.333,37.735,70.371
449.118,209.543,37.735,70.371
449.750,206.808,37.735,70.371
448.733,204.517,36.930,68.870
450.515,203.862,36.143,67.401
454.202,202.056,35.372,65.964
457.949,192.394,35.372,65.964
454.898,190.232,36.155,67.423
453.147,183.374,35.384,65.986
451.323,179.165,36.166,67.446
454.060,181.557,36.967,68.938
456.739,179.290,36.967,68.938
454.834,174.892,37.785,70.463
453.323,172.583,38.621,72.022
443.204,156.866,38.621,72.022
443.823,154.936,37.797,70.486
446.460,155.891,36.991,68.983
449.141,157.747,36.991,68.983
450.927,157.488,36.202,67.512
450.321,159.708,36.202,67.512
414.331,165.680,35.430,66.072
414.923,167.063,35.430,66.072
418.157,166.816,34.674,64.663
421.694,167.692,33.935,63.284
422.261,169.016,33.935,63.284
426.452,169.144,33.211,61.935
426.985,170.696,32.503,60.614
431.153,170.515,32.503,60.614
433.871,171.059,32.503,60.614
436.589,170.877,32.503,60.614
438.856,173.794,31.810,59.321
442.226,173.617,31.810,59.321
440.985,175.213,31.810,59.321
445.418,177.164,31.810,59.321
448.433,176.632,31.810,59.321
448.610,176.454,31.810,59.321
451.625,176.986,31.810,59.321
453.221,175.036,31.810,59.321
455.440,175.155,31.132,58.056
454.267,175.942,30.468,56.818
454.097,177.810,30.468,56.818
455.240,180.544,29.818,55.607
455.718,180.656,29.182,54.421
454.932,182.021,28.560,53.260
457.538,183.663,27.951,52.124
459.488,182.567,27.355,51.013
458.751,182.963,26.771,49.925
459.180,182.489,26.200,48.860
460.445,182.306,25.642,47.818
459.203,181.851,25.095,46.799
460.232,182.059,25.650,47.834
460.643,182.983,25.103,46.814
458.887,181.459,24.568,45.816
458.751,179.130,24.568,45.816
457.824,174.206,24.044,44.839
459.244,168.612,23.531,43.882
458.847,165.541,24.052,44.853
458.998,166.575,24.584,45.846
433.370,151.088,24.584,45.846
434.055,149.854,24.584,45.846
431.279,145.984,24.060,44.868
431.147,143.230,23.547,43.911
425.958,141.548,23.044,42.975
423.356,141.139,22.553,42.058
423.233,143.163,22.072,41.161
425.959,145.618,21.601,40.284
429.210,145.498,21.601,40.284
429.096,143.928,22.079,41.175
430.399,144.011,21.608,40.297
431.442,145.021,21.148,39.437
429.129,143.239,21.616,40.310
430.405,143.321,21.155,39.450
430.289,144.310,20.703,38.609
430.621,143.942,20.262,37.786
430.983,144.814,20.710,38.622
434.331,146.776,20.710,38.622
436.222,147.522,20.269,37.798
437.916,148.539,20.269,37.798
440.638,150.793,19.836,36.992
443.181,152.673,19.836,36.992
442.433,152.961,19.413,36.203
443.370,152.617,18.999,35.431
443.471,152.893,18.594,34.676
443.367,152.582,18.594,34.676
445.264,152.452,18.198,33.936
446.583,153.771,18.198,33.936
447.960,153.711,18.600,34.687
449.931,154.437,18.600,34.687
449.832,153.085,19.012,35.454
449.952,153.463,19.432,36.239
450.749,154.748,19.862,37.041
452.775,154.609,19.439,36.251
453.122,155.894,19.869,37.053
453.233,154.454,19.869,37.053
455.900,156.451,19.445,36.263
458.497,156.612,19.875,37.065
459.670,156.473,19.452,36.275
461.296,154.847,19.452,36.275
462.862,156.174,19.037,35.501
465.009,154.609,18.631,34.744
467.310,154.079,18.233,34.003
468.778,153.951,17.845,33.278
468.065,153.893,18.239,34.014
469.337,153.570,17.850,33.289
463.101,175.506,17.470,32.579
465.071,174.257,17.097,31.884
465.896,175.424,16.733,31.204
467.783,175.128,16.376,30.539
469.883,175.584,16.376,30.539
471.729,177.054,16.027,29.887
457.184,169.956,16.381,30.549
458.234,167.439,16.744,31.225
462.020,167.965,17.114,31.915
464.503,166.325,17.493,32.622
466.232,164.244,17.880,33.343
455.566,167.962,17.498,32.632
458.915,163.249,17.886,33.354
463.372,162.363,18.281,34.092
466.023,167.737,17.891,33.365
469.861,168.920,18.287,34.103
463.841,196.572,18.692,34.858
464.744,195.638,18.293,34.115
465.457,196.760,18.293,34.115
458.280,189.358,17.903,33.387
459.428,188.057,18.299,34.126
461.025,187.574,18.704,34.881
460.061,187.080,19.118,35.653
457.306,186.353,19.541,36.441
457.429,187.420,19.973,37.248
459.865,185.506,20.415,38.072
456.924,182.841,20.867,38.914
456.572,186.635,21.329,39.775
455.966,207.290,21.801,40.655
458.275,209.599,21.801,40.655
460.584,210.936,21.801,40.655
461.435,212.030,21.801,40.655
463.501,210.450,21.801,40.655
461.921,211.544,21.801,40.655
462.563,210.968,22.283,41.555
464.178,210.098,22.283,41.555
464.799,212.707,22.283,41.555
465.917,211.341,22.283,41.555
464.768,209.721,22.776,42.474
465.868,211.275,22.290,41.568
465.246,212.145,22.290,41.568
464.355,211.041,22.783,42.488
464.720,208.188,22.298,41.582
463.313,210.694,22.791,42.502
463.984,215.102,23.295,43.442
465.609,202.672,22.798,42.516
450.192,237.146,23.303,43.456
452.661,233.638,23.303,43.456
454.694,231.944,23.818,44.418
453.234,236.592,23.818,44.418
453.101,238.318,23.818,44.418
451.179,235.336,23.310,43.471
452.089,229.488,23.310,43.471
451.157,223.210,23.826,44.432
451.031,223.958,24.353,45.416
448.649,224.442,24.892,46.420
448.245,225.873,24.361,45.430
446.480,226.552,24.361,45.430
446.633,227.318,24.900,46.436
445.637,227.812,25.451,47.463
446.092,229.201,26.014,48.513
447.107,231.666,26.014,48.513
446.686,235.119,25.460,47.479
447.140,235.330,26.023,48.529
448.117,237.665,25.468,47.494
448.525,239.677,24.925,46.481
449.498,238.427,24.925,46.481
451.385,238.922,25.476,47.510
452.067,240.934,24.933,46.497
450.591,243.171,24.401,45.505
450.720,244.837,23.881,44.535
450.590,245.953,23.372,43.585
451.007,243.443,23.889,44.549
450.620,246.100,23.379,43.599
448.874,248.187,23.897,44.564
446.609,251.251,23.897,44.564
461.117,265.723,23.387,43.613
459.100,264.293,23.904,44.578
453.902,263.361,23.904,44.578
452.970,264.826,23.904,44.578
452.037,266.825,23.904,44.578
451.637,270.424,23.904,44.578
451.504,274.821,23.904,44.578
454.036,279.752,23.904,44.578
453.103,281.751,23.904,44.578
455.102,284.816,23.904,44.578
456.035,286.548,23.904,44.578
454.569,286.682,23.904,44.578
452.836,288.681,23.904,44.578
451.637,289.347,23.904,44.578
450.171,288.681,23.904,44.578
449.505,289.880,23.904,44.578
447.772,290.813,23.904,44.578
445.773,291.746,23.904,44.578
445.094,294.986,24.433,45.565
443.835,298.580,24.974,46.573
444.531,299.276,24.974,46.573
446.005,299.638,24.441,45.580
444.778,300.865,24.441,45.580
444.370,303.999,24.441,45.580
443.416,304.952,24.441,45.580
443.825,306.996,24.441,45.580
442.326,309.313,24.441,45.580
441.917,310.539,24.441,45.580
440.691,311.765,24.441,45.580
441.645,314.082,24.441,45.580
440.418,316.398,24.441,45.580
438.647,317.624,24.441,45.580
440.963,318.033,24.441,45.580
441.100,319.532,24.441,45.580
442.598,318.851,24.441,45.580
445.732,320.622,24.441,45.580
447.504,321.848,24.441,45.580
449.547,320.895,24.441,45.580
452.136,320.758,24.441,45.580
454.725,317.897,24.441,45.580
457.859,318.306,24.441,45.580
458.514,318.923,23.920,44.608
460.514,320.123,23.920,44.608
462.514,317.323,23.920,44.608
465.211,316.899,23.410,43.656
463.323,314.471,22.911,42.725
454.334,347.550,22.422,41.814
452.959,345.925,22.422,41.814
455.005,347.214,21.944,40.923
456.666,344.858,22.429,41.828
458.623,342.709,22.926,42.753
422.965,318.500,23.433,43.699
397.753,333.001,23.433,43.699
401.019,333.915,23.433,43.699
404.165,335.766,22.933,42.767
405.571,337.172,22.933,42.767
407.489,337.556,22.933,42.767
408.639,338.707,22.933,42.767
410.301,340.369,22.933,42.767
412.219,339.985,22.933,42.767
413.370,339.090,22.933,42.767
415.799,338.962,22.933,42.767
417.461,338.834,22.933,42.767
419.634,336.150,22.933,42.767
418.995,334.488,22.933,42.767
421.169,335.383,22.933,42.767
421.041,334.488,22.933,42.767
421.936,334.615,22.933,42.767
421.808,335.510,22.933,42.767
423.214,335.127,22.933,42.767
422.575,334.743,22.933,42.767
424.237,337.172,22.933,42.767
423.853,338.067,22.933,42.767
425.771,338.962,22.933,42.767
428.111,338.802,22.444,41.855
428.736,337.426,22.444,41.855
430.863,337.301,22.444,41.855
431.489,337.176,22.444,41.855
432.115,337.801,22.444,41.855
431.989,338.177,22.444,41.855
433.616,339.553,22.444,41.855
435.743,340.179,22.444,41.855
438.621,340.804,22.444,41.855
439.247,341.680,22.444,41.855
441.874,341.805,22.444,41.855
443.751,340.429,22.444,41.855
445.127,340.804,22.444,41.855
446.754,340.679,22.444,41.855
447.880,340.304,22.444,41.855
448.506,339.428,22.444,41.855
448.881,340.554,22.444,41.855
450.758,341.430,22.444,41.855
451.884,338.802,22.444,41.855
454.762,339.428,22.444,41.855
457.139,338.552,22.444,41.855
460.768,334.423,22.444,41.855
463.540,334.266,21.966,40.963
462.927,335.368,21.966,40.963
465.254,334.511,21.966,40.963
464.376,333.677,22.452,41.869
463.478,333.084,22.948,42.795
465.397,332.700,22.948,42.795
464.502,333.340,22.948,42.795
466.770,334.061,23.456,43.742
465.561,334.527,23.975,44.710
465.427,333.324,23.975,44.710
465.296,336.506,23.464,43.757
466.681,339.872,22.963,42.824
466.041,340.512,22.963,42.824
464.188,345.534,22.474,41.910
465.889,347.280,22.971,42.838
464.174,356.240,23.479,43.785
462.532,366.169,22.978,42.852
460.550,367.954,23.487,43.800
462.188,368.042,22.986,42.866
460.334,368.623,22.496,41.952
461.776,366.988,22.993,42.880
462.417,369.167,22.993,42.880
464.763,368.512,22.503,41.965
466.333,366.904,22.023,41.070
467.192,367.272,22.023,41.070
466.821,367.965,22.511,41.979
466.963,365.026,23.009,42.908
467.640,363.886,23.518,43.857
468.775,362.711,23.016,42.922
468.897,360.077,22.525,42.007
467.736,358.961,23.024,42.936
468.680,359.152,23.533,43.886
468.045,357.723,23.031,42.950
467.920,359.047,22.540,42.034
468.844,358.712,23.039,42.964
469.708,359.542,22.547,42.048
468.858,363.746,22.067,41.151
469.924,366.912,21.596,40.274
469.109,369.314,21.135,39.415
468.753,368.511,21.603,40.287
469.389,369.190,22.081,41.178
468.557,368.562,21.610,40.300
468.943,367.491,22.088,41.192
468.826,369.207,22.577,42.103
468.700,370.591,22.577,42.103
468.820,370.676,22.096,41.205
468.936,370.522,21.624,40.327
469.748,370.371,21.163,39.467
469.632,370.223,20.712,38.625
469.519,371.637,20.270,37.801
469.647,371.336,20.719,38.638
469.756,373.418,20.277,37.814
469.646,372.840,19.844,37.007
469.312,373.005,20.284,37.826
470.291,373.081,19.851,37.019
469.329,374.436,19.428,36.230
470.267,371.795,19.013,35.457
469.947,370.853,19.434,36.242
469.838,374.645,19.434,36.242
469.061,377.279,19.864,37.044
470.447,376.286,19.440,36.254
469.505,375.733,19.026,35.481
469.405,375.450,19.447,36.266
468.852,376.286,19.877,37.068
469.598,378.711,19.453,36.277
469.946,378.197,19.884,37.080
469.624,380.409,19.460,36.289
469.746,379.444,19.890,37.092
470.065,378.664,19.466,36.301
470.586,378.110,19.051,35.527
470.045,377.386,19.472,36.313
470.393,376.422,19.903,37.117
469.642,374.999,19.479,36.325
470.216,372.457,19.910,37.129
469.465,370.178,19.485,36.337
469.359,369.205,19.070,35.562
470.894,371.121,18.663,34.804
470.796,369.332,19.076,35.574
469.812,368.608,19.498,36.361
470.611,368.995,19.929,37.165
469.584,367.777,20.370,37.988
469.241,368.888,20.821,38.828
469.127,370.309,20.377,38.000
469.727,370.714,20.828,38.841
470.061,371.464,20.384,38.012
469.950,372.636,19.949,37.202
469.614,371.878,20.390,38.025
469.502,371.736,19.955,37.214
470.037,371.811,19.530,36.420
470.140,372.934,19.113,35.644
470.036,374.033,18.706,34.884
469.721,372.890,19.120,35.655
469.616,371.729,18.712,34.895
470.922,371.598,18.313,34.151
470.822,373.635,17.922,33.423
470.724,374.858,17.540,32.710
471.194,374.170,17.166,32.012
471.469,375.711,16.800,31.330
471.558,377.760,16.442,30.662
471.468,378.882,16.091,30.008
471.035,382.055,15.748,29.368
471.862,382.186,16.096,30.018
471.428,384.322,15.753,29.377
471.004,385.397,15.417,28.751
471.814,385.882,15.758,29.387
471.220,384.756,15.422,28.760
472.793,386.305,15.093,28.147
471.492,386.605,15.427,28.770
471.407,383.845,15.098,28.156
472.785,381.143,14.776,27.556
471.853,380.582,15.103,28.166
471.770,380.314,14.781,27.565
472.325,379.258,14.466,26.977
472.091,378.690,14.157,26.402
473.078,377.526,13.856,25.839
472.556,377.727,13.560,25.288
473.502,379.090,13.271,24.748
472.664,379.507,13.565,25.296
473.902,378.100,13.275,24.757
472.911,378.518,13.569,25.304
472.254,377.985,13.280,24.765
473.259,376.713,13.573,25.313
472.747,376.472,13.284,24.773
473.599,375.353,13.578,25.321
472.941,376.571,13.288,24.781
472.297,377.621,13.005,24.252
473.131,376.977,13.293,24.789
472.487,378.312,13.009,24.260
473.171,380.377,13.297,24.797
472.813,381.570,13.013,24.268
473.466,380.482,13.013,24.268
472.644,379.686,13.301,24.805
473.190,379.181,13.596,25.354
472.677,378.940,13.306,24.813
473.223,378.435,13.600,25.362
472.521,380.593,13.901,25.924
473.491,380.047,13.605,25.371
472.475,380.790,13.906,25.932
472.549,380.394,13.609,25.379
472.036,380.006,13.319,24.838
473.251,380.199,13.035,24.308
472.429,379.855,13.323,24.846
471.588,379.041,13.618,25.396
472.684,380.409,13.328,24.854
471.895,382.035,13.043,24.324
472.732,382.445,13.332,24.862
472.045,382.864,13.627,25.412
472.288,382.189,13.928,25.975
473.110,382.690,13.631,25.421
472.596,383.767,13.341,24.879
472.237,383.817,13.056,24.348
472.726,384.989,12.778,23.829
472.657,385.723,12.505,23.321
472.735,386.406,12.782,23.837
473.352,387.827,12.509,23.328
473.015,388.950,12.243,22.831
473.659,389.476,12.513,23.336
473.187,388.717,12.247,22.838
472.725,388.499,11.985,22.351
473.304,388.158,11.730,21.875
474.248,389.337,11.480,21.408
474.309,389.257,11.235,20.952
473.886,389.903,10.995,20.505
474.336,389.358,11.239,20.958
473.913,389.279,10.999,20.512
473.346,388.480,11.242,20.965
474.067,385.842,11.491,21.429
473.075,384.741,11.745,21.903
474.021,382.639,11.495,21.436
473.588,381.942,11.250,20.979
474.179,379.302,11.499,21.443
473.746,378.851,11.253,20.986
474.598,375.820,11.502,21.450
473.605,372.589,11.757,21.925
474.678,370.738,11.506,21.457
473.952,370.966,11.761,21.932
473.074,371.608,12.021,22.417
473.783,374.108,11.765,21.939
473.213,374.658,11.514,21.471
473.419,375.419,11.768,21.946
472.676,374.972,12.029,22.432
472.998,375.018,11.772,21.954
473.617,377.566,12.033,22.439
473.034,378.646,11.776,21.961
473.926,379.425,12.037,22.447
473.166,378.411,12.303,22.943
472.702,378.986,12.041,22.454
473.283,379.419,11.784,21.975
473.630,380.335,12.045,22.461
472.730,381.410,12.311,22.958
473.662,382.082,12.583,23.466
473.053,383.076,12.315,22.966
472.133,384.033,12.588,23.474
473.146,385.298,12.319,22.973
472.084,383.975,12.592,23.482
472.962,385.781,12.323,22.981
472.470,383.888,12.596,23.489
472.986,380.641,12.874,24.009
473.365,377.620,13.159,24.540
472.586,374.841,12.879,24.017
472.071,370.925,13.164,24.548
470.585,369.985,12.883,24.025
467.387,370.390,13.168,24.556
473.333,350.789,13.168,24.556
470.006,346.027,12.887,24.033
467.348,342.938,12.887,24.033
462.966,344.591,12.887,24.033
459.158,347.536,12.887,24.033
453.051,349.332,12.887,24.033
449.675,350.554,12.887,24.033
449.459,352.637,12.887,24.033
447.232,357.163,12.887,24.033
439.257,361.258,12.887,24.033
432.124,363.523,12.612,23.520
426.428,360.781,12.612,23.520
421.014,359.445,12.612,23.520
416.863,356.339,12.891,24.041
413.341,352.387,12.891,24.041
412.694,351.596,12.891,24.041
412.070,351.645,12.616,23.528
416.642,353.966,12.616,23.528
421.454,353.742,12.347,23.026
426.479,350.782,12.347,23.026
430.127,351.952,12.347,23.026
435.014,354.224,12.347,23.026
440.039,355.945,12.347,23.026
445.064,357.115,12.347,23.026
448.437,355.532,12.347,23.026
450.433,355.325,12.347,23.026
456.560,356.908,12.347,23.026
458.780,355.440,12.621,23.536
462.650,355.369,12.621,23.536
465.956,354.736,12.621,23.536
468.982,352.414,12.621,23.536
470.881,353.751,12.621,23.536
472.421,353.564,12.900,24.056
469.667,373.219,13.185,24.589
470.970,369.668,13.477,25.133
472.345,370.587,13.190,24.597
472.981,372.054,12.908,24.072
473.510,369.324,13.194,24.605
472.220,369.586,13.486,25.149
472.146,372.970,13.198,24.613
471.932,375.999,12.917,24.088
473.250,376.603,12.641,23.574
472.452,377.146,12.921,24.096
473.131,378.001,13.207,24.629
472.349,379.753,12.925,24.104
473.029,380.160,13.211,24.637
472.389,381.771,12.929,24.112
473.218,380.233,13.216,24.645
472.702,378.981,13.216,24.645
473.550,377.714,13.508,25.190
473.040,377.475,13.220,24.653
472.684,377.525,12.938,24.128
473.813,378.530,13.224,24.661
473.896,377.263,13.517,25.207
473.387,378.330,13.229,24.669
473.030,379.091,12.946,24.143
472.063,382.044,13.233,24.678
463.727,402.206,13.526,25.224
464.282,402.318,13.825,25.782
469.007,396.036,14.131,26.352
470.144,392.900,13.829,25.790
471.831,389.335,14.135,26.361
473.065,390.434,14.448,26.944
472.209,390.178,14.140,26.369
470.157,390.231,13.839,25.807
470.974,380.914,13.543,25.257
472.064,381.547,13.255,24.718
473.274,380.884,12.972,24.191
472.155,382.192,13.259,24.726
473.365,383.952,12.976,24.199
472.569,385.037,12.976,24.199
472.497,386.412,12.976,24.199
472.858,387.208,12.976,24.199
472.786,387.859,12.976,24.199
471.817,387.216,13.263,24.734
472.742,387.978,12.980,24.207
471.773,388.386,13.268,24.742
472.984,389.292,12.985,24.215
472.014,389.249,13.272,24.750
471.483,391.816,13.566,25.298
472.576,392.596,13.276,24.759
471.891,395.009,13.570,25.306
471.525,395.935,13.281,24.767
472.738,398.983,12.997,24.239
472.955,401.519,12.997,24.239
472.186,402.406,12.720,23.722
471.843,405.051,12.449,23.216
472.785,407.314,12.724,23.729
472.716,410.370,12.453,23.223
473.317,413.228,12.188,22.728
473.957,415.444,12.457,23.231
473.027,415.259,12.733,23.745
474.052,415.854,12.461,23.239
473.122,416.390,12.737,23.753
474.010,419.038,12.465,23.246
473.406,422.568,12.200,22.751
472.213,423.234,12.469,23.254
473.351,424.621,12.204,22.758
474.416,425.428,12.474,23.261
473.678,426.011,12.208,22.765
472.955,425.795,11.947,22.280
473.859,426.999,12.212,22.773
473.399,427.439,11.951,22.287
474.361,430.695,11.696,21.812
473.217,430.521,11.955,22.295
474.180,432.493,11.700,21.819
473.739,434.926,11.451,21.354
474.076,435.684,11.704,21.826
473.201,436.593,11.963,22.309
474.293,438.052,11.708,21.833
473.148,437.337,11.967,22.316
473.854,434.424,11.712,21.841
473.161,429.811,11.462,21.375
473.896,425.265,11.715,21.848
473.203,422.665,11.466,21.382
473.938,417.588,11.719,21.855
473.244,413.602,11.469,21.389
472.388,410.513,11.723,21.862
472.868,407.626,11.983,22.346
473.962,403.551,11.727,21.869
473.520,403.217,11.477,21.403
473.990,400.657,11.731,21.876
472.707,398.990,11.990,22.360
473.801,394.396,11.735,21.884
472.981,396.962,11.484,21.417
473.717,396.526,11.739,21.891
473.148,396.949,11.488,21.424
474.018,397.310,11.742,21.898
473.141,397.815,12.002,22.382
473.978,398.763,11.746,21.905
473.536,398.807,11.496,21.438
474.273,399.567,11.750,21.912
473.259,400.752,12.010,22.397
474.355,402.088,11.754,21.919
473.342,404.497,12.014,22.404
473.922,405.446,11.758,21.927
473.099,404.100,11.507,21.459
473.438,403.663,11.762,21.934
474.258,403.960,11.511,21.466
473.399,403.390,11.765,21.941
474.220,404.446,11.515,21.473
473.226,405.207,11.769,21.948
472.909,406.137,11.518,21.480
473.837,408.408,11.273,21.022
474.865,410.631,11.032,20.574
474.212,412.807,10.797,20.135
473.406,413.896,11.036,20.581
474.176,415.005,10.801,20.142
473.653,415.742,10.570,19.712
474.163,416.577,10.345,19.292
473.773,417.838,10.124,18.880
474.371,417.877,9.908,18.478
475.062,418.020,9.697,18.084
474.450,418.886,9.912,18.484
475.141,418.604,9.700,18.090
474.984,418.953,9.493,17.704
474.056,418.922,9.703,18.096
474.566,419.451,9.918,18.496
473.940,419.992,10.138,18.905
474.238,419.959,10.362,19.323
473.625,419.887,10.141,18.911
474.332,422.540,9.925,18.508
473.361,421.589,10.144,18.918
473.660,420.735,10.369,19.336
474.383,420.440,10.148,18.924
473.860,419.115,10.372,19.342
472.965,417.761,10.602,19.770
473.591,417.459,10.375,19.349
473.896,417.185,10.605,19.777
473.104,417.396,10.840,20.214
473.925,416.984,11.079,20.662
472.969,416.307,11.325,21.119
473.790,416.623,11.325,21.119
474.702,418.734,11.083,20.668
473.618,420.749,11.328,21.126
473.191,420.914,11.087,20.675
473.964,422.266,10.850,20.234
474.660,420.850,11.090,20.682
473.575,422.994,11.336,21.140
474.610,423.890,11.094,20.689
473.953,426.793,10.857,20.248
474.900,427.636,11.098,20.696
474.124,429.348,10.861,20.254
473.187,428.433,11.101,20.702
473.643,428.653,11.347,21.160
472.664,426.253,11.598,21.629
473.722,424.552,11.351,21.167
474.514,423.375,11.109,20.716
473.737,421.268,10.872,20.274
474.686,417.082,11.112,20.723
473.909,417.243,10.875,20.281
474.984,418.088,11.116,20.730
474.153,418.181,11.362,21.188
473.305,418.143,11.613,21.657
474.115,420.683,11.366,21.195
473.398,421.435,11.617,21.664
474.333,422.228,11.369,21.202
473.782,424.470,11.127,20.750
474.496,425.334,11.373,21.209
473.515,425.297,11.625,21.678
474.701,425.715,11.377,21.216
473.720,425.810,11.628,21.685
472.851,425.906,11.886,22.165
473.476,426.280,12.149,22.656
472.887,429.459,11.890,22.172
473.512,430.933,12.153,22.663
472.923,432.284,11.893,22.180
474.009,434.758,11.640,21.707
473.320,435.302,11.392,21.244
473.380,436.324,11.149,20.791
473.321,438.222,11.395,21.251
473.504,439.000,11.152,20.798
473.187,441.414,11.399,21.258
473.370,444.152,11.156,20.804
473.053,444.632,11.403,21.265
473.113,445.165,11.160,20.811
472.925,445.516,11.407,21.272
473.393,446.798,11.659,21.742
473.454,447.593,11.410,21.279
472.470,448.744,11.663,21.749
472.813,453.158,11.921,22.231
473.026,471.321,12.185,22.723
472.539,473.818,12.454,23.225
473.338,476.371,12.730,23.739
472.534,478.685,13.011,24.264
472.752,481.369,13.011,24.264
473.695,484.198,13.011,24.264
472.925,484.946,12.734,23.747
473.676,485.815,12.462,23.241
472.457,488.946,12.738,23.755
473.483,486.393,12.466,23.248
472.745,485.904,12.201,22.752
472.116,484.735,12.470,23.256
472.852,484.246,12.205,22.760
473.352,483.358,12.475,23.263
472.480,484.880,12.209,22.767
471.427,482.863,12.479,23.271
472.372,483.688,12.755,23.786
473.262,483.736,12.483,23.279
472.254,485.930,12.217,22.782
473.038,485.042,12.487,23.286
473.550,481.967,12.763,23.801
472.794,481.741,12.491,23.294
473.451,480.978,12.767,23.809
472.558,482.260,12.495,23.302
473.215,480.485,12.771,23.817
472.459,480.808,12.499,23.309
473.260,479.899,12.776,23.825
472.306,478.379,13.058,24.352
473.638,477.727,12.780,23.833
472.607,475.303,12.507,23.324
473.264,469.764,12.784,23.841
472.753,464.694,13.067,24.368
471.777,463.442,13.356,24.907
473.140,463.349,13.071,24.376
472.163,462.399,13.360,24.915
473.383,463.885,13.075,24.384
472.558,464.598,13.365,24.923
471.714,464.709,13.660,25.475
472.748,485.523,13.963,26.039
471.544,486.123,14.272,26.615
471.926,485.870,13.967,26.047
473.201,486.523,13.669,25.492
472.338,487.585,13.972,26.056
471.618,488.671,14.281,26.632
472.460,489.952,13.976,26.064
471.783,489.554,13.678,25.508
472.661,485.554,13.981,26.073
471.983,483.052,13.683,25.517
473.177,481.741,13.986,26.081
472.049,481.192,13.687,25.525
471.680,478.449,13.395,24.981
472.759,476.484,13.110,24.448
472.405,474.139,12.830,23.927
471.595,470.238,13.114,24.456
472.740,467.312,13.404,24.997
473.711,466.490,13.404,24.997
472.774,468.413,13.118,24.464
473.689,470.014,12.839,23.942
473.205,471.442,12.565,23.432
474.011,469.947,12.843,23.950
473.113,467.925,12.569,23.439
471.963,467.432,12.301,22.940
473.037,468.815,12.573,23.447
473.843,467.755,12.851,23.966
473.221,469.047,12.577,23.455
472.341,470.716,12.309,22.955
473.415,472.099,12.581,23.463
472.806,473.905,12.313,22.962
473.698,474.385,12.313,22.962
472.806,477.474,12.313,22.962
474.023,476.721,12.585,23.470
473.278,475.822,12.317,22.970
474.269,475.736,12.054,22.480
473.230,476.812,12.321,22.977
472.765,476.064,12.058,22.487
473.606,474.036,11.801,22.008
474.683,473.446,11.550,21.538
474.124,474.731,11.303,21.079
473.455,476.231,11.062,20.630
474.108,477.105,10.826,20.190
473.467,474.935,10.595,19.759
474.269,474.410,10.830,20.196
473.977,475.266,10.599,19.766
474.717,473.825,10.373,19.344
474.214,473.529,10.152,18.932
474.704,473.131,9.935,18.528
473.689,471.247,9.723,18.133
474.472,469.402,9.516,17.746
475.082,468.931,9.727,18.139
474.820,468.340,9.519,17.752
474.154,467.455,9.316,17.373
474.644,466.347,9.522,17.758
475.206,467.509,9.319,17.379
475.656,467.243,9.120,17.008
474.920,467.278,8.926,16.646
474.775,468.750,8.736,16.291
475.291,468.408,8.549,15.943
474.356,466.204,8.738,16.296
475.059,465.955,8.552,15.948
475.311,465.828,8.741,16.301
474.254,463.676,8.935,16.662
474.723,462.820,9.132,17.031
475.309,463.952,9.334,17.407
475.960,460.777,9.135,17.036
474.961,460.430,9.338,17.413
475.311,463.275,9.138,17.042
474.206,464.091,9.341,17.419
474.697,464.600,9.547,17.804
474.978,463.796,9.758,18.198
474.715,463.413,9.550,17.810
475.106,462.387,9.762,18.204
474.424,464.837,9.553,17.816
474.484,465.800,9.765,18.210
474.955,465.207,9.557,17.822
473.910,464.734,9.768,18.216
474.696,467.185,9.560,17.828
474.977,467.264,9.771,18.222
474.135,466.328,9.987,18.625
474.080,467.439,9.774,18.228
474.867,467.161,9.566,17.839
473.710,464.916,9.778,18.234
474.182,464.533,9.569,17.845
474.541,464.054,9.365,17.465
475.195,462.278,9.165,17.092
474.192,458.537,9.368,17.470
474.684,457.423,9.575,17.857
475.188,458.278,9.787,18.252
474.398,459.577,9.579,17.863
473.793,458.659,9.791,18.258
474.371,457.643,9.582,17.869
474.937,455.826,9.377,17.488
475.390,453.745,9.177,17.115
474.386,451.486,9.380,17.493
474.839,450.916,9.180,17.120
475.282,451.247,8.985,16.755
475.442,450.490,9.183,17.126
474.701,451.314,8.988,16.761
474.749,451.830,8.796,16.403
475.362,452.809,8.608,16.053
475.118,453.378,8.799,16.409
474.155,453.044,8.993,16.772
474.524,451.038,9.192,17.143
474.901,448.774,9.396,17.522
475.455,447.194,9.195,17.148
474.450,444.718,9.399,17.528
474.944,441.969,9.607,17.916
475.098,440.146,9.402,17.533
474.504,439.137,9.610,17.921
474.968,438.760,9.405,17.539
475.136,437.423,9.613,17.927
475.600,435.703,9.408,17.545
474.709,435.336,9.408,17.545
475.094,433.346,9.616,17.933
474.938,434.519,9.411,17.551
474.179,436.476,9.211,17.176
474.770,438.577,9.414,17.556
475.373,440.615,9.623,17.945
474.804,442.927,9.417,17.562
473.883,444.857,9.626,17.951
474.658,445.410,9.421,17.568
475.315,446.053,9.220,17.193
475.562,448.069,9.023,16.827
475.028,448.394,8.831,16.468
475.644,448.712,8.642,16.117
475.698,450.483,8.833,16.473
474.732,452.703,9.029,16.838
475.265,452.154,8.836,16.479
474.400,450.694,9.032,16.843
474.837,447.525,8.839,16.484
475.358,445.469,8.651,16.133
475.813,443.039,8.842,16.489
474.948,439.327,9.038,16.854
474.378,436.998,9.238,17.227
474.970,434.082,9.442,17.608
474.208,431.784,9.241,17.233
474.587,430.898,9.445,17.614
474.840,429.614,9.244,17.238
475.286,428.855,9.047,16.871
475.448,428.092,9.247,17.244
474.650,429.132,9.451,17.626
475.038,428.117,9.661,18.016
474.881,426.180,9.455,17.631
473.737,424.181,9.664,18.022
474.245,421.690,9.878,18.420
475.041,418.436,9.667,18.027
475.092,418.369,9.461,17.643
474.430,419.320,9.259,17.267
474.778,419.155,9.062,16.899
475.359,418.392,9.262,17.272
476.104,419.024,9.065,16.904
475.218,418.155,9.265,17.278
475.665,418.987,9.068,16.910
474.883,419.272,9.268,17.284
475.529,419.805,9.070,16.915
474.537,420.300,9.271,17.289
475.184,421.530,9.073,16.921
474.296,422.025,9.274,17.295
474.677,422.746,9.479,17.678
475.134,424.309,9.277,17.301
475.682,425.541,9.079,16.932
474.584,426.771,9.280,17.306
475.131,429.100,9.082,16.937
474.033,429.596,9.283,17.312
474.521,430.854,9.489,17.695
474.979,432.113,9.286,17.318
475.527,432.148,9.088,16.948
474.533,432.434,9.289,17.323
474.881,432.369,9.091,16.954
474.413,431.393,9.292,17.329
473.719,430.825,9.498,17.713
473.778,429.915,9.708,18.104
474.176,430.557,9.923,18.505
474.869,428.781,9.711,18.110
474.294,427.043,9.504,17.724
474.651,425.343,9.302,17.346
473.976,424.980,9.302,17.346
474.358,426.025,9.507,17.730
474.306,427.083,9.305,17.352
474.795,426.407,9.511,17.736
473.925,426.238,9.308,17.358
474.415,427.500,9.514,17.742
474.805,428.129,9.724,18.134
475.379,427.643,9.517,17.747
474.611,428.394,9.314,17.369
474.860,428.329,9.115,16.999
475.339,427.983,9.317,17.375
475.889,427.418,9.118,17.004
475.251,427.354,8.924,16.642
474.998,426.705,9.121,17.010
474.164,426.249,8.927,16.647
474.633,425.291,9.124,17.015
475.113,425.155,9.326,17.392
475.763,424.790,9.127,17.021
474.659,425.076,9.329,17.397
475.310,427.518,9.130,17.026
474.417,428.121,9.332,17.403
474.968,426.452,9.133,17.032
473.969,426.316,9.335,17.409
474.721,427.555,9.136,17.038
475.095,425.623,9.338,17.415
475.546,425.257,9.139,17.043
474.440,423.112,9.341,17.420
474.891,421.240,9.142,17.049
475.333,418.622,8.947,16.685
475.803,419.110,9.145,17.054
474.697,418.339,9.347,17.432
475.249,416.667,9.148,17.060
474.036,417.166,9.351,17.437
474.420,419.299,9.557,17.823
475.032,420.152,9.769,18.218
474.349,421.448,9.561,17.829
474.741,423.739,9.772,18.224
473.672,424.612,9.988,18.627
474.262,425.937,9.775,18.230
474.944,427.025,9.567,17.841
473.787,427.657,9.778,18.236
474.469,428.955,9.570,17.847
474.640,431.249,9.782,18.241
473.570,432.009,9.998,18.645
474.052,431.616,9.785,18.247
474.420,432.915,9.576,17.858
474.591,433.548,9.788,18.253
474.853,433.375,9.579,17.864
474.137,434.451,9.791,18.259
474.715,435.330,9.583,17.870
473.999,435.188,9.795,18.265
474.401,435.382,10.011,18.670
474.001,436.160,10.233,19.083
473.355,439.914,10.459,19.505
473.300,440.122,10.691,19.936
473.985,439.469,10.927,20.377
473.043,438.801,11.169,20.828
472.079,436.051,11.416,21.289
472.630,435.726,11.172,20.835
471.925,452.749,11.420,21.296
472.393,452.051,11.672,21.767
473.082,452.095,11.423,21.303
472.775,451.770,11.180,20.849
472.198,451.475,11.427,21.310
473.063,451.569,11.680,21.782
472.748,435.170,11.431,21.317
473.546,438.898,11.187,20.862
473.357,438.344,11.435,21.324
472.681,438.879,11.191,20.869
473.461,438.199,10.952,20.424
473.637,436.475,10.719,19.989
474.385,436.976,10.490,19.562
473.359,436.092,10.722,19.995
468.093,442.755,10.959,20.438
468.504,444.092,10.726,20.002
468.447,444.305,10.963,20.444
469.531,445.030,11.205,20.897
471.546,444.345,11.453,21.359
472.591,442.172,11.209,20.904
473.051,438.894,11.457,21.366
472.592,438.326,11.711,21.839
472.937,437.475,11.970,22.322
472.614,434.819,11.714,21.846
472.688,431.799,11.974,22.329
472.365,431.072,11.718,21.853
472.575,428.594,11.978,22.337
472.789,425.506,12.243,22.831
472.441,422.067,12.513,23.336
472.664,418.263,12.790,23.852
473.557,417.486,12.518,23.344
473.219,416.592,12.251,22.846
474.005,415.843,12.522,23.351
473.070,415.078,12.799,23.868
473.550,414.988,12.526,23.359
472.470,413.208,12.803,23.876
473.142,410.501,13.086,24.404
474.436,409.701,13.376,24.944
462.761,425.439,13.672,25.496
463.751,422.009,13.672,25.496
464.470,420.541,13.974,26.060
467.791,420.334,14.283,26.636
463.889,414.362,14.283,26.636
462.657,412.332,14.599,27.226
463.552,413.553,14.599,27.226
464.571,415.020,14.288,26.645
463.339,415.965,14.604,27.235
467.491,417.837,14.604,27.235
468.258,416.607,14.927,27.837
469.300,414.096,14.609,27.244
468.547,408.303,14.932,27.846
467.798,404.390,14.932,27.846
468.518,403.644,14.614,27.253
468.125,400.558,14.302,26.671
468.545,396.541,14.619,27.261
470.037,395.810,14.307,26.680
471.189,395.403,14.002,26.111
470.330,393.764,14.002,26.111
468.379,390.719,14.002,26.111
469.438,391.807,14.311,26.689
468.130,392.476,14.006,26.120
468.542,390.810,14.316,26.698
469.079,393.787,14.011,26.128
468.852,399.110,13.712,25.571
468.304,398.906,14.015,26.137
468.230,394.645,14.326,26.715
469.383,388.695,14.020,26.145
469.309,387.514,14.330,26.724
468.923,389.108,14.025,26.154
468.849,385.330,14.335,26.733
469.409,382.214,14.335,26.733
469.333,379.513,14.652,27.324
469.568,376.892,14.340,26.741
469.336,375.559,14.034,26.171
467.476,374.539,14.344,26.750
467.732,371.505,14.662,27.342
466.298,367.556,14.986,27.947
467.665,364.714,14.667,27.351
467.927,363.308,14.991,27.956
468.651,362.076,14.671,27.360
469.517,360.554,14.358,26.777
470.056,361.534,14.052,26.205
470.447,360.202,14.052,26.205
471.623,360.908,14.052,26.205
470.573,361.999,14.363,26.785
471.575,365.449,14.057,26.214
470.139,369.430,13.757,25.655
469.271,370.499,14.061,26.223
468.708,371.429,14.373,26.803
469.269,374.553,14.373,26.803
470.426,376.152,14.066,26.231
468.562,377.570,14.377,26.812
469.765,378.131,14.377,26.812
470.853,380.413,14.695,27.405
469.075,379.855,15.021,28.011
469.639,383.947,14.700,27.414
470.412,384.579,15.025,28.020
468.768,382.270,15.358,28.640
470.286,377.778,15.698,29.274
471.213,377.668,15.363,28.650
469.313,378.717,15.035,28.039
469.407,379.885,15.368,28.659
467.904,378.768,15.708,29.293
468.911,379.625,16.056,29.941
470.498,383.844,16.411,30.604
468.645,387.786,16.061,29.951
470.232,390.148,16.416,30.614
468.908,395.150,16.066,29.961
470.072,395.777,16.066,29.961
466.828,396.468,16.422,30.624
467.311,397.174,16.785,31.301
468.662,401.566,16.427,30.634
470.219,403.672,16.427,30.634
468.188,403.557,16.077,29.981
468.273,406.382,15.734,29.341
467.462,408.151,16.082,29.990
468.307,405.866,16.438,30.654
469.277,407.694,16.087,30.000
468.076,409.316,16.443,30.664
466.087,412.306,16.807,31.342
467.359,408.557,17.179,32.036
441.789,382.986,17.179,32.036
445.757,383.974,16.812,31.353
447.652,385.302,16.454,30.684
434.654,392.614,16.103,30.030
432.663,390.944,15.760,29.389
430.545,391.003,15.423,28.763
427.808,390.730,15.095,28.149
425.131,388.353,14.773,27.549
423.304,387.615,14.458,26.961
420.428,386.271,14.149,26.387
419.134,388.301,13.848,25.824
416.432,388.224,13.848,25.824
417.436,386.140,13.848,25.824
416.914,387.234,13.552,25.273
416.842,389.854,13.852,25.832
418.107,392.735,13.557,25.281
419.917,392.063,13.857,25.841
423.415,390.626,13.561,25.290
427.276,391.260,13.272,24.750
432.579,387.225,13.566,25.298
437.041,385.637,13.566,25.298
442.361,384.376,13.276,24.759
447.568,382.714,12.993,24.231
450.806,381.919,13.281,24.767
456.420,381.108,13.575,25.315
460.582,381.183,13.575,25.315
464.896,380.654,13.575,25.315
466.636,380.729,13.575,25.315
467.583,383.552,13.285,24.775
466.797,385.316,13.002,24.246
467.145,385.225,12.724,23.729
465.982,386.640,12.453,23.223
462.891,388.760,12.729,23.737
460.633,386.346,12.457,23.231
457.397,386.593,12.733,23.745
452.949,385.957,12.461,23.239
449.423,384.619,12.737,23.753
448.030,380.599,13.019,24.278
443.482,379.668,12.741,23.761
439.031,380.127,12.469,23.254
435.903,380.892,12.469,23.254
432.808,379.986,12.745,23.768
429.349,379.944,13.027,24.294
429.733,380.353,13.316,24.832
428.471,380.576,13.316,24.832
427.654,380.056,13.316,24.832
426.968,380.475,13.610,25.381
428.064,381.989,13.320,24.840
429.136,381.466,13.036,24.310
430.746,380.815,12.758,23.792
431.859,382.249,13.040,24.318
432.394,381.603,13.329,24.856
433.063,381.528,13.329,24.856
432.376,385.031,13.624,25.406
432.008,386.985,13.333,24.864
432.826,387.357,13.333,24.864
432.180,389.413,13.049,24.334
432.564,392.993,13.337,24.872
431.414,394.801,13.632,25.423
429.765,397.752,13.934,25.985
428.402,400.447,14.242,26.560
429.275,402.273,14.242,26.560
430.625,401.558,14.242,26.560
431.975,402.432,14.242,26.560
431.744,403.098,13.939,25.994
433.915,401.802,13.641,25.439
437.472,399.864,13.943,26.002
441.292,399.766,13.646,25.448
444.867,400.299,13.646,25.448
449.046,399.470,13.355,24.905
455.431,398.516,13.070,24.374
461.916,397.131,13.070,24.374
467.042,397.883,12.791,23.854
470.964,416.780,12.791,23.854
460.539,410.671,13.074,24.382
466.217,413.956,13.364,24.921
471.745,416.304,13.079,24.390
470.690,411.153,12.800,23.870
470.620,410.926,12.527,23.361
470.698,407.697,12.804,23.878
470.779,405.877,13.087,24.406
469.196,406.289,13.377,24.946
469.744,404.697,13.673,25.498
469.672,401.331,13.975,26.062
469.145,400.483,13.677,25.506
469.864,399.330,13.980,26.071
469.467,398.153,14.289,26.647
470.003,395.289,13.984,26.079
470.253,394.110,14.294,26.656
470.178,393.898,14.610,27.246
470.438,393.005,14.933,27.849
468.805,393.129,15.264,28.465
445.064,381.426,15.601,29.095
444.811,380.814,15.269,28.474
443.251,377.589,14.943,27.867
444.210,376.330,15.274,28.483
445.189,376.634,15.612,29.114
446.614,377.363,15.279,28.493
449.595,377.449,15.279,28.493
453.403,374.924,15.617,29.123
459.824,372.705,15.962,29.768
464.025,371.736,15.622,29.133
465.451,371.459,15.289,28.512
469.261,370.171,15.627,29.142
466.467,381.689,15.973,29.787
471.186,382.264,15.632,29.152
446.872,394.690,15.978,29.797
456.399,387.984,16.332,30.456
457.824,388.308,16.693,31.130
457.359,388.960,16.693,31.130
459.202,384.270,17.062,31.819
460.888,377.504,17.440,32.523
462.814,374.622,17.826,33.242
465.099,372.734,17.826,33.242
465.994,371.244,17.826,33.242
466.663,370.353,17.445,32.533
467.692,368.356,17.073,31.840
467.966,368.787,16.709,31.161
468.952,367.414,16.353,30.496
470.445,366.421,16.004,29.846
472.026,367.294,16.358,30.506
472.319,368.944,16.720,31.181
472.407,372.061,16.364,30.516
473.197,373.178,16.015,29.865
474.658,376.680,15.673,29.228
475.415,380.276,15.339,28.605
474.507,382.312,15.012,27.995
474.264,383.337,14.692,27.398
474.657,380.708,14.378,26.814
474.733,378.135,14.072,26.242
474.808,377.281,13.772,25.682
474.270,377.511,13.772,25.682
474.038,377.307,14.076,26.251
470.634,366.922,13.776,25.691
471.039,366.080,14.081,26.259
470.054,366.284,13.781,25.699
466.315,367.355,14.086,26.268
463.959,367.635,14.397,26.849
465.273,367.534,14.090,26.276
468.528,370.616,13.790,25.716
467.712,372.446,13.496,25.168
468.798,370.611,13.208,24.631
465.779,369.507,13.208,24.631
466.985,368.563,12.926,24.106
467.963,367.474,13.212,24.639
468.033,369.795,12.931,24.114
468.413,370.202,13.217,24.647
469.336,369.115,12.935,24.122
467.041,370.415,12.659,23.607
470.781,371.551,12.389,23.104
471.862,370.650,12.663,23.615
471.793,369.065,12.393,23.111
466.853,366.014,12.667,23.623
469.915,367.287,12.397,23.119
471.313,366.401,12.133,22.626
467.881,364.817,12.401,23.126
467.013,364.331,12.137,22.633
467.230,362.045,12.405,23.134
467.429,361.291,12.141,22.641
468.067,359.707,12.409,23.142
467.066,360.954,12.145,22.648
468.044,362.435,11.886,22.165
467.431,363.496,12.149,22.656
468.913,362.894,12.417,23.157
466.118,359.550,12.692,23.669
465.367,361.098,12.422,23.164
465.990,361.998,12.422,23.164
466.723,361.110,12.157,22.670
467.571,362.071,11.897,22.187
466.407,358.729,12.161,22.678
467.909,353.808,11.901,22.194
468.259,354.595,12.165,22.685
469.321,355.681,12.434,23.187
463.358,345.860,12.709,23.700
464.761,342.584,12.990,24.225
467.730,341.208,12.990,24.225
466.460,339.362,13.277,24.761
465.622,337.322,13.571,25.308
464.137,337.906,13.871,25.868
465.669,337.058,14.178,26.441
465.758,336.191,14.492,27.026
464.005,334.132,14.813,27.624
464.720,333.073,14.497,27.035
463.508,330.083,14.497,27.035
464.363,331.696,14.188,26.458
463.524,334.951,13.885,25.894
460.398,336.351,14.192,26.467
457.040,334.663,14.506,27.052
456.337,335.341,14.197,26.475
455.770,338.743,14.511,27.061
454.182,345.242,14.832,27.660
454.962,346.395,15.160,28.272
460.581,348.081,14.837,27.669
464.327,349.891,14.521,27.079
465.809,348.229,14.211,26.501
467.542,344.894,14.525,27.088
467.931,340.890,14.216,26.510
468.514,338.377,14.530,27.097
454.693,317.820,14.220,26.519
460.704,314.319,14.535,27.106
463.905,310.937,14.225,26.527
467.191,310.532,13.922,25.962
468.162,308.341,13.625,25.408
466.514,306.877,13.926,25.970
466.763,301.355,14.234,26.545
467.953,297.625,14.234,26.545
467.055,293.791,14.549,27.132
467.757,292.752,14.239,26.554
466.364,291.552,14.554,27.141
449.283,304.973,14.876,27.742
450.065,304.924,15.205,28.355
453.577,305.308,14.881,27.751
452.294,304.054,15.210,28.365
451.334,304.180,15.547,28.992
449.813,304.489,15.891,29.634
450.280,305.172,16.242,30.289
449.284,303.090,16.242,30.289
450.418,303.849,15.896,29.643
451.356,305.104,15.557,29.011
452.353,305.413,15.901,29.653
453.925,303.154,16.253,30.309
460.983,303.853,16.612,30.980
465.356,300.702,16.258,30.319
466.963,293.502,16.618,30.990
459.186,287.873,16.985,31.676
459.686,288.210,17.361,32.376
463.322,292.193,16.991,31.686
466.882,292.440,16.629,31.010
468.757,296.613,16.274,30.349
471.816,296.674,15.927,29.702
473.269,297.932,15.587,29.068
473.352,298.493,15.255,28.448
473.105,298.879,14.930,27.842
473.184,299.095,14.611,27.248
473.575,299.935,14.300,26.667
473.650,300.758,13.995,26.098
474.326,301.261,13.696,25.542
474.399,301.902,13.404,24.997
474.325,301.088,13.118,24.464
474.395,301.983,12.839,23.942
474.896,301.768,12.839,23.942
474.826,302.093,12.565,23.432
474.892,300.520,12.297,22.932
474.258,301.760,12.569,23.439
474.047,300.264,12.847,23.958
473.533,289.225,13.131,24.488
473.008,285.688,13.422,25.030
473.713,284.713,13.719,25.584
473.324,284.668,14.022,26.150
472.644,288.186,13.723,25.592
473.012,289.270,13.431,25.046
472.794,289.321,13.144,24.512
474.245,290.342,13.435,25.054
473.739,293.858,13.149,24.520
473.384,294.614,12.868,23.997
474.144,294.109,12.594,23.486
473.669,293.480,12.325,22.985
473.469,292.732,12.062,22.495
473.144,291.740,11.805,22.015
473.765,291.701,12.066,22.502
474.399,292.639,12.333,23.000
473.934,293.216,12.070,22.509
474.569,291.919,12.337,23.007
473.362,292.735,12.610,23.516
470.583,293.054,12.341,23.015
469.518,290.301,12.614,23.524
469.314,288.857,12.345,23.022
469.910,290.098,12.082,22.531
470.103,286.767,11.824,22.051
469.785,286.049,11.572,21.581
470.468,284.849,11.326,21.121
469.753,282.978,11.576,21.588
470.063,284.639,11.329,21.127
469.086,284.471,11.580,21.595
469.894,286.754,11.333,21.134
469.441,287.504,11.584,21.602
468.843,286.528,11.840,22.080
469.542,288.099,11.587,21.609
470.226,290.135,11.340,21.148
469.117,291.803,11.591,21.616
465.192,293.093,11.344,21.155
464.764,292.404,11.102,20.704
464.227,292.326,10.865,20.263
461.715,293.652,10.634,19.830
462.686,293.235,10.407,19.408
463.112,293.923,10.637,19.837
463.283,295.106,10.410,19.414
461.903,297.601,10.641,19.843
462.874,298.213,10.414,19.420
462.817,299.371,10.192,19.006
461.820,300.281,10.417,19.427
462.995,301.439,10.195,19.012
466.008,300.698,10.421,19.433
468.966,299.579,10.651,19.863
472.227,297.559,10.424,19.439
473.258,296.801,10.655,19.869
473.941,296.150,10.890,20.309
474.387,295.107,11.131,20.758
473.814,293.911,11.378,21.218
473.507,291.631,11.135,20.765
474.607,290.564,11.381,21.225
474.021,289.473,11.633,21.694
473.582,288.642,11.385,21.232
474.621,289.664,11.142,20.779
474.560,290.544,10.905,20.336
474.266,291.288,10.672,19.902
473.864,292.475,10.445,19.478
474.534,292.924,10.676,19.909
475.279,293.997,10.448,19.484
474.740,296.017,10.679,19.915
474.108,296.976,10.451,19.490
475.020,296.699,10.683,19.922
474.717,295.676,10.919,20.362
475.009,295.365,10.686,19.928
474.836,294.486,10.458,19.503
474.779,293.402,10.235,19.087
474.133,292.303,10.462,19.510
474.925,292.268,10.693,19.941
474.992,291.491,10.930,20.382
474.808,290.823,11.172,20.833
474.747,288.704,10.933,20.389
474.563,286.265,11.175,20.840
474.261,285.467,10.937,20.396
474.202,284.803,10.704,19.961
474.028,284.728,10.475,19.535
475.064,283.361,10.707,19.967
474.775,281.100,10.479,19.542
474.356,281.429,10.711,19.974
474.919,281.518,10.948,20.416
474.608,281.609,11.190,20.868
474.161,280.925,11.437,21.329
473.703,281.152,11.691,21.801
474.047,281.790,11.949,22.284
474.239,284.531,11.694,21.808
473.501,285.034,11.953,22.291
474.592,285.721,11.698,21.815
473.853,285.548,11.957,22.298
473.387,286.281,11.957,22.298
474.349,288.767,11.702,21.823
474.152,288.864,11.961,22.305
473.958,286.853,11.706,21.830
474.649,286.016,11.456,21.364
474.341,285.813,11.212,20.909
475.484,286.578,10.973,20.463
475.189,286.973,10.739,20.026
474.759,285.199,10.976,20.469
474.574,284.020,11.219,20.922
474.272,281.892,10.980,20.476
473.976,280.872,10.746,20.040
474.841,281.028,10.517,19.612
474.671,280.050,10.292,19.194
475.331,278.826,10.520,19.619
475.032,278.913,10.753,20.053
474.602,279.375,10.991,20.496
474.544,279.466,11.234,20.950
473.835,280.339,11.483,21.413
473.509,281.098,11.737,21.887
474.958,282.152,11.486,21.420
474.499,282.778,11.740,21.894
473.758,285.049,12.000,22.379
474.666,285.564,12.266,22.874
473.608,288.504,12.537,23.380
473.397,289.043,12.814,23.897
473.033,290.038,13.098,24.426
473.873,289.844,13.388,24.966
473.183,287.787,13.684,25.519
472.477,285.526,13.987,26.083
473.374,283.538,14.296,26.660
473.134,282.830,14.612,27.250
473.225,281.261,14.936,27.853
472.628,280.866,15.266,28.469
472.901,279.404,15.604,29.099
472.638,276.645,15.949,29.743
472.369,275.486,16.302,30.401
472.095,273.358,16.663,31.074
472.585,269.448,17.031,31.761
472.495,269.786,17.408,32.464
472.000,270.736,17.793,33.182
471.495,272.119,18.187,33.917
471.399,271.007,18.590,34.667
471.088,273.183,18.590,34.667
471.386,273.653,18.193,33.928
471.873,274.308,17.805,33.204
471.973,274.804,17.805,33.204
471.467,278.865,18.199,33.939
471.367,279.716,17.811,33.215
472.227,279.783,17.431,32.507
471.530,280.734,17.817,33.226
472.054,284.179,18.211,33.961
454.052,311.927,18.614,34.712
453.739,312.081,19.026,35.480
452.538,313.119,19.447,36.265
451.310,311.931,19.877,37.068
452.529,312.706,19.877,37.068
451.735,311.261,20.317,37.888
451.862,308.610,20.766,38.726
452.441,306.178,20.766,38.726
452.091,302.507,21.226,39.583
450.997,301.455,21.695,40.459
450.883,301.384,22.175,41.354
451.535,297.464,22.666,42.269
450.398,296.832,22.666,42.269
450.803,298.069,23.167,43.204
449.640,296.648,23.167,43.204
449.253,294.194,23.167,43.204
449.934,293.314,23.680,44.160
450.631,292.689,24.204,45.137
452.320,291.219,23.688,44.174
453.508,288.710,23.688,44.174
450.999,289.370,23.688,44.174
451.888,287.168,23.183,43.232
451.242,286.522,23.183,43.232
450.047,284.033,23.696,44.189
451.018,284.777,24.220,45.167
