40.000,199.000,61.000,103.000
40.320,198.680,61.000,103.000
40.640,198.360,61.000,103.000
40.320,198.039,61.000,103.000
40.000,197.719,61.000,103.000
39.680,196.759,61.000,103.000
39.360,195.798,61.000,103.000
39.039,195.478,61.000,103.000
38.032,194.006,62.350,105.279
37.705,193.025,62.350,105.279
37.378,190.734,62.350,105.279
36.396,189.098,62.350,105.279
36.069,182.225,62.350,105.279
35.719,180.721,63.729,107.608
35.384,172.358,63.729,107.608
34.381,169.348,63.729,107.608
34.715,160.316,63.729,107.608
35.719,153.961,63.729,107.608
36.053,148.274,63.729,107.608
38.395,139.243,63.729,107.608
38.729,134.894,63.729,107.608
41.740,128.539,63.729,107.608
44.750,122.183,63.729,107.608
47.169,115.787,65.139,109.989
52.981,107.923,65.139,109.989
55.453,103.514,66.580,112.423
61.394,96.175,66.580,112.423
65.371,91.668,68.053,114.910
72.872,87.025,68.053,114.910
77.678,83.159,69.559,117.452
86.075,74.762,69.559,117.452
92.503,73.842,71.098,120.051
99.593,66.005,71.098,120.051
108.176,62.646,71.098,120.051
118.999,57.795,71.098,120.051
129.075,55.929,71.098,120.051
138.404,51.824,71.098,120.051
148.071,50.109,72.671,122.707
157.161,47.564,74.279,125.422
166.128,44.055,74.279,125.422
174.610,43.881,75.922,128.197
182.452,41.223,77.602,131.033
190.468,39.350,79.319,133.932
198.378,38.101,79.319,133.932
207.436,37.052,81.074,136.896
216.693,34.213,82.868,139.924
224.087,34.648,82.868,139.924
228.872,35.083,82.868,139.924
237.136,35.518,82.868,139.924
240.181,35.953,82.868,139.924
245.835,36.388,82.868,139.924
250.620,38.562,82.868,139.924
253.665,40.737,82.868,139.924
258.449,42.912,82.868,139.924
262.364,45.087,82.868,139.924
265.408,48.132,82.868,139.924
267.583,51.176,82.868,139.924
272.368,54.221,82.868,139.924
275.412,59.005,82.868,139.924
280.197,63.790,82.868,139.924
284.111,69.444,82.868,139.924
287.156,73.359,82.868,139.924
291.203,77.678,84.701,143.020
295.205,79.900,84.701,143.020
300.095,85.680,84.701,143.020
304.096,88.792,84.701,143.020
310.570,95.031,82.895,139.970
315.356,102.427,82.895,139.970
321.012,108.954,82.895,139.970
324.928,113.740,82.895,139.970
332.325,118.526,82.895,139.970
333.630,124.182,82.895,139.970
340.157,132.449,82.895,139.970
342.332,139.846,82.895,139.970
346.248,146.372,82.895,139.970
349.294,152.899,82.895,139.970
351.469,156.815,82.895,139.970
354.515,163.341,82.895,139.970
356.691,169.868,82.895,139.970
357.126,174.654,82.895,139.970
357.561,178.570,82.895,139.970
357.996,183.356,82.895,139.970
358.431,187.272,82.895,139.970
358.895,190.861,81.127,136.985
358.470,192.990,81.127,136.985
358.044,193.416,81.127,136.985
355.915,192.139,81.127,136.985
356.369,194.010,79.397,134.064
355.119,191.926,79.397,134.064
355.536,191.509,79.397,134.064
355.119,188.592,79.397,134.064
355.536,187.342,79.397,134.064
355.119,184.425,79.397,134.064
357.203,181.507,79.397,134.064
358.453,178.590,79.397,134.064
358.870,175.673,79.397,134.064
360.120,172.756,79.397,134.064
362.204,169.005,79.397,134.064
363.454,163.588,79.397,134.064
363.871,159.837,79.397,134.064
365.121,155.253,79.397,134.064
365.538,149.002,79.397,134.064
365.121,144.418,79.397,134.064
364.704,139.834,79.397,134.064
362.620,134.416,79.397,134.064
360.537,129.832,79.397,134.064
356.786,126.915,79.397,134.064
353.869,123.164,79.397,134.064
348.451,118.580,79.397,134.064
343.034,116.496,79.397,134.064
339.283,115.246,79.397,134.064
333.032,113.996,79.397,134.064
325.114,112.745,79.397,134.064
319.696,112.329,79.397,134.064
310.111,111.912,79.397,134.064
305.527,110.662,79.397,134.064
295.108,109.412,79.397,134.064
291.358,108.995,79.397,134.064
281.773,108.578,79.397,134.064
276.355,109.828,79.397,134.064
268.437,110.245,79.397,134.064
262.186,110.662,79.397,134.064
258.435,109.412,79.397,134.064
251.351,108.995,79.397,134.064
246.975,111.629,77.704,131.205
242.489,115.300,77.704,131.205
238.818,115.708,77.704,131.205
233.516,116.931,77.704,131.205
230.541,120.981,79.423,134.108
226.635,121.660,81.180,137.075
224.504,123.790,81.180,137.075
222.374,125.921,81.180,137.075
221.096,129.756,81.180,137.075
220.669,132.738,81.180,137.075
220.243,135.721,81.180,137.075
220.669,138.704,81.180,137.075
221.948,144.243,81.180,137.075
223.226,147.226,81.180,137.075
226.209,150.209,81.180,137.075
228.339,150.635,81.180,137.075
233.878,150.209,81.180,137.075
236.009,154.043,81.180,137.075
243.253,152.765,81.180,137.075
247.940,152.339,81.180,137.075
251.775,151.913,81.180,137.075
256.462,151.487,81.180,137.075
260.297,151.913,81.180,137.075
268.144,152.964,79.449,134.152
272.731,153.381,79.449,134.152
278.153,152.964,79.449,134.152
284.408,153.381,79.449,134.152
286.493,154.632,79.449,134.152
291.914,155.883,79.449,134.152
296.501,157.134,79.449,134.152
299.420,157.551,79.449,134.152
303.081,160.187,77.755,131.291
305.938,161.412,77.755,131.291
307.978,162.636,77.755,131.291
310.835,164.677,77.755,131.291
313.631,166.470,76.097,128.491
316.367,168.995,74.474,125.751
317.538,170.712,72.886,123.070
319.422,172.393,71.332,120.445
322.708,172.595,69.810,117.877
323.808,171.496,69.810,117.877
325.640,171.862,69.810,117.877
327.472,170.763,69.810,117.877
330.037,170.397,69.810,117.877
332.602,169.297,69.810,117.877
336.632,168.931,69.810,117.877
340.555,168.422,68.322,115.363
344.500,167.346,68.322,115.363
348.445,166.270,68.322,115.363
353.107,164.477,68.322,115.363
357.187,162.085,69.833,117.915
361.952,163.184,69.833,117.915
365.251,162.818,69.833,117.915
369.283,162.451,69.833,117.915
373.315,163.551,69.833,117.915
377.347,162.451,69.833,117.915
382.845,159.886,69.833,117.915
386.877,158.786,69.833,117.915
390.909,156.220,69.833,117.915
394.208,154.387,69.833,117.915
397.507,152.555,69.833,117.915
403.005,149.989,69.833,117.915
407.037,148.889,69.833,117.915
411.069,147.057,69.833,117.915
414.368,143.758,69.833,117.915
417.667,140.459,69.833,117.915
420.965,139.359,69.833,117.915
424.264,138.260,69.833,117.915
427.563,136.427,69.833,117.915
430.129,135.327,69.833,117.915
431.962,134.228,69.833,117.915
433.794,133.861,69.833,117.915
435.627,133.495,69.833,117.915
437.460,134.594,69.833,117.915
440.759,135.694,69.833,117.915
441.858,136.793,69.833,117.915
444.424,139.359,69.833,117.915
446.990,139.726,69.833,117.915
448.089,139.359,69.833,117.915
449.922,138.993,69.833,117.915
450.289,137.160,69.833,117.915
451.388,133.128,69.833,117.915
453.221,129.829,69.833,117.915
452.854,124.331,69.833,117.915
453.221,120.299,69.833,117.915
452.121,117.000,69.833,117.915
451.022,112.235,69.833,117.915
448.456,106.737,69.833,117.915
445.890,98.307,69.833,117.915
441.125,92.075,69.833,117.915
437.093,85.111,69.833,117.915
429.856,77.342,71.378,120.524
420.903,72.510,72.958,123.191
413.342,67.572,74.572,125.916
401.553,60.900,76.222,128.702
390.751,57.299,76.222,128.702
375.948,50.498,76.222,128.702
360.577,46.999,77.908,131.550
346.825,42.489,76.247,128.744
328.958,38.158,77.934,131.593
313.004,36.113,77.934,131.593
297.288,33.384,79.658,134.504
278.473,27.949,79.658,134.504
265.512,30.039,79.658,134.504
249.033,25.429,77.959,131.636
233.693,27.227,76.297,128.829
214.153,19.569,77.985,131.679
194.179,20.236,79.710,134.593
178.496,14.815,78.010,131.722
163.936,15.825,76.347,128.913
149.910,8.211,76.347,128.913
143.098,11.818,76.347,128.913
130.393,14.351,74.719,126.164
119.804,13.959,74.719,126.164
109.215,10.429,74.719,126.164
97.842,12.390,74.719,126.164
89.606,15.920,74.719,126.164
79.017,17.881,74.719,126.164
71.566,19.842,74.719,126.164
65.683,27.293,74.719,126.164
57.447,33.176,74.719,126.164
51.564,38.274,74.719,126.164
45.682,44.157,74.719,126.164
41.368,51.609,74.719,126.164
34.701,56.707,74.719,126.164
31.171,62.590,74.719,126.164
27.641,69.257,74.719,126.164
24.896,77.493,74.719,126.164
22.151,83.376,74.719,126.164
18.621,91.611,74.719,126.164
16.660,95.925,74.719,126.164
13.131,104.161,74.719,126.164
11.170,108.475,74.719,126.164
9.209,112.789,74.719,126.164
7.248,117.888,74.719,126.164
6.071,122.202,74.719,126.164
5.679,125.731,74.719,126.164
4.502,128.477,74.719,126.164
4.110,131.222,74.719,126.164
4.502,135.536,74.719,126.164
4.110,138.281,74.719,126.164
5.287,142.595,74.719,126.164
5.679,145.340,74.719,126.164
7.640,149.654,74.719,126.164
9.601,151.615,74.719,126.164
10.777,155.929,74.719,126.164
12.738,160.243,74.719,126.164
14.699,166.126,74.719,126.164
17.445,170.440,74.719,126.164
20.190,173.970,74.719,126.164
22.151,179.068,74.719,126.164
24.112,181.813,74.719,126.164
26.857,185.343,74.719,126.164
28.818,188.088,74.719,126.164
30.779,190.049,74.719,126.164
31.955,192.795,74.719,126.164
34.642,196.030,73.125,123.474
36.561,200.252,73.125,123.474
38.480,198.333,73.125,123.474
39.630,197.800,71.566,120.841
42.203,207.415,70.040,118.264
44.041,204.842,70.040,118.264
45.144,213.297,70.040,118.264
46.276,210.845,71.589,120.880
47.402,218.291,70.063,118.302
49.241,217.188,70.063,118.302
49.608,219.026,70.063,118.302
50.710,220.642,68.568,115.780
52.509,220.282,68.568,115.780
52.869,223.521,68.568,115.780
53.947,224.409,67.106,113.311
54.323,225.957,65.675,110.894
55.358,227.680,65.675,110.894
56.392,228.714,65.675,110.894
57.426,228.370,65.675,110.894
57.771,229.404,65.675,110.894
57.426,232.506,65.675,110.894
59.149,233.540,65.675,110.894
59.494,234.575,65.675,110.894
60.528,234.919,65.675,110.894
61.562,234.575,65.675,110.894
61.218,238.367,65.675,110.894
61.562,238.022,65.675,110.894
61.907,239.745,65.675,110.894
61.562,240.779,65.675,110.894
61.907,242.503,65.675,110.894
62.275,246.676,64.275,108.529
62.613,247.688,64.275,108.529
62.275,248.700,64.275,108.529
63.936,252.784,62.904,106.215
63.606,254.435,62.904,106.215
63.958,257.795,61.563,103.950
64.926,259.837,60.250,101.733
65.264,261.837,58.965,99.564
66.788,263.197,57.707,97.440
67.090,262.894,57.707,97.440
68.605,262.591,57.707,97.440
67.090,263.500,57.707,97.440
67.393,263.197,57.707,97.440
68.302,265.923,57.707,97.440
68.041,265.502,56.477,95.362
70.709,270.541,56.477,95.362
68.041,273.209,56.477,95.362
71.302,273.506,56.477,95.362
72.784,274.395,56.477,95.362
74.313,274.263,57.726,97.472
75.246,273.499,59.004,99.629
76.794,273.189,59.004,99.629
79.581,274.738,59.004,99.629
79.315,273.710,57.745,97.504
81.976,270.952,56.514,95.425
80.577,265.394,55.309,93.390
82.566,265.550,54.129,91.398
84.555,266.971,54.129,91.398
85.430,268.612,55.327,93.421
88.539,267.089,54.147,91.428
89.390,272.721,52.992,89.479
90.824,267.980,54.165,91.458
84.620,270.213,55.363,93.482
85.515,264.656,56.588,95.550
87.046,268.222,57.840,97.664
92.207,272.775,57.840,97.664
85.832,270.043,57.840,97.664
89.287,265.498,59.120,99.825
83.391,268.911,59.120,99.825
84.347,261.690,60.428,102.034
89.272,266.155,61.765,104.291
97.670,261.302,63.131,106.599
98.691,259.091,64.528,108.957
97.626,256.832,65.956,111.368
96.537,255.241,67.415,113.832
96.158,253.614,68.907,116.350
94.270,253.453,70.431,118.925
93.161,253.823,70.431,118.925
92.792,252.713,70.431,118.925
90.943,257.519,70.431,118.925
87.479,254.286,71.989,121.556
80.802,258.038,73.582,124.245
75.782,259.969,73.582,124.245
70.982,256.454,72.013,121.596
69.200,255.200,70.477,119.003
68.882,261.104,68.974,116.465
65.081,259.206,67.503,113.981
63.410,256.665,66.064,111.551
62.370,251.463,66.064,111.551
61.330,247.649,66.064,111.551
58.902,243.835,66.064,111.551
58.556,240.714,66.064,111.551
58.209,236.899,66.064,111.551
58.556,228.230,66.064,111.551
58.902,222.336,66.064,111.551
59.249,216.441,66.064,111.551
58.209,203.611,66.064,111.551
56.475,197.022,66.064,111.551
54.741,189.741,66.064,111.551
57.169,183.152,66.064,111.551
57.515,174.483,66.064,111.551
57.169,167.201,66.064,111.551
58.209,161.307,66.064,111.551
59.943,154.718,66.064,111.551
61.676,148.823,66.064,111.551
62.717,140.154,66.064,111.551
65.837,136.340,66.064,111.551
68.958,130.445,66.064,111.551
73.466,125.244,66.064,111.551
78.667,121.430,66.064,111.551
82.482,117.615,66.064,111.551
89.070,113.107,66.064,111.551
96.352,107.906,66.064,111.551
104.327,103.398,66.064,111.551
113.690,101.664,66.064,111.551
123.746,101.318,66.064,111.551
134.495,99.584,66.064,111.551
144.197,97.271,67.526,114.019
155.893,97.625,67.526,114.019
169.007,97.271,67.526,114.019
179.995,97.625,67.526,114.019
191.691,97.980,67.526,114.019
206.222,101.169,67.526,114.019
216.139,101.747,69.020,116.541
228.094,100.660,69.020,116.541
238.982,102.002,70.547,119.120
249.720,105.334,70.547,119.120
258.977,111.629,70.547,119.120
266.753,115.702,70.547,119.120
275.270,121.997,70.547,119.120
282.305,126.070,70.547,119.120
285.638,130.884,70.547,119.120
290.452,140.141,70.547,119.120
294.525,146.436,70.547,119.120
297.117,154.212,70.547,119.120
298.968,157.544,70.547,119.120
298.598,161.617,70.547,119.120
296.006,167.172,70.547,119.120
294.155,169.023,70.547,119.120
290.822,171.615,70.547,119.120
288.230,174.207,70.547,119.120
284.157,175.318,70.547,119.120
281.565,176.429,70.547,119.120
277.492,177.540,70.547,119.120
273.419,178.651,70.547,119.120
270.959,180.278,69.042,116.579
269.871,179.915,69.042,116.579
266.610,180.278,69.042,116.579
264.073,180.640,69.042,116.579
262.364,182.232,67.570,114.093
261.300,184.006,67.570,114.093
260.236,185.070,67.570,114.093
259.172,186.843,67.570,114.093
257.399,187.907,67.570,114.093
257.044,190.390,67.570,114.093
256.739,193.315,66.129,111.660
255.004,193.662,66.129,111.660
253.963,196.786,66.129,111.660
253.616,195.745,66.129,111.660
252.648,198.608,64.719,109.279
251.629,200.986,64.719,109.279
250.610,200.646,64.719,109.279
250.270,203.704,64.719,109.279
249.323,204.541,63.339,106.949
249.655,206.869,63.339,106.949
247.328,206.536,63.339,106.949
248.324,211.201,61.988,104.668
248.044,211.377,60.666,102.436
247.770,216.459,59.372,100.251
246.902,214.224,58.106,98.114
245.987,218.188,58.106,98.114
245.136,217.177,56.867,96.021
244.880,216.762,55.654,93.974
243.419,215.886,55.654,93.974
242.543,214.425,55.654,93.974
242.835,212.965,55.654,93.974
241.374,208.583,55.654,93.974
240.498,202.448,55.654,93.974
240.790,198.067,55.654,93.974
239.914,189.595,55.654,93.974
239.622,179.371,55.654,93.974
239.915,169.542,56.886,96.053
240.215,159.496,58.144,98.178
240.520,149.425,58.144,98.178
242.657,138.744,58.144,98.178
244.793,131.724,58.144,98.178
247.540,125.315,58.144,98.178
249.066,119.517,58.144,98.178
252.423,114.939,58.144,98.178
257.611,111.582,58.144,98.178
261.578,108.835,58.144,98.178
265.546,105.478,58.144,98.178
270.123,101.511,58.144,98.178
274.701,99.985,58.144,98.178
280.500,99.680,58.144,98.178
285.078,99.374,58.144,98.178
287.917,100.505,59.431,100.350
292.114,100.365,60.746,102.570
296.259,103.873,60.746,102.570
295.918,107.038,62.090,104.840
297.598,110.950,63.463,107.159
296.599,113.948,63.463,107.159
294.933,119.611,63.463,107.159
291.812,127.757,64.867,109.530
287.915,136.789,66.303,111.954
284.087,149.666,66.303,111.954
275.049,161.786,67.770,114.430
267.288,173.437,69.269,116.962
257.471,183.254,69.269,116.962
245.766,194.408,70.801,119.550
234.572,205.809,72.368,122.195
225.496,219.038,73.969,124.899
217.830,231.755,75.606,127.662
210.290,234.533,75.606,127.662
203.544,237.311,75.606,127.662
199.002,233.016,77.278,130.487
193.518,226.944,78.988,133.374
190.616,219.066,78.988,133.374
187.591,208.558,80.736,136.324
186.320,201.354,80.736,136.324
187.591,189.065,80.736,136.324
188.862,178.470,80.736,136.324
191.829,167.876,80.736,136.324
193.948,161.520,80.736,136.324
197.762,153.468,80.736,136.324
203.270,147.959,80.736,136.324
207.932,144.993,80.736,136.324
214.288,139.484,80.736,136.324
220.645,135.670,80.736,136.324
228.696,135.246,80.736,136.324
237.595,134.823,80.736,136.324
246.495,133.551,80.736,136.324
256.241,134.823,80.736,136.324
265.140,136.941,80.736,136.324
275.734,138.213,80.736,136.324
288.024,141.179,80.736,136.324
300.760,150.662,82.522,139.341
312.879,153.165,84.348,142.424
327.007,157.671,82.549,139.386
340.439,165.037,82.549,139.386
352.137,166.337,82.549,139.386
365.569,167.637,82.549,139.386
379.001,166.337,82.549,139.386
389.833,165.037,82.549,139.386
399.799,162.870,82.549,139.386
408.031,160.704,82.549,139.386
414.530,158.538,82.549,139.386
419.296,155.505,82.549,139.386
423.196,151.605,82.549,139.386
425.362,146.839,82.549,139.386
424.063,141.206,82.549,139.386
421.030,137.307,82.549,139.386
415.397,134.274,82.549,139.386
408.898,129.508,82.549,139.386
398.065,126.475,82.549,139.386
385.500,122.575,82.549,139.386
368.602,119.542,82.549,139.386
351.704,119.109,82.549,139.386
332.360,117.117,84.376,142.470
309.774,118.446,84.376,142.470
286.302,112.689,84.376,142.470
258.259,115.248,86.242,145.622
232.414,120.681,88.151,148.844
198.316,112.794,90.101,152.137
172.296,113.565,92.094,155.504
137.676,115.355,94.132,158.944
107.537,115.849,94.132,158.944
82.349,119.925,92.125,155.555
55.744,117.702,94.163,158.996
30.602,118.507,96.246,162.514
6.859,114.971,96.246,162.514
-7.792,115.476,96.246,162.514
-18.815,105.817,98.376,166.110
-23.462,106.333,98.376,166.110
-24.901,99.644,96.278,162.567
-26.417,89.031,96.278,162.567
-21.869,75.387,96.278,162.567
-17.321,68.818,96.278,162.567
-11.762,58.205,96.278,162.567
-3.172,47.593,96.278,162.567
9.462,41.024,96.278,162.567
22.096,31.422,96.278,162.567
33.718,25.864,96.278,162.567
54.437,22.326,96.278,162.567
67.071,14.746,96.278,162.567
82.737,9.187,96.278,162.567
97.392,6.661,96.278,162.567
114.068,6.155,96.278,162.567
129.733,6.661,96.278,162.567
145.399,7.166,96.278,162.567
159.043,8.682,96.278,162.567
170.666,10.198,96.278,162.567
184.310,11.714,96.278,162.567
200.436,8.090,94.225,159.100
214.779,10.562,94.225,159.100
228.132,13.035,94.225,159.100
239.507,15.508,94.225,159.100
247.915,18.970,94.225,159.100
256.322,24.410,94.225,159.100
263.741,31.829,94.225,159.100
267.203,38.258,94.225,159.100
275.610,48.644,94.225,159.100
277.094,58.041,94.225,159.100
278.578,66.448,94.225,159.100
279.072,75.845,94.225,159.100
277.589,88.209,94.225,159.100
276.105,94.639,94.225,159.100
275.610,105.024,94.225,159.100
273.137,114.421,94.225,159.100
271.654,119.861,94.225,159.100
270.170,129.258,94.225,159.100
267.697,133.709,94.225,159.100
269.179,144.463,92.215,155.708
267.727,151.723,92.215,155.708
268.243,159.448,90.249,152.387
266.822,166.554,90.249,152.387
270.067,175.940,88.324,149.137
272.350,180.658,86.441,145.957
274.583,188.774,84.597,142.844
278.481,192.437,82.793,139.798
281.458,195.184,81.028,136.817
283.585,194.759,81.028,136.817
286.562,195.184,81.028,136.817
289.539,191.357,81.028,136.817
291.665,187.529,81.028,136.817
293.792,184.552,81.028,136.817
296.769,182.426,81.028,136.817
299.746,179.448,81.028,136.817
301.873,176.471,81.028,136.817
303.148,174.345,81.028,136.817
303.574,173.069,81.028,136.817
304.850,171.793,81.028,136.817
306.125,171.368,81.028,136.817
305.700,171.793,81.028,136.817
305.275,175.621,81.028,136.817
303.999,176.897,81.028,136.817
301.872,178.173,81.028,136.817
299.746,179.448,81.028,136.817
296.769,179.874,81.028,136.817
289.254,182.331,82.820,139.844
281.573,181.235,84.653,142.938
274.019,179.014,84.653,142.938
263.800,183.901,84.653,142.938
252.260,188.313,86.526,146.101
240.466,185.283,88.440,149.333
228.861,191.318,88.440,149.333
215.842,191.111,90.397,152.637
206.827,189.687,90.397,152.637
191.551,193.414,92.397,156.014
183.307,194.869,92.397,156.014
173.122,196.323,92.397,156.014
162.540,197.113,94.441,159.466
154.113,197.609,94.441,159.466
147.669,199.096,94.441,159.466
142.217,198.600,94.441,159.466
137.012,200.779,92.427,156.065
132.646,206.115,92.427,156.065
130.220,207.570,92.427,156.065
126.825,214.847,92.427,156.065
127.342,223.525,90.456,152.737
127.817,226.849,90.456,152.737
131.141,233.021,90.456,152.737
132.565,239.193,90.456,152.737
136.838,242.517,90.456,152.737
139.212,245.840,90.456,152.737
142.536,250.113,90.456,152.737
146.809,254.386,90.456,152.737
151.082,254.861,90.456,152.737
155.355,257.235,90.456,152.737
158.678,256.760,90.456,152.737
162.951,256.285,90.456,152.737
166.275,254.861,90.456,152.737
168.649,254.386,90.456,152.737
170.073,252.962,90.456,152.737
173.397,252.487,90.456,152.737
176.720,252.012,90.456,152.737
180.993,253.437,90.456,152.737
185.266,252.012,90.456,152.737
190.489,250.588,90.456,152.737
195.892,246.435,92.457,156.117
203.171,246.921,92.457,156.117
209.480,245.465,92.457,156.117
217.730,244.009,92.457,156.117
228.892,242.553,92.457,156.117
237.142,242.068,92.457,156.117
250.244,241.583,92.457,156.117
261.809,238.345,94.503,159.571
272.225,238.841,94.503,159.571
285.618,237.353,94.503,159.571
298.468,236.102,96.594,163.101
313.171,235.595,96.594,163.101
327.874,235.088,96.594,163.101
342.060,231.706,98.731,166.710
356.599,234.982,96.626,163.155
373.335,232.446,96.626,163.155
383.986,227.882,96.626,163.155
396.259,229.133,94.565,159.675
406.682,225.658,94.565,159.675
419.651,224.012,92.548,156.270
430.824,218.668,92.548,156.270
440.053,217.211,92.548,156.270
450.254,212.839,92.548,156.270
456.569,209.439,92.548,156.270
461.913,205.067,92.548,156.270
465.313,200.695,92.548,156.270
464.827,195.352,92.548,156.270
465.316,188.079,94.596,159.728
460.103,180.689,92.579,156.321
456.701,170.485,92.579,156.321
450.132,153.127,94.627,159.780
443.675,135.743,94.627,159.780
431.258,119.353,94.627,159.780
418.841,107.929,94.627,159.780
406.424,94.519,94.627,159.780
388.372,74.716,96.721,163.315
369.588,58.978,96.721,163.315
345.870,42.950,98.861,166.928
322.704,29.798,101.048,170.622
299.025,19.657,103.284,174.397
280.051,16.946,103.284,174.397
259.993,13.151,103.284,174.397
240.716,17.623,101.081,170.678
220.024,20.276,101.081,170.678
195.088,21.868,101.081,170.678
175.458,16.032,101.081,170.678
161.133,21.868,101.081,170.678
146.253,31.539,103.317,174.454
134.865,47.266,103.317,174.454
125.646,64.077,103.317,174.454
117.512,81.972,103.317,174.454
113.716,95.530,103.317,174.454
112.089,108.002,103.317,174.454
114.800,119.390,103.317,174.454
116.427,130.779,103.317,174.454
121.308,142.167,103.317,174.454
128.358,150.301,103.317,174.454
134.323,158.435,103.317,174.454
144.626,166.570,103.317,174.454
152.761,174.704,103.317,174.454
163.064,177.416,103.317,174.454
172.283,179.043,103.317,174.454
182.587,185.008,103.317,174.454
194.665,192.618,101.114,170.734
207.509,194.950,98.958,167.093
218.416,193.391,98.958,167.093
229.324,193.911,98.958,167.093
242.309,191.314,98.958,167.093
255.294,189.755,98.958,167.093
267.241,188.197,98.958,167.093
281.813,192.482,96.848,163.529
289.707,189.091,98.990,167.148
299.276,188.369,96.879,163.583
308.938,186.844,96.879,163.583
316.565,185.318,96.879,163.583
322.159,182.776,96.879,163.583
328.770,181.250,96.879,163.583
332.329,176.673,96.879,163.583
334.872,173.114,96.879,163.583
332.329,172.605,96.879,163.583
331.820,168.029,96.879,163.583
327.244,165.487,96.879,163.583
323.684,162.944,96.879,163.583
319.108,160.402,96.879,163.583
314.531,159.893,96.879,163.583
307.921,158.368,96.879,163.583
301.602,158.641,94.813,160.095
293.499,157.950,92.791,156.681
284.246,154.541,92.791,156.681
278.193,152.925,90.813,153.339
271.997,147.682,90.813,153.339
263.894,144.346,90.813,153.339
257.697,140.056,90.813,153.339
251.501,134.812,90.813,153.339
246.257,130.522,90.813,153.339
241.014,127.186,90.813,153.339
237.678,120.989,90.813,153.339
233.388,115.746,90.813,153.339
229.302,111.409,88.876,150.069
224.171,108.143,88.876,150.069
218.106,103.012,88.876,150.069
211.109,100.679,88.876,150.069
201.313,95.548,88.876,150.069
196.181,92.282,88.876,150.069
189.184,89.950,88.876,150.069
180.321,84.819,88.876,150.069
173.323,82.486,88.876,150.069
166.326,78.288,88.876,150.069
156.033,75.841,86.981,146.869
145.959,76.087,85.126,143.737
136.962,78.912,83.310,140.672
125.155,80.223,83.310,140.672
115.614,82.750,85.154,143.784
105.334,87.667,85.154,143.784
94.160,90.795,85.154,143.784
83.880,94.818,85.154,143.784
75.388,99.735,85.154,143.784
66.896,105.545,85.154,143.784
55.722,109.568,85.154,143.784
45.860,111.531,83.338,140.718
37.223,113.152,85.182,143.831
28.728,116.281,85.182,143.831
22.021,122.094,85.182,143.831
17.997,126.118,85.182,143.831
13.079,130.141,85.182,143.831
10.109,136.415,83.365,140.764
7.921,141.229,83.365,140.764
5.733,146.042,83.365,140.764
7.921,152.605,83.365,140.764
9.234,160.919,83.365,140.764
12.297,169.233,83.365,140.764
14.485,175.796,83.365,140.764
16.673,181.485,83.365,140.764
19.736,186.298,83.365,140.764
23.674,188.486,83.365,140.764
27.612,192.424,83.365,140.764
30.675,195.487,83.365,140.764
34.516,196.566,81.587,137.762
36.657,195.281,81.587,137.762
38.798,193.140,81.587,137.762
42.652,195.281,81.587,137.762
43.935,193.861,79.847,134.824
46.869,197.633,79.847,134.824
46.450,194.699,79.847,134.824
49.321,199.772,78.145,131.949
49.731,196.901,78.145,131.949
50.169,205.029,76.478,129.135
48.965,202.219,76.478,129.135
49.393,209.400,74.847,126.382
49.786,207.435,74.847,126.382
47.822,212.542,74.847,126.382
45.857,212.150,74.847,126.382
44.679,218.042,74.847,126.382
42.715,221.578,74.847,126.382
41.536,225.114,74.847,126.382
40.357,224.721,74.847,126.382
38.393,225.900,74.847,126.382
36.429,223.935,74.847,126.382
34.465,221.971,74.847,126.382
32.500,220.792,74.847,126.382
31.322,219.614,74.847,126.382
28.572,217.650,74.847,126.382
27.393,217.257,74.847,126.382
25.429,216.864,74.847,126.382
24.250,216.471,74.847,126.382
21.500,216.078,74.847,126.382
20.322,216.471,74.847,126.382
18.357,216.864,74.847,126.382
16.393,215.685,74.847,126.382
14.429,215.292,74.847,126.382
12.465,214.114,74.847,126.382
10.500,213.721,74.847,126.382
9.322,212.542,74.847,126.382
8.929,211.364,74.847,126.382
6.179,210.971,74.847,126.382
5.000,210.578,74.847,126.382
3.036,212.542,74.847,126.382
1.857,212.150,74.847,126.382
0.679,214.114,74.847,126.382
-0.500,216.078,74.847,126.382
-0.107,218.828,74.847,126.382
-1.286,220.792,74.847,126.382
-1.678,225.900,74.847,126.382
-1.286,226.292,74.847,126.382
-1.678,229.042,74.847,126.382
-0.500,230.221,74.847,126.382
-0.107,232.185,74.847,126.382
0.286,233.364,74.847,126.382
0.679,234.542,74.847,126.382
2.613,238.541,73.251,123.686
3.766,240.463,73.251,123.686
5.659,240.670,71.689,121.049
6.786,247.401,70.160,118.467
7.156,245.708,71.713,121.088
7.534,247.884,73.299,123.768
8.689,246.729,73.299,123.768
9.075,247.356,74.921,126.506
9.468,246.963,74.921,126.506
9.864,245.971,76.579,129.305
11.068,247.737,74.945,126.547
11.461,251.278,74.945,126.547
11.040,249.470,76.604,129.347
12.246,251.480,76.604,129.347
11.844,251.882,76.604,129.347
12.248,255.040,78.299,132.209
13.481,255.451,78.299,132.209
14.714,256.684,78.299,132.209
15.947,258.739,78.299,132.209
15.536,259.150,78.299,132.209
16.769,258.739,78.299,132.209
18.002,260.794,78.299,132.209
19.268,260.610,80.031,135.134
21.368,261.870,80.031,135.134
22.628,263.131,80.031,135.134
23.048,262.710,80.031,135.134
25.148,263.131,80.031,135.134
27.249,262.710,80.031,135.134
29.349,263.131,80.031,135.134
31.515,262.943,81.802,138.124
33.661,261.655,81.802,138.124
34.949,261.226,81.802,138.124
37.955,261.655,81.802,138.124
40.960,259.508,81.802,138.124
43.966,259.079,81.802,138.124
46.113,257.791,81.802,138.124
49.118,255.644,81.802,138.124
51.265,252.638,81.802,138.124
55.034,252.042,80.057,135.178
57.913,251.458,78.350,132.296
60.792,249.402,78.350,132.296
65.987,244.867,76.679,129.474
68.804,242.050,76.679,129.474
71.622,240.037,76.679,129.474
74.439,237.220,76.679,129.474
78.866,237.622,76.679,129.474
82.611,236.608,78.376,132.339
87.293,237.278,80.110,135.267
90.333,235.345,81.882,138.260
95.060,234.915,81.882,138.260
100.647,233.626,81.882,138.260
103.656,232.337,81.882,138.260
106.664,231.907,81.882,138.260
111.392,230.618,81.882,138.260
117.839,229.328,81.882,138.260
125.145,229.758,81.882,138.260
135.030,231.047,81.882,138.260
143.196,232.337,81.882,138.260
148.783,231.047,81.882,138.260
156.089,231.477,81.882,138.260
161.676,231.047,81.882,138.260
168.123,230.618,81.882,138.260
173.710,228.469,81.882,138.260
179.298,225.460,81.882,138.260
184.025,221.592,81.882,138.260
188.753,219.443,81.882,138.260
191.761,217.294,81.882,138.260
197.348,214.286,81.882,138.260
202.076,211.277,81.882,138.260
207.663,209.128,81.882,138.260
211.531,206.979,81.882,138.260
216.259,203.971,81.882,138.260
220.127,200.962,81.882,138.260
224.854,199.673,81.882,138.260
229.582,196.665,81.882,138.260
233.450,195.375,81.882,138.260
239.037,193.226,81.882,138.260
242.046,191.937,81.882,138.260
246.773,190.648,81.882,138.260
248.063,189.358,81.882,138.260
251.071,188.069,81.882,138.260
253.220,187.639,81.882,138.260
255.369,187.209,81.882,138.260
256.658,185.920,81.882,138.260
257.948,185.490,81.882,138.260
258.377,185.061,81.882,138.260
258.807,184.631,81.882,138.260
259.237,183.341,81.882,138.260
258.807,182.052,81.882,138.260
258.377,180.763,81.882,138.260
258.807,178.614,81.882,138.260
257.518,177.324,81.882,138.260
259.667,176.895,81.882,138.260
257.423,172.244,83.694,141.319
256.105,169.169,83.694,141.319
256.545,166.972,83.694,141.319
255.163,164.042,85.545,144.446
254.683,160.115,87.438,147.641
252.388,156.902,87.438,147.641
253.765,155.525,87.438,147.641
253.274,152.463,89.373,150.908
252.772,148.361,91.350,154.247
251.435,144.922,89.402,150.958
253.854,141.791,91.380,154.297
255.293,139.393,91.380,154.297
256.732,136.995,91.380,154.297
257.211,134.597,91.380,154.297
259.609,133.158,91.380,154.297
261.048,130.759,91.380,154.297
265.511,132.536,93.402,157.711
270.073,134.352,95.468,161.201
269.572,128.840,95.468,161.201
273.195,132.775,97.581,164.767
274.731,127.141,97.581,164.767
277.371,126.912,99.739,168.413
281.156,128.851,101.946,172.139
284.902,129.387,101.946,172.139
289.881,131.368,104.202,175.947
298.375,132.259,106.507,179.840
292.506,127.172,104.236,176.005
302.901,133.190,104.236,176.005
308.758,141.922,102.013,172.252
305.010,132.820,102.013,172.252
311.775,143.430,99.838,168.578
308.107,133.473,99.838,168.578
313.717,145.878,97.709,164.983
312.179,138.185,97.709,164.983
309.614,129.466,97.709,164.983
315.256,140.236,97.709,164.983
311.666,133.569,97.709,164.983
316.168,142.743,95.625,161.465
313.658,136.218,95.625,161.465
311.149,126.682,95.625,161.465
306.631,117.145,95.625,161.465
314.160,128.690,95.625,161.465
309.643,121.161,95.625,161.465
315.016,134.009,93.586,158.022
311.578,126.641,93.586,158.022
307.157,116.326,93.586,158.022
312.560,125.659,93.586,158.022
308.140,117.308,93.586,158.022
312.452,127.989,91.590,154.652
307.164,115.970,91.590,154.652
312.310,125.496,89.637,151.354
306.194,114.675,89.637,151.354
312.310,122.673,89.637,151.354
307.135,113.734,89.637,151.354
298.821,102.785,91.620,154.703
294.493,99.419,91.620,154.703
298.968,102.198,93.647,158.125
290.283,95.859,95.719,161.624
296.814,96.362,95.719,161.624
292.292,94.854,95.719,161.624
297.819,97.366,95.719,161.624
292.292,92.845,95.719,161.624
295.809,94.352,95.719,161.624
295.307,94.854,95.719,161.624
296.814,95.357,95.719,161.624
295.307,96.864,95.719,161.624
297.819,102.391,95.719,161.624
296.312,105.907,95.719,161.624
299.828,110.429,95.719,161.624
298.321,115.956,95.719,161.624
297.819,118.468,95.719,161.624
296.312,121.984,95.719,161.624
296.814,124.497,95.719,161.624
295.307,130.023,95.719,161.624
296.814,134.545,95.719,161.624
297.316,140.071,95.719,161.624
297.819,143.588,95.719,161.624
299.326,147.105,95.719,161.624
301.838,149.617,95.719,161.624
304.350,152.129,95.719,161.624
307.867,153.636,95.719,161.624
311.384,155.144,95.719,161.624
315.906,155.646,95.719,161.624
320.316,157.854,93.678,158.177
328.424,160.962,91.680,154.804
335.642,162.406,91.680,154.804
342.860,160.962,91.680,154.804
354.327,156.753,93.708,158.229
367.069,152.451,95.782,161.730
378.632,148.932,95.782,161.730
393.211,146.418,95.782,161.730
403.769,143.905,95.782,161.730
416.337,140.385,95.782,161.730
424.884,137.872,95.782,161.730
434.142,136.204,93.739,158.281
441.523,134.728,93.739,158.281
432.174,152.933,93.739,158.281
435.619,155.393,93.739,158.281
439.063,157.853,93.739,158.281
443.491,147.521,93.739,158.281
443.985,146.280,95.813,161.783
437.448,148.795,95.813,161.783
438.956,137.228,95.813,161.783
430.407,140.748,95.813,161.783
423.869,141.251,95.813,161.783
418.337,131.696,95.813,161.783
409.788,132.199,95.813,161.783
399.227,130.690,95.813,161.783
389.672,121.135,95.813,161.783
382.128,113.591,95.813,161.783
373.242,109.193,97.933,165.362
362.447,106.623,97.933,165.362
352.680,103.024,97.933,165.362
341.464,100.662,100.100,169.021
330.884,100.945,97.965,165.417
317.001,104.544,97.965,165.417
307.915,104.315,100.133,169.077
297.331,114.729,97.997,165.471
296.817,101.870,97.997,165.471
286.459,118.012,95.907,161.942
278.908,122.543,95.907,161.942
282.432,118.012,95.907,161.942
279.915,122.543,95.907,161.942
283.438,121.032,95.907,161.942
281.928,127.577,95.907,161.942
286.459,128.080,95.907,161.942
288.976,130.597,95.907,161.942
292.500,134.121,95.907,161.942
291.996,139.658,95.907,161.942
295.520,133.114,95.907,161.942
298.037,137.645,95.907,161.942
295.520,135.128,95.907,161.942
303.071,111.468,95.907,161.942
296.527,122.039,95.907,161.942
294.010,119.522,95.907,161.942
290.486,128.080,95.907,161.942
282.935,135.631,95.907,161.942
275.384,144.189,95.907,161.942
268.840,144.692,95.907,161.942
261.289,155.264,95.907,161.942
258.772,151.740,95.907,161.942
252.228,151.236,95.907,161.942
246.690,148.719,95.907,161.942
243.167,146.202,95.907,161.942
238.636,143.685,95.907,161.942
236.119,138.148,95.907,161.942
233.602,128.583,95.907,161.942
233.099,124.053,95.907,161.942
231.588,112.475,95.907,161.942
233.099,108.951,95.907,161.942
233.602,100.393,95.907,161.942
235.112,90.829,95.907,161.942
236.622,85.291,95.907,161.942
237.126,76.733,95.907,161.942
236.587,68.152,98.029,165.525
239.160,62.492,98.029,165.525
237.616,54.774,98.029,165.525
239.160,51.173,98.029,165.525
237.616,46.542,98.029,165.525
235.998,40.974,100.198,169.187
233.368,38.344,100.198,169.187
233.897,42.475,102.415,172.931
226.629,38.888,104.681,176.757
224.038,37.066,102.449,172.987
226.810,45.752,104.715,176.815
217.466,43.004,104.715,176.815
203.725,36.958,104.715,176.815
199.878,38.607,104.715,176.815
192.733,40.256,104.715,176.815
188.885,43.004,104.715,176.815
189.438,53.023,107.032,180.727
179.511,45.778,109.400,184.725
174.589,51.622,107.067,180.786
169.773,54.092,104.784,176.931
163.998,48.026,102.550,173.158
163.535,53.504,100.363,169.465
158.794,49.817,100.363,169.465
155.295,46.039,98.222,165.851
152.717,47.585,98.222,165.851
151.170,48.101,98.222,165.851
155.810,50.679,98.222,165.851
148.840,41.890,100.396,169.521
152.529,42.417,100.396,169.521
146.732,36.621,100.396,169.521
152.529,39.256,100.396,169.521
148.012,36.492,98.255,165.905
155.748,39.071,98.255,165.905
153.169,33.398,98.255,165.905
158.842,39.071,98.255,165.905
156.264,34.429,98.255,165.905
161.785,40.672,96.159,162.367
164.309,43.195,96.159,162.367
161.785,38.653,96.159,162.367
163.299,41.177,96.159,162.367
164.813,44.710,96.159,162.367
162.290,43.195,96.159,162.367
160.776,44.710,96.159,162.367
160.271,45.214,96.159,162.367
158.757,45.719,96.159,162.367
156.233,43.195,96.159,162.367
153.710,43.700,96.159,162.367
150.176,42.186,96.159,162.367
146.823,41.485,94.109,158.905
142.195,37.165,96.191,162.421
138.841,34.517,94.140,158.957
136.511,33.830,92.132,155.567
138.000,40.638,94.170,159.009
133.764,38.999,92.162,155.618
129.618,38.327,90.197,152.300
133.879,48.269,90.197,152.300
130.565,46.849,90.197,152.300
132.932,53.003,90.197,152.300
129.618,54.423,90.197,152.300
130.091,57.737,90.197,152.300
126.777,58.211,90.197,152.300
131.038,61.525,90.197,152.300
127.724,61.998,90.197,152.300
126.304,60.578,90.197,152.300
127.724,63.892,90.197,152.300
125.357,64.365,90.197,152.300
125.830,64.839,90.197,152.300
126.304,64.365,90.197,152.300
124.883,63.892,90.197,152.300
124.410,62.472,90.197,152.300
124.883,61.998,90.197,152.300
125.357,61.525,90.197,152.300
125.830,61.998,90.197,152.300
125.357,60.578,90.197,152.300
124.883,60.105,90.197,152.300
127.251,60.578,90.197,152.300
124.883,60.105,90.197,152.300
128.197,58.684,90.197,152.300
125.830,57.264,90.197,152.300
130.091,57.737,90.197,152.300
127.724,56.317,90.197,152.300
131.985,57.737,90.197,152.300
129.618,57.264,90.197,152.300
132.932,57.737,90.197,152.300
133.405,57.264,90.197,152.300
136.719,56.791,90.197,152.300
138.139,55.370,90.197,152.300
140.506,53.950,90.197,152.300
143.820,54.423,90.197,152.300
146.188,53.950,90.197,152.300
147.608,53.477,90.197,152.300
149.975,53.950,90.197,152.300
151.395,50.636,90.197,152.300
155.656,52.056,90.197,152.300
158.023,49.689,90.197,152.300
158.497,50.163,90.197,152.300
162.757,47.796,90.197,152.300
162.284,46.375,90.197,152.300
164.651,44.955,90.197,152.300
166.071,43.535,90.197,152.300
167.492,42.114,90.197,152.300
168.912,40.694,90.197,152.300
168.438,40.221,90.197,152.300
170.806,39.747,90.197,152.300
172.226,39.274,90.197,152.300
170.806,36.907,90.197,152.300
173.173,37.380,90.197,152.300
172.766,36.723,88.273,149.052
174.156,36.259,88.273,149.052
173.692,35.796,88.273,149.052
174.156,35.333,88.273,149.052
174.619,33.943,88.273,149.052
176.935,33.479,88.273,149.052
176.537,33.729,86.391,145.873
178.769,31.351,84.549,142.762
180.101,34.457,84.549,142.762
183.141,33.841,82.746,139.718
183.575,35.144,82.746,139.718
185.747,32.103,82.746,139.718
187.050,35.144,82.746,139.718
190.025,34.540,80.981,136.738
192.937,38.047,79.254,133.822
196.589,40.676,77.564,130.969
196.182,37.827,77.564,130.969
199.846,39.862,77.564,130.969
199.438,40.269,77.564,130.969
201.474,41.491,77.564,130.969
203.478,40.925,75.910,128.176
205.440,42.676,74.291,125.442
205.104,43.638,72.707,122.767
207.719,43.843,71.156,120.149
208.092,44.964,71.156,120.149
210.651,43.725,69.639,117.587
210.285,44.821,69.639,117.587
212.085,47.132,68.154,115.079
213.158,47.490,68.154,115.079
213.516,44.270,68.154,115.079
213.873,46.059,68.154,115.079
214.231,46.417,68.154,115.079
212.443,46.059,68.154,115.079
214.947,47.132,68.154,115.079
212.443,43.913,68.154,115.079
213.516,45.701,68.154,115.079
211.727,46.059,68.154,115.079
211.369,47.132,68.154,115.079
209.581,47.490,68.154,115.079
209.223,47.132,68.154,115.079
207.434,47.490,68.154,115.079
206.361,47.132,68.154,115.079
206.004,48.921,68.154,115.079
204.215,49.278,68.154,115.079
203.857,48.205,68.154,115.079
203.499,47.132,68.154,115.079
203.857,46.774,68.154,115.079
203.499,46.417,68.154,115.079
203.857,46.774,68.154,115.079
204.930,46.417,68.154,115.079
204.573,46.774,68.154,115.079
206.361,47.132,68.154,115.079
206.719,47.490,68.154,115.079
207.077,46.417,68.154,115.079
208.865,46.059,68.154,115.079
210.654,45.701,68.154,115.079
211.727,46.059,68.154,115.079
212.800,45.701,68.154,115.079
213.874,43.913,68.154,115.079
214.947,43.555,68.154,115.079
215.304,43.197,68.154,115.079
217.093,42.839,68.154,115.079
218.166,43.197,68.154,115.079
219.239,43.555,68.154,115.079
221.028,43.197,68.154,115.079
222.817,43.555,68.154,115.079
224.605,43.197,68.154,115.079
226.394,42.839,68.154,115.079
227.467,41.766,68.154,115.079
229.256,40.693,68.154,115.079
231.044,40.335,68.154,115.079
232.833,42.124,68.154,115.079
235.337,44.628,68.154,115.079
236.410,47.132,68.154,115.079
238.914,49.636,68.154,115.079
243.565,47.132,68.154,115.079
244.638,50.352,68.154,115.079
248.573,50.709,68.154,115.079
251.792,52.498,68.154,115.079
255.727,54.287,68.154,115.079
259.662,57.506,68.154,115.079
263.733,61.800,69.662,117.626
267.135,66.948,71.203,120.228
270.613,71.434,72.778,122.888
274.167,77.605,74.389,125.607
279.421,83.102,76.034,128.386
284.609,89.088,76.034,128.386
288.323,93.879,77.717,131.227
291.272,102.161,79.436,134.130
292.556,111.492,81.194,137.098
296.521,116.607,82.990,140.131
300.442,124.012,82.990,140.131
304.362,128.804,82.990,140.131
307.411,133.595,82.990,140.131
309.589,137.516,82.990,140.131
311.767,142.307,82.990,140.131
313.945,146.228,82.990,140.131
315.252,150.148,82.990,140.131
314.816,153.197,82.990,140.131
314.381,156.247,82.990,140.131
313.945,157.553,82.990,140.131
312.638,160.603,82.990,140.131
311.332,163.652,82.990,140.131
310.025,166.701,82.990,140.131
308.718,168.879,82.990,140.131
307.411,171.928,82.990,140.131
306.104,174.977,82.990,140.131
304.798,178.898,82.990,140.131
305.233,181.076,82.990,140.131
304.798,184.125,82.990,140.131
306.104,186.303,82.990,140.131
306.540,190.223,82.990,140.131
307.847,192.401,82.990,140.131
310.025,195.450,82.990,140.131
311.332,197.628,82.990,140.131
313.510,199.806,82.990,140.131
318.301,203.727,82.990,140.131
320.479,205.905,82.990,140.131
324.399,207.211,82.990,140.131
327.449,209.389,82.990,140.131
330.498,210.696,82.990,140.131
333.547,211.132,82.990,140.131
335.725,213.310,82.990,140.131
338.774,214.617,82.990,140.131
340.952,214.181,82.990,140.131
343.130,214.617,82.990,140.131
344.437,214.181,82.990,140.131
345.744,214.617,82.990,140.131
346.179,214.181,82.990,140.131
345.713,212.179,84.826,143.231
344.378,211.734,84.826,143.231
342.977,209.687,86.703,146.400
341.612,210.142,86.703,146.400
340.247,210.597,86.703,146.400
