84.000,53.000,62.000,70.000
85.299,53.260,62.000,70.000
88.156,53.519,62.000,70.000
88.935,53.779,62.000,70.000
91.272,54.039,62.000,70.000
91.532,54.299,62.000,70.000
91.792,54.558,62.000,70.000
91.532,54.299,62.000,70.000
91.272,54.039,62.000,70.000
90.493,53.260,62.000,70.000
89.194,53.000,62.000,70.000
87.376,53.260,62.000,70.000
86.786,53.756,60.678,68.507
85.007,53.502,60.678,68.507
83.227,54.264,60.678,68.507
81.956,54.518,60.678,68.507
81.378,55.494,59.384,67.046
78.894,56.448,58.117,65.617
77.677,58.153,58.117,65.617
76.460,58.883,58.117,65.617
75.729,59.613,58.117,65.617
75.486,60.831,58.117,65.617
74.591,60.357,59.403,67.068
75.337,60.606,59.403,67.068
76.084,60.855,59.403,67.068
76.830,60.606,59.403,67.068
77.577,60.357,59.403,67.068
79.319,59.611,59.403,67.068
80.563,58.864,59.403,67.068
81.807,58.118,59.403,67.068
82.554,57.371,59.403,67.068
84.793,56.625,59.403,67.068
86.037,56.376,59.403,67.068
86.784,56.127,59.403,67.068
88.526,55.878,59.403,67.068
89.770,55.629,59.403,67.068
91.014,55.380,59.403,67.068
91.263,55.132,59.403,67.068
92.010,54.883,59.403,67.068
93.254,55.132,59.403,67.068
94.000,54.883,59.403,67.068
94.747,55.132,59.403,67.068
95.991,54.883,59.403,67.068
96.240,55.629,59.403,67.068
96.987,55.878,59.403,67.068
97.235,56.127,59.403,67.068
97.484,56.376,59.403,67.068
98.231,56.625,59.403,67.068
98.480,57.371,59.403,67.068
98.231,57.620,59.403,67.068
99.104,58.095,58.137,65.638
98.861,58.339,58.137,65.638
98.130,58.582,58.137,65.638
97.886,58.826,58.137,65.638
97.643,58.582,58.137,65.638
97.399,58.339,58.137,65.638
97.156,58.095,58.137,65.638
96.912,57.852,58.137,65.638
96.182,57.121,58.137,65.638
95.451,56.878,58.137,65.638
94.233,56.634,58.137,65.638
93.990,56.878,58.137,65.638
93.746,56.634,58.137,65.638
93.016,56.878,58.137,65.638
92.285,56.634,58.137,65.638
91.554,57.365,58.137,65.638
90.337,57.121,58.137,65.638
90.093,57.365,58.137,65.638
89.363,57.608,58.137,65.638
88.632,57.852,58.137,65.638
87.414,57.608,58.137,65.638
87.171,57.852,58.137,65.638
86.440,57.608,58.137,65.638
85.709,57.852,58.137,65.638
85.466,57.608,58.137,65.638
84.735,57.852,58.137,65.638
84.492,57.608,58.137,65.638
84.248,57.365,58.137,65.638
84.005,57.121,58.137,65.638
83.761,56.878,58.137,65.638
83.518,56.634,58.137,65.638
83.274,56.878,58.137,65.638
83.031,56.634,58.137,65.638
82.787,56.878,58.137,65.638
82.543,56.634,58.137,65.638
82.300,56.878,58.137,65.638
82.543,56.634,58.137,65.638
82.300,56.878,58.137,65.638
82.543,56.634,58.137,65.638
81.813,56.878,58.137,65.638
81.569,56.634,58.137,65.638
81.326,56.878,58.137,65.638
81.569,56.634,58.137,65.638
81.326,56.878,58.137,65.638
81.569,56.634,58.137,65.638
80.839,56.878,58.137,65.638
80.595,56.634,58.137,65.638
80.352,57.365,58.137,65.638
80.595,57.121,58.137,65.638
80.352,57.365,58.137,65.638
80.595,57.608,58.137,65.638
80.352,57.852,58.137,65.638
81.082,57.608,58.137,65.638
81.326,57.852,58.137,65.638
81.711,58.317,56.897,64.238
81.949,58.079,56.897,64.238
82.188,57.840,56.897,64.238
82.903,58.079,56.897,64.238
83.141,57.840,56.897,64.238
83.379,58.079,56.897,64.238
84.094,57.840,56.897,64.238
84.333,58.079,56.897,64.238
84.571,57.840,56.897,64.238
84.809,58.079,56.897,64.238
85.048,57.840,56.897,64.238
85.763,58.079,56.897,64.238
86.001,57.840,56.897,64.238
86.239,58.079,56.897,64.238
86.478,57.840,56.897,64.238
87.193,58.079,56.897,64.238
87.431,57.840,56.897,64.238
87.670,58.079,56.897,64.238
87.908,57.840,56.897,64.238
88.146,58.079,56.897,64.238
88.385,57.840,56.897,64.238
88.623,58.079,56.897,64.238
88.861,57.840,56.897,64.238
89.100,58.079,56.897,64.238
89.338,57.840,56.897,64.238
89.100,58.079,56.897,64.238
88.861,57.840,56.897,64.238
88.146,58.079,56.897,64.238
86.954,58.317,56.897,64.238
85.763,58.555,56.897,64.238
84.391,58.092,58.156,65.660
84.148,58.336,58.156,65.660
82.930,58.579,58.156,65.660
82.199,58.823,58.156,65.660
83.054,59.288,56.915,64.259
81.862,59.527,56.915,64.259
82.100,59.765,56.915,64.259
82.339,60.003,56.915,64.259
83.054,59.765,56.915,64.259
83.292,59.527,56.915,64.259
84.008,59.288,56.915,64.259
84.723,59.050,56.915,64.259
84.961,58.811,56.915,64.259
86.153,58.573,56.915,64.259
86.869,58.334,56.915,64.259
87.107,58.096,56.915,64.259
87.345,57.858,56.915,64.259
88.061,58.096,56.915,64.259
88.299,57.858,56.915,64.259
88.538,57.619,56.915,64.259
88.776,57.381,56.915,64.259
88.538,57.142,56.915,64.259
88.299,56.904,56.915,64.259
88.061,56.665,56.915,64.259
87.345,56.904,56.915,64.259
87.107,56.665,56.915,64.259
86.869,56.904,56.915,64.259
86.153,56.665,56.915,64.259
85.438,56.904,56.915,64.259
84.723,56.665,56.915,64.259
83.351,55.707,58.175,65.681
82.620,55.951,58.175,65.681
81.889,56.195,58.175,65.681
81.158,55.951,58.175,65.681
79.939,56.195,58.175,65.681
79.208,55.951,58.175,65.681
78.477,56.195,58.175,65.681
78.233,55.951,58.175,65.681
77.502,55.707,58.175,65.681
77.259,55.463,58.175,65.681
77.015,55.707,58.175,65.681
76.771,55.463,58.175,65.681
77.015,55.707,58.175,65.681
76.771,55.951,58.175,65.681
77.502,55.707,58.175,65.681
77.746,55.951,58.175,65.681
77.990,55.707,58.175,65.681
78.233,55.463,58.175,65.681
78.965,55.220,58.175,65.681
79.696,54.976,58.175,65.681
81.490,55.911,56.934,64.280
84.591,55.673,56.934,64.280
84.829,55.911,56.934,64.280
86.022,56.150,56.934,64.280
87.691,56.388,56.934,64.280
88.884,56.627,56.934,64.280
91.030,56.865,56.934,64.280
92.223,57.104,56.934,64.280
92.830,56.640,58.194,65.703
93.451,56.166,59.481,67.156
94.199,55.917,59.481,67.156
94.946,56.166,59.481,67.156
95.195,55.917,59.481,67.156
95.444,56.166,59.481,67.156
95.694,55.917,59.481,67.156
95.943,56.166,59.481,67.156
95.694,55.917,59.481,67.156
95.444,56.166,59.481,67.156
94.697,55.917,59.481,67.156
93.949,55.668,59.481,67.156
90.965,54.149,60.797,68.642
90.201,53.895,60.797,68.642
87.679,52.871,62.142,70.161
86.377,52.611,62.142,70.161
85.075,52.351,62.142,70.161
83.253,52.090,62.142,70.161
81.952,52.351,62.142,70.161
80.129,52.611,62.142,70.161
79.348,52.351,62.142,70.161
78.567,52.611,62.142,70.161
77.266,52.351,62.142,70.161
76.485,52.611,62.142,70.161
75.704,51.830,62.142,70.161
75.444,51.570,62.142,70.161
74.663,51.309,62.142,70.161
74.402,51.049,62.142,70.161
74.663,50.789,62.142,70.161
74.923,50.008,62.142,70.161
75.183,49.747,62.142,70.161
75.964,48.966,62.142,70.161
77.266,48.706,62.142,70.161
77.389,47.660,63.517,71.713
78.719,47.394,63.517,71.713
81.114,47.128,63.517,71.713
82.976,47.394,63.517,71.713
85.371,47.128,63.517,71.713
87.233,47.394,63.517,71.713
93.353,47.128,63.517,71.713
94.152,47.394,63.517,71.713
101.336,47.128,63.517,71.713
103.198,47.926,63.517,71.713
109.949,47.409,64.923,73.300
115.116,47.681,64.923,73.300
121.372,47.953,64.923,73.300
128.171,47.681,64.923,73.300
132.794,47.409,64.923,73.300
138.566,46.316,66.359,74.922
145.436,46.847,64.944,73.324
150.061,46.574,64.944,73.324
154.686,46.302,64.944,73.324
158.767,46.030,64.944,73.324
163.936,45.758,64.944,73.324
167.473,45.486,64.944,73.324
172.642,45.214,64.944,73.324
174.002,45.486,64.944,73.324
178.083,45.214,64.944,73.324
179.987,45.486,64.944,73.324
182.436,45.214,64.944,73.324
184.884,45.486,64.944,73.324
185.700,45.214,64.944,73.324
187.061,45.486,64.944,73.324
188.421,45.214,64.944,73.324
189.237,45.486,64.944,73.324
189.509,45.214,64.944,73.324
189.781,45.486,64.944,73.324
189.509,45.214,64.944,73.324
189.237,45.486,64.944,73.324
188.421,45.214,64.944,73.324
187.605,45.486,64.944,73.324
185.700,45.758,64.944,73.324
183.796,46.030,64.944,73.324
181.666,45.501,66.381,74.946
178.607,45.780,66.381,74.946
177.439,46.311,64.965,73.348
173.614,45.782,66.403,74.971
169.998,46.060,66.403,74.971
166.666,45.519,67.872,76.629
161.264,46.372,67.872,76.629
158.705,46.656,67.872,76.629
152.940,46.693,69.373,78.325
147.797,47.249,67.894,76.655
144.100,46.964,67.894,76.655
139.265,47.249,67.894,76.655
134.999,46.964,67.894,76.655
129.026,47.249,67.894,76.655
124.760,46.964,67.894,76.655
118.787,47.817,67.894,76.655
115.090,48.671,67.894,76.655
110.255,48.955,67.894,76.655
106.557,49.239,67.894,76.655
101.153,48.955,67.894,76.655
99.163,49.808,67.894,76.655
96.034,50.093,67.894,76.655
92.905,50.377,67.894,76.655
90.346,50.093,67.894,76.655
88.355,50.377,67.894,76.655
86.364,50.093,67.894,76.655
84.942,50.946,67.894,76.655
82.951,50.661,67.894,76.655
81.529,50.377,67.894,76.655
80.676,50.093,67.894,76.655
79.254,50.377,67.894,76.655
78.400,50.093,67.894,76.655
78.850,51.184,66.446,75.020
78.572,50.906,66.446,75.020
78.293,51.184,66.446,75.020
79.270,51.179,65.029,73.420
79.543,50.907,65.029,73.420
80.360,50.634,65.029,73.420
81.841,52.205,63.642,71.854
82.641,52.471,63.642,71.854
85.040,52.738,63.642,71.854
86.373,52.471,63.642,71.854
88.773,52.738,63.642,71.854
90.005,51.113,65.050,73.444
93.062,52.159,63.663,71.878
97.596,52.959,63.663,71.878
100.530,52.693,63.663,71.878
104.530,52.959,63.663,71.878
108.530,53.226,63.663,71.878
112.531,53.493,63.663,71.878
117.064,53.759,63.663,71.878
120.531,53.493,63.663,71.878
126.665,54.826,63.663,71.878
131.199,54.026,63.663,71.878
135.199,54.293,63.663,71.878
140.267,54.026,63.663,71.878
145.829,55.049,62.306,70.345
150.266,55.310,62.306,70.345
155.747,56.093,62.306,70.345
160.688,56.592,60.977,68.845
163.498,56.337,60.977,68.845
169.373,56.592,60.977,68.845
171.672,56.847,60.977,68.845
175.504,56.592,60.977,68.845
179.335,56.847,60.977,68.845
182.656,56.592,60.977,68.845
184.955,56.847,60.977,68.845
188.787,57.103,60.977,68.845
190.575,57.358,60.977,68.845
193.384,57.614,60.977,68.845
196.194,57.358,60.977,68.845
197.471,57.614,60.977,68.845
199.260,57.358,60.977,68.845
200.537,58.125,60.977,68.845
201.303,57.869,60.977,68.845
202.580,58.125,60.977,68.845
202.836,57.869,60.977,68.845
203.602,57.614,60.977,68.845
203.347,57.358,60.977,68.845
203.602,57.614,60.977,68.845
203.857,56.847,60.977,68.845
203.091,56.592,60.977,68.845
202.836,56.337,60.977,68.845
201.558,56.592,60.977,68.845
200.281,56.337,60.977,68.845
199.515,56.592,60.977,68.845
197.216,56.337,60.977,68.845
196.450,56.081,60.977,68.845
195.173,55.826,60.977,68.845
192.874,55.570,60.977,68.845
190.575,55.826,60.977,68.845
188.276,55.059,60.977,68.845
186.488,54.804,60.977,68.845
184.189,54.548,60.977,68.845
181.379,54.804,60.977,68.845
178.569,54.548,60.977,68.845
174.979,53.522,62.326,70.368
172.630,53.261,62.326,70.368
168.713,53.522,62.326,70.368
166.886,52.739,62.326,70.368
163.491,53.000,62.326,70.368
160.619,53.261,62.326,70.368
158.270,53.000,62.326,70.368
155.920,52.216,62.326,70.368
152.526,52.477,62.326,70.368
149.654,51.694,62.326,70.368
147.826,51.433,62.326,70.368
145.476,51.172,62.326,70.368
142.604,51.433,62.326,70.368
140.777,50.650,62.326,70.368
138.949,50.911,62.326,70.368
137.644,50.650,62.326,70.368
135.816,50.911,62.326,70.368
134.511,51.172,62.326,70.368
132.683,51.433,62.326,70.368
131.377,51.172,62.326,70.368
130.594,50.911,62.326,70.368
129.811,50.650,62.326,70.368
129.028,50.389,62.326,70.368
128.767,50.650,62.326,70.368
128.505,50.911,62.326,70.368
128.244,51.172,62.326,70.368
127.983,51.433,62.326,70.368
128.244,51.172,62.326,70.368
129.028,51.433,62.326,70.368
129.289,51.172,62.326,70.368
130.594,51.433,62.326,70.368
131.377,51.172,62.326,70.368
132.161,51.433,62.326,70.368
135.555,51.172,62.326,70.368
135.816,50.911,62.326,70.368
138.106,49.862,63.705,71.925
139.340,48.789,65.115,73.516
142.340,47.971,65.115,73.516
145.340,47.698,65.115,73.516
148.341,47.971,65.115,73.516
152.432,47.152,65.115,73.516
155.433,46.880,65.115,73.516
159.525,46.061,65.115,73.516
163.616,45.789,65.115,73.516
167.708,44.970,65.115,73.516
171.799,45.243,65.115,73.516
175.891,44.970,65.115,73.516
179.437,44.698,65.115,73.516
182.983,44.425,65.115,73.516
185.983,44.152,65.115,73.516
190.620,43.879,65.115,73.516
195.257,43.606,65.115,73.516
197.712,43.334,65.115,73.516
202.349,43.606,65.115,73.516
204.259,43.334,65.115,73.516
207.805,43.061,65.115,73.516
211.351,43.334,65.115,73.516
213.260,43.061,65.115,73.516
216.261,42.788,65.115,73.516
218.716,42.515,65.115,73.516
221.171,43.334,65.115,73.516
221.989,43.606,65.115,73.516
223.353,43.879,65.115,73.516
224.717,43.061,65.115,73.516
226.626,43.334,65.115,73.516
227.444,43.606,65.115,73.516
227.717,43.879,65.115,73.516
227.990,43.061,65.115,73.516
227.171,43.334,65.115,73.516
226.899,43.606,65.115,73.516
226.626,43.879,65.115,73.516
225.262,43.061,65.115,73.516
223.898,42.788,65.115,73.516
223.080,42.515,65.115,73.516
220.625,42.788,65.115,73.516
218.716,41.970,65.115,73.516
216.806,41.697,65.115,73.516
213.806,41.970,65.115,73.516
210.805,41.697,65.115,73.516
207.259,41.424,65.115,73.516
202.622,41.151,65.115,73.516
200.167,40.333,65.115,73.516
194.636,39.237,66.555,75.143
190.454,38.958,66.555,75.143
185.714,38.122,66.555,75.143
182.647,37.843,66.555,75.143
177.908,38.122,66.555,75.143
174.283,37.843,66.555,75.143
168.629,36.722,68.028,76.805
165.495,36.437,68.028,76.805
158.533,36.475,69.533,78.505
156.494,36.766,69.533,78.505
152.125,36.475,69.533,78.505
150.086,36.766,69.533,78.505
146.300,36.475,69.533,78.505
142.513,36.766,69.533,78.505
139.891,37.057,69.533,78.505
137.853,37.348,69.533,78.505
135.814,37.640,69.533,78.505
133.775,37.931,69.533,78.505
131.736,37.640,69.533,78.505
130.279,37.931,69.533,78.505
128.823,38.222,69.533,78.505
128.532,38.514,69.533,78.505
127.658,38.805,69.533,78.505
127.366,39.096,69.533,78.505
127.075,39.387,69.533,78.505
127.366,40.261,69.533,78.505
127.075,40.553,69.533,78.505
127.949,41.426,69.533,78.505
128.823,41.718,69.533,78.505
130.279,42.591,69.533,78.505
131.153,42.883,69.533,78.505
133.192,43.174,69.533,78.505
135.231,43.465,69.533,78.505
136.687,43.757,69.533,78.505
138.144,44.048,69.533,78.505
140.183,44.339,69.533,78.505
141.639,45.213,69.533,78.505
143.096,46.087,69.533,78.505
144.679,47.766,68.050,76.831
146.779,48.860,66.599,75.192
147.616,49.139,66.599,75.192
149.011,49.976,66.599,75.192
149.290,50.255,66.599,75.192
150.126,51.092,66.599,75.192
150.405,51.371,66.599,75.192
150.684,51.650,66.599,75.192
151.521,51.371,66.599,75.192
151.800,51.650,66.599,75.192
151.521,51.371,66.599,75.192
151.242,51.650,66.599,75.192
150.963,51.371,66.599,75.192
150.684,51.650,66.599,75.192
150.405,51.371,66.599,75.192
149.010,51.650,66.599,75.192
148.914,52.183,65.179,73.589
146.457,51.910,65.179,73.589
145.091,52.183,65.179,73.589
143.180,52.456,65.179,73.589
141.815,52.729,65.179,73.589
139.904,52.456,65.179,73.589
137.992,52.729,65.179,73.589
133.897,52.456,65.179,73.589
133.078,53.275,65.179,73.589
128.436,53.002,65.179,73.589
126.525,53.275,65.179,73.589
123.521,53.548,65.179,73.589
120.795,54.596,63.789,72.019
117.856,54.863,63.789,72.019
114.382,55.665,63.789,72.019
110.908,55.932,63.789,72.019
109.270,57.473,62.428,70.484
105.347,58.257,62.428,70.484
103.517,58.519,62.428,70.484
101.163,58.780,62.428,70.484
98.287,59.042,62.428,70.484
96.684,60.045,61.097,68.980
94.892,60.813,61.097,68.980
93.612,60.557,61.097,68.980
91.821,60.301,61.097,68.980
90.541,61.069,61.097,68.980
89.261,60.813,61.097,68.980
88.493,60.557,61.097,68.980
87.214,60.813,61.097,68.980
86.958,61.069,61.097,68.980
86.190,61.325,61.097,68.980
85.934,61.581,61.097,68.980
85.678,60.813,61.097,68.980
85.422,61.069,61.097,68.980
85.678,61.325,61.097,68.980
85.422,61.581,61.097,68.980
86.320,61.576,59.794,67.509
86.070,61.326,59.794,67.509
86.821,61.075,59.794,67.509
87.573,61.326,59.794,67.509
88.324,60.574,59.794,67.509
88.575,60.324,59.794,67.509
89.827,60.073,59.794,67.509
91.672,60.552,58.519,66.070
93.388,60.307,58.519,66.070
94.614,61.042,58.519,66.070
96.329,60.797,58.519,66.070
97.555,60.552,58.519,66.070
99.761,59.816,58.519,66.070
102.039,60.757,57.271,64.661
104.678,60.517,57.271,64.661
106.358,60.757,57.271,64.661
109.477,60.037,57.271,64.661
110.676,60.277,57.271,64.661
112.835,60.037,57.271,64.661
115.475,59.798,57.271,64.661
117.154,59.558,57.271,64.661
121.232,60.277,57.271,64.661
122.432,60.517,57.271,64.661
124.591,60.757,57.271,64.661
127.230,60.037,57.271,64.661
130.829,60.277,57.271,64.661
132.029,60.997,57.271,64.661
135.147,60.757,57.271,64.661
137.307,60.997,57.271,64.661
139.946,61.237,57.271,64.661
141.145,61.957,57.271,64.661
143.784,62.197,57.271,64.661
144.984,62.437,57.271,64.661
146.663,62.677,57.271,64.661
147.863,61.957,57.271,64.661
149.062,61.717,57.271,64.661
150.742,61.477,57.271,64.661
151.462,62.197,57.271,64.661
152.181,62.437,57.271,64.661
153.381,62.197,57.271,64.661
153.621,61.957,57.271,64.661
153.861,62.197,57.271,64.661
154.101,62.437,57.271,64.661
154.340,62.677,57.271,64.661
154.101,61.957,57.271,64.661
153.861,61.717,57.271,64.661
153.141,61.477,57.271,64.661
152.901,61.237,57.271,64.661
151.701,60.997,57.271,64.661
150.982,60.757,57.271,64.661
150.262,60.517,57.271,64.661
149.542,60.277,57.271,64.661
148.534,60.273,56.050,63.282
147.360,60.038,56.050,63.282
145.717,59.804,56.050,63.282
144.543,59.099,56.050,63.282
142.899,58.864,56.050,63.282
141.725,58.160,56.050,63.282
140.551,57.925,56.050,63.282
138.907,57.690,56.050,63.282
137.734,57.456,56.050,63.282
136.090,57.221,56.050,63.282
133.977,57.456,56.050,63.282
132.803,57.221,56.050,63.282
132.098,57.456,56.050,63.282
130.924,57.221,56.050,63.282
130.220,57.456,56.050,63.282
129.046,56.751,56.050,63.282
128.342,56.516,56.050,63.282
127.637,56.751,56.050,63.282
127.402,56.986,56.050,63.282
127.168,57.221,56.050,63.282
126.933,57.456,56.050,63.282
128.107,56.751,56.050,63.282
127.872,56.986,56.050,63.282
129.046,57.221,56.050,63.282
129.281,57.456,56.050,63.282
129.985,57.221,56.050,63.282
131.159,57.456,56.050,63.282
132.333,57.221,56.050,63.282
134.446,57.456,56.050,63.282
136.090,56.751,56.050,63.282
137.734,56.516,56.050,63.282
138.819,56.060,57.290,64.682
141.459,55.340,57.290,64.682
143.619,55.100,57.290,64.682
146.738,54.380,57.290,64.682
149.378,54.140,57.290,64.682
151.981,53.673,58.557,66.113
155.170,52.447,58.557,66.113
158.850,51.711,58.557,66.113
162.039,51.466,58.557,66.113
165.228,51.220,58.557,66.113
166.361,50.744,59.853,67.576
171.627,49.991,59.853,67.576
173.382,49.741,59.853,67.576
178.146,49.490,59.853,67.576
180.402,49.741,59.853,67.576
184.163,48.988,59.853,67.576
186.921,48.738,59.853,67.576
189.679,48.487,59.853,67.576
191.936,48.738,59.853,67.576
195.697,48.487,59.853,67.576
197.452,48.738,59.853,67.576
201.213,48.487,59.853,67.576
202.968,48.738,59.853,67.576
204.723,48.487,59.853,67.576
206.979,49.239,59.853,67.576
208.735,49.490,59.853,67.576
209.988,49.239,59.853,67.576
211.743,48.988,59.853,67.576
212.997,48.738,59.853,67.576
214.251,48.487,59.853,67.576
215.504,48.738,59.853,67.576
216.256,48.487,59.853,67.576
216.507,48.738,59.853,67.576
217.259,47.985,59.853,67.576
217.009,47.735,59.853,67.576
216.758,47.484,59.853,67.576
216.507,47.735,59.853,67.576
216.256,47.484,59.853,67.576
216.006,47.735,59.853,67.576
215.254,47.484,59.853,67.576
214.501,47.735,59.853,67.576
213.749,46.983,59.853,67.576
211.994,46.732,59.853,67.576
210.740,46.481,59.853,67.576
208.257,45.994,61.177,69.071
206.976,45.737,61.177,69.071
204.157,45.481,61.177,69.071
201.850,44.712,61.177,69.071
199.544,44.456,61.177,69.071
196.212,44.712,61.177,69.071
193.906,43.431,61.177,69.071
190.574,43.687,61.177,69.071
185.377,42.125,62.531,70.599
183.020,41.863,62.531,70.599
177.708,40.811,63.914,72.161
175.298,40.543,63.914,72.161
170.211,40.275,63.914,72.161
166.731,39.472,63.914,72.161
164.321,39.204,63.914,72.161
157.781,38.128,65.328,73.758
155.865,37.855,65.328,73.758
149.180,37.323,66.774,75.390
147.781,37.043,66.774,75.390
143.026,37.323,66.774,75.390
140.508,37.602,66.774,75.390
137.991,37.882,66.774,75.390
134.640,37.338,68.251,77.058
130.352,37.624,68.251,77.058
128.922,37.910,68.251,77.058
125.777,38.196,68.251,77.058
123.204,37.910,68.251,77.058
121.774,38.196,68.251,77.058
117.756,37.640,69.761,78.763
115.126,37.932,69.761,78.763
113.665,38.225,69.761,78.763
111.619,37.932,69.761,78.763
110.158,38.225,69.761,78.763
109.282,37.932,69.761,78.763
108.405,37.640,69.761,78.763
107.528,37.932,69.761,78.763
107.236,37.640,69.761,78.763
106.359,37.348,69.761,78.763
106.067,37.056,69.761,78.763
105.775,37.348,69.761,78.763
105.482,37.056,69.761,78.763
105.775,37.932,69.761,78.763
106.067,37.640,69.761,78.763
106.359,37.348,69.761,78.763
106.497,36.780,71.305,80.505
107.393,35.884,71.305,80.505
108.289,35.585,71.305,80.505
110.489,36.155,69.784,78.788
111.951,36.448,69.784,78.788
112.828,36.740,69.784,78.788
114.289,37.032,69.784,78.788
115.751,37.325,69.784,78.788
116.628,37.617,69.784,78.788
119.908,38.739,68.296,77.108
121.464,39.837,66.839,75.464
123.423,40.117,66.839,75.464
126.025,41.731,65.414,73.855
126.299,42.005,65.414,73.855
128.317,43.585,64.019,72.280
130.292,45.131,62.654,70.738
129.872,44.621,64.040,72.303
130.676,44.889,64.040,72.303
131.481,45.157,64.040,72.303
131.213,45.426,64.040,72.303
132.018,45.694,64.040,72.303
132.286,45.426,64.040,72.303
132.554,45.157,64.040,72.303
131.750,45.426,64.040,72.303
131.481,45.157,64.040,72.303
130.140,44.889,64.040,72.303
129.335,45.157,64.040,72.303
128.530,44.889,64.040,72.303
126.652,45.157,64.040,72.303
124.238,45.426,64.040,72.303
122.897,45.157,64.040,72.303
119.946,45.426,64.040,72.303
117.531,45.157,64.040,72.303
114.044,45.426,64.040,72.303
111.093,45.694,64.040,72.303
107.069,45.962,64.040,72.303
103.581,46.231,64.040,72.303
98.484,47.035,64.040,72.303
94.460,47.304,64.040,72.303
91.264,47.816,62.674,70.761
85.751,48.604,62.674,70.761
83.129,49.105,61.338,69.252
77.733,49.362,61.338,69.252
74.122,48.329,62.695,70.785
69.658,48.592,62.695,70.785
66.243,48.855,62.695,70.785
61.779,49.642,62.695,70.785
59.940,49.905,62.695,70.785
57.577,50.168,62.695,70.785
55.213,49.905,62.695,70.785
52.849,50.693,62.695,70.785
51.536,50.956,62.695,70.785
50.223,51.218,62.695,70.785
48.910,50.956,62.695,70.785
48.647,51.744,62.695,70.785
48.384,52.006,62.695,70.785
48.122,52.269,62.695,70.785
48.384,52.006,62.695,70.785
48.122,52.269,62.695,70.785
48.384,52.006,62.695,70.785
48.647,52.269,62.695,70.785
49.435,52.006,62.695,70.785
50.748,52.794,62.695,70.785
52.586,52.531,62.695,70.785
53.900,52.269,62.695,70.785
56.789,52.006,62.695,70.785
58.627,52.794,62.695,70.785
60.465,53.057,62.695,70.785
62.829,53.319,62.695,70.785
65.718,53.057,62.695,70.785
69.132,53.845,62.695,70.785
72.547,54.107,62.695,70.785
74.910,54.370,62.695,70.785
79.375,54.633,62.695,70.785
81.739,54.895,62.695,70.785
85.678,55.158,62.695,70.785
89.093,54.895,62.695,70.785
93.032,55.683,62.695,70.785
95.921,56.471,62.695,70.785
99.335,56.734,62.695,70.785
101.699,56.996,62.695,70.785
105.113,57.784,62.695,70.785
107.477,58.047,62.695,70.785
109.841,58.835,62.695,70.785
112.204,59.623,62.695,70.785
113.518,59.885,62.695,70.785
115.356,60.148,62.695,70.785
116.669,59.885,62.695,70.785
117.982,60.148,62.695,70.785
119.296,59.885,62.695,70.785
120.083,60.673,62.695,70.785
121.397,60.410,62.695,70.785
122.185,60.673,62.695,70.785
122.447,60.936,62.695,70.785
122.710,61.198,62.695,70.785
122.972,60.936,62.695,70.785
123.235,61.724,62.695,70.785
123.144,62.225,61.358,69.275
122.887,61.968,61.358,69.275
123.294,62.955,60.049,67.798
122.539,62.703,60.049,67.798
122.937,63.184,58.769,66.352
122.198,63.430,58.769,66.352
121.460,63.676,58.769,66.352
121.213,64.907,58.769,66.352
120.967,64.661,58.769,66.352
120.229,65.892,58.769,66.352
119.983,65.645,58.769,66.352
119.736,66.876,58.769,66.352
119.490,66.630,58.769,66.352
120.229,67.369,58.769,66.352
120.475,67.123,58.769,66.352
121.213,67.369,58.769,66.352
121.952,67.123,58.769,66.352
122.691,67.369,58.769,66.352
123.429,67.615,58.769,66.352
125.152,67.861,58.769,66.352
126.383,67.123,58.769,66.352
128.107,66.876,58.769,66.352
129.830,66.630,58.769,66.352
131.553,67.369,58.769,66.352
134.754,67.123,58.769,66.352
135.985,66.384,58.769,66.352
139.185,66.138,58.769,66.352
142.878,65.892,58.769,66.352
145.586,65.153,58.769,66.352
149.771,64.907,58.769,66.352
153.008,65.852,57.516,64.937
156.621,65.383,58.788,66.374
160.809,65.854,57.535,64.958
163.923,64.885,58.807,66.396
167.618,64.639,58.807,66.396
171.807,65.584,57.553,64.980
174.941,65.825,57.553,64.980
178.558,66.066,57.553,64.980
182.656,65.825,57.553,64.980
185.308,66.066,57.553,64.980
187.960,65.825,57.553,64.980
189.648,66.066,57.553,64.980
193.264,65.825,57.553,64.980
194.952,66.066,57.553,64.980
196.640,65.825,57.553,64.980
199.292,65.584,57.553,64.980
200.497,65.825,57.553,64.980
202.185,66.066,57.553,64.980
203.391,65.825,57.553,64.980
204.114,66.066,57.553,64.980
204.837,65.825,57.553,64.980
205.560,66.066,57.553,64.980
206.284,65.825,57.553,64.980
206.525,66.066,57.553,64.980
206.766,65.825,57.553,64.980
206.525,65.584,57.553,64.980
206.766,65.825,57.553,64.980
206.043,65.584,57.553,64.980
205.319,65.825,57.553,64.980
204.596,65.584,57.553,64.980
203.390,65.343,57.553,64.980
201.703,64.620,57.553,64.980
200.497,64.379,57.553,64.980
198.327,63.655,57.553,64.980
195.675,63.414,57.553,64.980
193.988,62.691,57.553,64.980
190.371,62.450,57.553,64.980
188.684,61.726,57.553,64.980
186.032,61.485,57.553,64.980
181.933,60.280,57.553,64.980
179.763,59.074,57.553,64.980
176.147,58.351,57.553,64.980
174.459,58.110,57.553,64.980
171.325,57.387,57.553,64.980
168.673,57.146,57.553,64.980
166.503,56.905,57.553,64.980
162.114,55.936,58.827,66.417
160.389,55.689,58.827,66.417
158.664,55.936,58.827,66.417
155.461,55.689,58.827,66.417
154.721,55.936,58.827,66.417
152.010,55.689,58.827,66.417
150.778,55.443,58.827,66.417
149.546,55.689,58.827,66.417
148.807,55.936,58.827,66.417
147.575,55.689,58.827,66.417
147.328,55.443,58.827,66.417
146.589,55.689,58.827,66.417
145.357,55.936,58.827,66.417
145.110,55.689,58.827,66.417
145.357,55.936,58.827,66.417
145.110,55.689,58.827,66.417
145.357,55.936,58.827,66.417
146.096,55.689,58.827,66.417
146.343,56.428,58.827,66.417
147.575,56.182,58.827,66.417
148.314,55.936,58.827,66.417
148.430,54.434,60.128,67.887
149.186,54.182,60.128,67.887
149.827,52.647,61.459,69.389
150.483,51.612,62.818,70.924
151.799,51.349,62.818,70.924
153.641,50.560,62.818,70.924
155.483,49.770,62.818,70.924
156.153,48.713,64.208,72.493
159.112,47.906,64.208,72.493
160.457,47.099,64.208,72.493
161.802,46.292,64.208,72.493
164.719,44.653,65.629,74.097
164.994,43.828,65.629,74.097
167.468,43.003,65.629,74.097
169.943,42.728,65.629,74.097
171.317,42.453,65.629,74.097
173.242,41.628,65.629,74.097
174.616,41.354,65.629,74.097
177.091,41.628,65.629,74.097
177.915,41.354,65.629,74.097
178.740,41.628,65.629,74.097
180.115,41.354,65.629,74.097
181.489,41.079,65.629,74.097
182.864,40.804,65.629,74.097
182.994,39.699,67.081,75.736
183.275,38.856,67.081,75.736
184.118,38.575,67.081,75.736
183.837,38.294,67.081,75.736
183.556,38.013,67.081,75.736
182.713,37.732,67.081,75.736
182.432,37.451,67.081,75.736
181.398,36.321,68.565,77.412
179.962,36.034,68.565,77.412
177.951,36.321,68.565,77.412
175.941,36.034,68.565,77.412
173.930,36.321,68.565,77.412
171.682,35.763,70.082,79.125
167.556,34.583,71.633,80.876
164.255,34.283,71.633,80.876
160.354,33.383,71.633,80.876
157.053,32.483,71.633,80.876
153.152,32.182,71.633,80.876
149.251,31.882,71.633,80.876
145.951,32.182,71.633,80.876
141.449,31.882,71.633,80.876
138.149,32.182,71.633,80.876
134.248,31.882,71.633,80.876
131.547,32.182,71.633,80.876
128.246,31.282,71.633,80.876
125.545,30.982,71.633,80.876
122.574,30.399,73.217,82.665
119.813,30.706,73.217,82.665
117.666,30.399,73.217,82.665
115.519,30.706,73.217,82.665
113.986,30.399,73.217,82.665
112.452,31.319,73.217,82.665
111.532,31.626,73.217,82.665
110.612,32.546,73.217,82.665
110.305,33.466,73.217,82.665
110.612,34.386,73.217,82.665
110.305,35.306,73.217,82.665
111.225,36.226,73.217,82.665
111.532,37.147,73.217,82.665
111.839,38.067,73.217,82.665
112.759,38.987,73.217,82.665
113.679,40.520,73.217,82.665
114.599,42.054,73.217,82.665
115.519,42.974,73.217,82.665
115.826,43.281,73.217,82.665
116.746,44.201,73.217,82.665
117.053,44.508,73.217,82.665
117.360,44.201,73.217,82.665
117.666,43.894,73.217,82.665
117.360,43.587,73.217,82.665
117.666,43.894,73.217,82.665
117.360,42.974,73.217,82.665
117.053,42.667,73.217,82.665
116.133,42.974,73.217,82.665
115.213,42.667,73.217,82.665
114.292,42.974,73.217,82.665
112.759,42.667,73.217,82.665
111.225,42.974,73.217,82.665
109.692,43.281,73.217,82.665
106.931,43.588,73.217,82.665
105.398,44.508,73.217,82.665
102.637,44.814,73.217,82.665
101.104,45.121,73.217,82.665
98.957,45.428,73.217,82.665
95.583,45.735,73.217,82.665
94.294,46.912,71.656,80.902
91.593,47.812,71.656,80.902
88.891,48.112,71.656,80.902
84.989,48.412,71.656,80.902
84.306,50.143,70.128,79.177
81.662,50.437,70.128,79.177
78.431,51.318,70.128,79.177
77.549,51.612,70.128,79.177
75.749,52.739,68.633,77.488
72.586,53.602,68.633,77.488
71.724,53.889,68.633,77.488
69.711,54.177,68.633,77.488
68.274,54.464,68.633,77.488
67.411,54.177,68.633,77.488
66.549,54.464,68.633,77.488
66.261,54.177,68.633,77.488
65.399,54.464,68.633,77.488
65.853,54.459,67.169,75.836
65.572,54.741,67.169,75.836
65.291,55.022,67.169,75.836
65.572,54.741,67.169,75.836
65.291,54.459,67.169,75.836
66.820,54.997,65.737,74.219
67.646,54.721,65.737,74.219
68.473,54.997,65.737,74.219
69.849,54.170,65.737,74.219
71.777,54.446,65.737,74.219
73.705,54.170,65.737,74.219
76.183,54.446,65.737,74.219
78.111,54.721,65.737,74.219
82.240,54.186,67.191,75.861
84.856,54.723,65.758,74.243
88.437,54.999,65.758,74.243
91.467,55.274,65.758,74.243
95.599,55.550,65.758,74.243
99.730,55.014,67.213,75.886
102.827,55.296,67.213,75.886
107.614,55.014,67.213,75.886
111.274,55.859,67.213,75.886
116.061,56.141,67.213,75.886
120.284,55.296,67.213,75.886
123.944,55.577,67.213,75.886
127.605,55.859,67.213,75.886
131.265,56.141,67.213,75.886
135.488,55.859,67.213,75.886
137.459,56.704,67.213,75.886
140.557,56.985,67.213,75.886
143.654,57.267,67.213,75.886
146.751,57.548,67.213,75.886
148.722,57.267,67.213,75.886
151.819,57.548,67.213,75.886
153.790,57.830,67.213,75.886
155.761,58.112,67.213,75.886
157.732,57.830,67.213,75.886
159.703,58.112,67.213,75.886
161.110,57.830,67.213,75.886
163.644,58.112,67.213,75.886
164.489,57.830,67.213,75.886
165.897,58.112,67.213,75.886
167.305,57.830,67.213,75.886
168.713,58.112,67.213,75.886
169.557,57.830,67.213,75.886
171.088,58.911,65.780,74.267
172.466,58.635,65.780,74.267
172.741,59.462,65.780,74.267
173.568,59.737,65.780,74.267
173.844,60.013,65.780,74.267
174.670,59.737,65.780,74.267
174.946,60.013,65.780,74.267
175.221,59.737,65.780,74.267
174.946,59.462,65.780,74.267
175.221,59.737,65.780,74.267
174.946,59.462,65.780,74.267
175.221,59.186,65.780,74.267
174.395,58.359,65.780,74.267
174.119,58.084,65.780,74.267
173.292,57.808,65.780,74.267
173.197,58.335,64.377,72.684
172.388,57.526,64.377,72.684
171.579,56.717,64.377,72.684
170.231,55.368,64.377,72.684
169.617,55.883,63.004,71.134
169.017,56.387,61.660,69.617
168.242,55.612,61.660,69.617
164.612,54.574,63.025,71.157
163.820,53.782,63.025,71.157
162.500,53.518,63.025,71.157
161.180,52.726,63.025,71.157
160.388,52.462,63.025,71.157
159.596,52.198,63.025,71.157
157.748,52.462,63.025,71.157
156.956,52.198,63.025,71.157
156.164,52.462,63.025,71.157
155.900,52.198,63.025,71.157
155.108,51.934,63.025,71.157
154.844,52.198,63.025,71.157
154.052,51.934,63.025,71.157
153.788,51.670,63.025,71.157
153.524,51.406,63.025,71.157
153.260,51.670,63.025,71.157
154.052,51.406,63.025,71.157
154.316,51.670,63.025,71.157
154.580,51.406,63.025,71.157
154.844,51.670,63.025,71.157
155.636,51.406,63.025,71.157
156.428,51.670,63.025,71.157
157.100,50.609,64.419,72.731
158.449,50.879,64.419,72.731
160.338,50.609,64.419,72.731
161.688,50.339,64.419,72.731
162.935,48.695,65.844,74.340
165.417,48.419,65.844,74.340
166.797,47.591,65.844,74.340
168.071,45.910,67.301,75.985
170.609,45.628,67.301,75.985
173.710,44.219,67.301,75.985
176.247,43.937,67.301,75.985
178.221,43.655,67.301,75.985
181.322,42.245,67.301,75.985
183.859,41.963,67.301,75.985
186.397,41.118,67.301,75.985
190.062,40.272,67.301,75.985
191.471,39.990,67.301,75.985
194.530,38.857,68.790,77.666
195.970,37.992,68.790,77.666
199.140,37.704,68.790,77.666
200.581,37.416,68.790,77.666
202.598,37.704,68.790,77.666
204.615,37.416,68.790,77.666
206.633,37.704,68.790,77.666
208.073,36.840,68.790,77.666
208.209,35.681,70.312,79.385
208.959,35.109,71.868,81.141
209.261,34.808,71.868,81.141
208.959,34.507,71.868,81.141
209.261,34.206,71.868,81.141
208.357,33.905,71.868,81.141
206.852,34.206,71.868,81.141
205.949,34.507,71.868,81.141
204.444,34.206,71.868,81.141
201.734,35.109,71.868,81.141
199.627,35.410,71.868,81.141
197.519,35.711,71.868,81.141
194.810,35.410,71.868,81.141
192.100,36.313,71.868,81.141
188.788,36.614,71.868,81.141
186.079,36.313,71.868,81.141
181.223,35.728,73.458,82.936
178.454,36.036,73.458,82.936
175.069,35.728,73.458,82.936
170.106,35.130,75.083,84.771
166.017,35.444,75.083,84.771
161.928,35.759,75.083,84.771
157.839,36.073,75.083,84.771
153.121,36.388,75.083,84.771
149.032,36.073,75.083,84.771
144.943,35.759,75.083,84.771
139.596,35.444,75.083,84.771
134.879,35.759,75.083,84.771
130.161,35.444,75.083,84.771
126.701,35.759,75.083,84.771
121.354,36.073,75.083,84.771
118.523,37.017,75.083,84.771
113.176,37.331,75.083,84.771
110.345,38.275,75.083,84.771
106.256,39.218,75.083,84.771
102.797,40.791,75.083,84.771
98.708,41.735,75.083,84.771
94.287,41.123,76.744,86.647
91.394,42.088,76.744,86.647
88.210,42.797,78.442,88.564
84.956,41.476,80.178,90.523
82.605,42.484,80.178,90.523
80.926,42.820,80.178,90.523
78.574,42.484,80.178,90.523
79.106,43.773,78.468,88.593
78.120,43.444,78.468,88.593
78.639,45.339,76.795,86.704
77.674,45.017,76.795,86.704
78.803,46.252,75.157,84.855
79.118,46.567,75.157,84.855
79.616,47.775,73.554,83.045
81.291,48.364,71.986,81.274
81.433,47.152,73.578,83.072
81.579,47.192,75.206,84.910
82.524,48.137,75.206,84.910
84.099,49.082,75.206,84.910
85.674,49.397,75.206,84.910
87.995,51.214,73.603,83.100
88.920,51.522,73.603,83.100
91.190,53.300,72.033,81.328
92.096,54.205,72.033,81.328
92.864,53.618,73.627,83.127
93.789,53.310,73.627,83.127
94.715,54.235,73.627,83.127
92.940,52.996,75.256,84.966
93.255,52.680,75.256,84.966
94.201,52.365,75.256,84.966
93.255,50.789,75.256,84.966
93.571,50.474,75.256,84.966
92.625,49.528,75.256,84.966
92.940,48.582,75.256,84.966
90.733,50.158,75.256,84.966
90.418,49.213,75.256,84.966
88.842,48.897,75.256,84.966
87.266,49.213,75.256,84.966
84.428,48.897,75.256,84.966
82.222,49.843,75.256,84.966
79.384,49.528,75.256,84.966
76.547,49.213,75.256,84.966
73.710,49.528,75.256,84.966
71.503,49.843,75.256,84.966
67.405,49.528,75.256,84.966
63.937,50.474,75.256,84.966
60.469,49.528,75.256,84.966
57.001,52.365,75.256,84.966
53.534,51.419,75.256,84.966
51.327,51.735,75.256,84.966
47.859,53.941,75.256,84.966
46.913,52.365,75.256,84.966
42.815,53.941,75.256,84.966
43.130,54.887,75.256,84.966
39.662,54.572,75.256,84.966
39.347,54.257,75.256,84.966
37.771,53.941,75.256,84.966
38.086,55.518,75.256,84.966
35.879,53.311,75.256,84.966
36.825,55.518,75.256,84.966
37.771,53.311,75.256,84.966
38.086,52.996,75.256,84.966
37.771,55.202,75.256,84.966
39.978,52.365,75.256,84.966
39.662,52.680,75.256,84.966
42.500,52.365,75.256,84.966
44.076,52.680,75.256,84.966
45.022,52.996,75.256,84.966
47.859,51.419,75.256,84.966
50.696,51.104,75.256,84.966
54.164,50.789,75.256,84.966
56.371,52.996,75.256,84.966
60.469,52.050,75.256,84.966
65.198,51.735,75.256,84.966
68.666,53.311,75.256,84.966
74.025,51.735,75.256,84.966
78.123,53.311,75.256,84.966
83.483,52.365,75.256,84.966
88.842,53.311,75.256,84.966
93.571,52.996,75.256,84.966
97.038,53.941,75.256,84.966
100.506,53.626,75.256,84.966
105.235,54.572,75.256,84.966
108.703,53.626,75.256,84.966
112.170,55.833,75.256,84.966
115.638,53.626,75.256,84.966
118.475,53.941,75.256,84.966
120.052,54.887,75.256,84.966
122.259,53.941,75.256,84.966
123.835,55.518,75.256,84.966
126.672,53.941,75.256,84.966
128.994,55.759,73.651,83.154
130.671,55.753,72.080,81.381
130.369,57.263,72.080,81.381
132.011,57.840,70.543,79.645
131.715,56.953,70.543,79.645
132.602,57.249,70.543,79.645
131.124,56.953,70.543,79.645
129.647,57.249,70.543,79.645
128.760,56.362,70.543,79.645
126.692,56.658,70.543,79.645
125.805,56.362,70.543,79.645
123.146,55.476,70.543,79.645
120.486,56.362,70.543,79.645
118.417,55.476,70.543,79.645
115.167,55.180,70.543,79.645
111.325,54.885,70.543,79.645
108.666,54.589,70.543,79.645
104.233,54.294,70.543,79.645
100.391,53.407,70.543,79.645
96.550,52.521,70.543,79.645
92.117,52.225,70.543,79.645
87.684,50.748,70.543,79.645
83.843,50.452,70.543,79.645
78.819,50.157,70.543,79.645
74.386,50.452,70.543,79.645
70.545,49.566,70.543,79.645
67.294,49.270,70.543,79.645
62.861,48.974,70.543,79.645
59.020,49.270,70.543,79.645
55.769,48.383,70.543,79.645
52.519,48.088,70.543,79.645
50.450,48.383,70.543,79.645
47.790,47.497,70.543,79.645
46.549,48.631,69.039,77.947
45.891,49.741,67.566,76.285
43.910,50.024,67.566,76.285
43.061,48.609,67.566,76.285
42.212,48.892,67.566,76.285
41.929,48.609,67.566,76.285
41.079,48.892,67.566,76.285
40.796,48.609,67.566,76.285
41.079,48.892,67.566,76.285
41.929,48.609,67.566,76.285
42.212,49.458,67.566,76.285
43.061,49.175,67.566,76.285
43.910,48.892,67.566,76.285
44.759,48.609,67.566,76.285
46.174,48.892,67.566,76.285
48.155,48.609,67.566,76.285
50.137,48.326,67.566,76.285
51.552,48.609,67.566,76.285
54.728,48.604,66.126,74.658
56.667,48.881,66.126,74.658
59.097,46.618,67.589,76.310
60.993,45.480,69.084,77.998
62.931,44.317,70.612,79.724
66.184,44.021,70.612,79.724
69.393,42.832,72.175,81.488
73.323,41.925,72.175,81.488
77.254,41.018,72.175,81.488
80.646,41.596,70.636,79.750
83.901,41.891,70.636,79.750
86.497,41.316,72.198,81.514
90.473,41.311,70.659,79.776
94.321,41.607,70.659,79.776
96.985,41.903,70.659,79.776
100.241,41.607,70.659,79.776
102.905,41.903,70.659,79.776
106.161,41.607,70.659,79.776
108.825,42.495,70.659,79.776
110.897,42.199,70.659,79.776
112.969,41.903,70.659,79.776
115.633,41.607,70.659,79.776
116.521,42.495,70.659,79.776
118.001,42.791,70.659,79.776
119.481,42.495,70.659,79.776
120.369,42.791,70.659,79.776
121.257,42.495,70.659,79.776
122.145,42.199,70.659,79.776
123.625,41.903,70.659,79.776
123.921,41.607,70.659,79.776
123.625,41.903,70.659,79.776
123.329,41.607,70.659,79.776
122.441,41.903,70.659,79.776
122.145,40.423,70.659,79.776
121.849,40.127,70.659,79.776
120.961,39.239,70.659,79.776
120.665,38.943,70.659,79.776
119.777,38.647,70.659,79.776
117.460,37.457,72.222,81.541
118.367,36.550,72.222,81.541
118.262,37.711,70.682,79.802
117.374,37.415,70.682,79.802
117.670,37.711,70.682,79.802
117.374,37.415,70.682,79.802
117.078,37.118,70.682,79.802
117.966,37.415,70.682,79.802
117.864,37.980,69.175,78.100
121.115,37.975,67.699,76.435
120.264,37.691,67.699,76.435
120.548,37.975,67.699,76.435
123.100,37.124,67.699,76.435
125.736,37.666,66.256,74.805
126.013,37.388,66.256,74.805
128.592,38.453,64.843,73.210
129.407,37.638,64.843,73.210
133.482,36.824,64.843,73.210
135.383,37.095,64.843,73.210
137.828,37.367,64.843,73.210
140.816,38.182,64.843,73.210
143.260,38.453,64.843,73.210
146.248,38.182,64.843,73.210
149.780,38.997,64.843,73.210
152.224,38.725,64.843,73.210
156.299,38.997,64.843,73.210
159.287,39.268,64.843,73.210
162.275,39.540,64.843,73.210
165.263,38.725,64.843,73.210
168.251,38.453,64.843,73.210
170.695,38.182,64.843,73.210
173.140,38.453,64.843,73.210
175.585,38.182,64.843,73.210
177.404,38.781,66.278,74.829
179.263,38.817,67.744,76.485
180.574,38.266,69.243,78.177
182.605,38.556,69.243,78.177
183.945,38.594,70.775,79.907
185.931,36.172,72.341,81.675
181.737,36.166,70.798,79.933
184.406,35.870,70.798,79.933
186.482,36.759,70.798,79.933
182.949,37.326,69.288,78.229
185.495,37.364,70.821,79.959
182.533,39.074,69.311,78.254
185.231,39.069,67.833,76.585
186.776,40.707,66.386,74.952
188.824,41.775,64.971,73.354
185.057,44.393,63.585,71.790
186.922,44.659,63.585,71.790
188.786,45.459,63.585,71.790
185.856,47.323,63.585,71.790
188.331,48.345,62.229,70.259
190.156,50.170,62.229,70.259
187.810,51.473,62.229,70.259
190.156,51.213,62.229,70.259
191.981,53.559,62.229,70.259
188.592,54.341,62.229,70.259
190.938,55.644,62.229,70.259
192.241,55.384,62.229,70.259
193.024,55.123,62.229,70.259
193.806,55.384,62.229,70.259
194.588,54.602,62.229,70.259
195.891,54.341,62.229,70.259
197.716,55.123,62.229,70.259
199.019,55.384,62.229,70.259
200.844,55.123,62.229,70.259
203.266,56.626,60.902,68.760
204.653,57.113,59.603,67.294
207.400,57.862,59.603,67.294
210.146,58.611,59.603,67.294
212.394,57.862,59.603,67.294
214.141,57.613,59.603,67.294
216.389,58.861,59.603,67.294
218.136,58.611,59.603,67.294
219.884,58.362,59.603,67.294
222.131,59.111,59.603,67.294
221.082,61.994,58.332,65.859
222.793,63.216,58.332,65.859
224.992,63.460,58.332,65.859
225.725,64.193,58.332,65.859
222.814,65.602,57.088,64.454
225.408,64.641,58.351,65.881
226.030,63.659,59.642,67.338
226.780,63.409,59.642,67.338
223.322,64.849,58.370,65.902
219.165,65.583,58.370,65.902
217.454,64.849,58.370,65.902
213.786,66.072,58.370,65.902
214.519,65.338,58.370,65.902
209.385,65.094,58.370,65.902
205.228,65.338,58.370,65.902
201.071,65.094,58.370,65.902
196.425,64.849,58.370,65.902
191.779,66.072,58.370,65.902
187.133,64.849,58.370,65.902
181.999,66.561,58.370,65.902
176.729,66.557,57.126,64.497
170.746,66.317,57.126,64.497
164.764,65.599,57.126,64.497
158.781,64.881,57.126,64.497
153.277,64.642,57.126,64.497
148.730,64.403,57.126,64.497
144.957,64.399,55.907,63.121
141.716,64.846,54.715,61.775
137.819,64.617,54.715,61.775
134.381,63.929,54.715,61.775
130.484,63.700,54.715,61.775
127.046,63.012,54.715,61.775
124.067,63.241,54.715,61.775
120.629,63.471,54.715,61.775
117.649,63.700,54.715,61.775
114.211,63.471,54.715,61.775
111.231,63.700,54.715,61.775
108.251,63.012,54.715,61.775
107.564,62.783,54.715,61.775
104.584,62.554,54.715,61.775
104.813,62.783,54.715,61.775
100.917,62.095,54.715,61.775
100.688,60.949,54.715,61.775
97.250,60.262,54.715,61.775
96.104,59.574,54.715,61.775
94.958,58.886,54.715,61.775
92.436,57.740,54.715,61.775
89.915,57.053,54.715,61.775
88.769,56.824,54.715,61.775
85.789,56.594,54.715,61.775
84.185,57.282,54.715,61.775
80.747,56.594,54.715,61.775
80.517,55.907,54.715,61.775
77.538,53.844,54.715,61.775
74.558,53.156,54.715,61.775
72.764,52.235,55.926,63.142
68.313,52.469,55.926,63.142
67.937,52.014,57.163,64.539
62.584,51.051,58.428,65.967
60.612,50.103,57.182,64.560
57.977,50.343,57.182,64.560
55.342,49.624,57.182,64.560
55.103,49.864,57.182,64.560
51.031,50.583,57.182,64.560
51.270,50.343,57.182,64.560
47.198,50.583,57.182,64.560
46.814,52.602,58.447,65.989
40.833,52.634,59.740,67.449
39.582,53.885,59.740,67.449
35.327,55.137,59.740,67.449
32.574,57.389,59.740,67.449
30.322,58.640,59.740,67.449
27.069,59.892,59.740,67.449
27.820,60.642,59.740,67.449
23.565,61.393,59.740,67.449
21.313,61.643,59.740,67.449
18.060,61.894,59.740,67.449
18.310,62.644,59.740,67.449
