197.000,87.000,38.000,18.000
197.325,87.108,38.000,18.000
197.217,87.217,38.000,18.000
197.108,87.325,38.000,18.000
197.000,87.651,38.000,18.000
197.108,87.759,38.000,18.000
197.651,87.651,38.000,18.000
198.627,87.759,38.000,18.000
199.169,87.868,38.000,18.000
199.061,87.976,38.000,18.000
196.953,88.115,38.841,18.398
197.507,87.560,38.841,18.398
197.618,87.671,38.841,18.398
196.620,87.560,38.841,18.398
196.287,87.449,38.841,18.398
197.022,87.325,38.012,18.006
195.829,87.000,38.012,18.006
195.720,86.674,38.012,18.006
195.612,87.000,38.012,18.006
194.635,86.891,38.012,18.006
193.876,87.217,38.012,18.006
193.984,86.674,38.012,18.006
194.527,86.783,38.012,18.006
193.984,87.325,38.012,18.006
193.659,87.651,38.012,18.006
192.450,87.564,38.853,18.404
192.117,87.675,38.853,18.404
191.563,87.786,38.853,18.404
191.674,87.897,38.853,18.404
190.676,87.342,38.853,18.404
191.008,87.453,38.853,18.404
192.006,87.564,38.853,18.404
192.561,87.675,38.853,18.404
192.894,87.786,38.853,18.404
192.117,87.897,38.853,18.404
192.006,86.455,38.853,18.404
191.674,87.009,38.853,18.404
191.563,87.120,38.853,18.404
192.339,87.009,38.853,18.404
192.672,87.120,38.853,18.404
190.787,87.231,38.853,18.404
191.119,87.342,38.853,18.404
191.008,87.453,38.853,18.404
190.454,87.342,38.853,18.404
190.565,86.344,38.853,18.404
191.119,86.011,38.853,18.404
190.343,85.900,38.853,18.404
189.788,86.455,38.853,18.404
189.678,86.788,38.853,18.404
189.123,87.564,38.853,18.404
187.903,87.897,38.853,18.404
187.349,87.564,38.853,18.404
186.804,87.936,39.713,18.811
187.118,88.246,38.866,18.410
186.563,88.578,38.866,18.410
186.230,89.133,38.866,18.410
185.898,89.244,38.866,18.410
185.121,89.133,38.866,18.410
185.232,89.022,38.866,18.410
185.121,88.911,38.866,18.410
184.788,88.800,38.866,18.410
184.234,88.911,38.866,18.410
184.123,89.022,38.866,18.410
183.790,89.133,38.866,18.410
183.457,89.244,38.866,18.410
183.764,89.547,38.037,18.018
183.682,89.686,38.879,18.416
182.676,90.058,39.739,18.824
180.942,90.203,40.618,19.240
180.613,90.351,41.517,19.666
180.968,90.232,41.517,19.666
181.561,90.114,41.517,19.666
181.205,90.469,41.517,19.666
181.798,89.877,41.517,19.666
181.205,89.758,41.517,19.666
181.561,89.403,41.517,19.666
181.442,89.047,41.517,19.666
181.798,89.640,41.517,19.666
182.153,89.995,41.517,19.666
183.220,90.588,41.517,19.666
182.627,90.943,41.517,19.666
182.746,91.773,41.517,19.666
183.101,92.128,41.517,19.666
182.983,92.721,41.517,19.666
182.390,93.313,41.517,19.666
181.087,93.669,41.517,19.666
182.153,94.024,41.517,19.666
182.272,94.380,41.517,19.666
181.205,94.261,41.517,19.666
182.035,94.143,41.517,19.666
182.820,94.695,40.632,19.247
183.168,94.115,40.632,19.247
184.444,93.071,40.632,19.247
184.560,92.955,40.632,19.247
184.444,92.607,40.632,19.247
184.792,93.187,40.632,19.247
184.463,93.335,41.531,19.672
184.334,93.888,40.645,19.253
184.682,94.004,40.645,19.253
185.030,94.120,40.645,19.253
185.146,94.236,40.645,19.253
185.726,94.352,40.645,19.253
185.146,94.236,40.645,19.253
185.030,93.424,40.645,19.253
185.146,93.076,40.645,19.253
186.190,92.496,40.645,19.253
184.914,92.148,40.645,19.253
185.262,91.336,40.645,19.253
183.729,91.243,41.544,19.679
184.322,90.887,41.544,19.679
184.204,90.769,41.544,19.679
184.559,90.887,41.544,19.679
185.152,90.769,41.544,19.679
185.271,90.650,41.544,19.679
184.678,90.531,41.544,19.679
184.796,89.939,41.544,19.679
184.678,89.820,41.544,19.679
184.796,89.464,41.544,19.679
185.125,89.331,40.658,19.259
185.241,89.215,40.658,19.259
184.893,88.867,40.658,19.259
185.662,89.184,39.791,18.849
183.926,88.622,40.672,19.266
183.114,89.011,41.572,19.692
183.024,89.163,42.491,20.127
183.388,89.527,42.491,20.127
182.781,89.648,42.491,20.127
181.932,90.254,42.491,20.127
182.054,91.103,42.491,20.127
182.175,91.710,42.491,20.127
181.811,92.074,42.491,20.127
181.205,92.195,42.491,20.127
181.569,92.316,42.491,20.127
180.720,92.195,42.491,20.127
181.326,91.588,42.491,20.127
180.962,90.982,42.491,20.127
181.326,91.103,42.491,20.127
180.962,90.982,42.491,20.127
181.326,90.618,42.491,20.127
181.447,89.769,42.491,20.127
181.811,89.405,42.491,20.127
182.417,89.769,42.491,20.127
182.296,89.163,42.491,20.127
183.334,89.728,41.585,19.698
182.976,90.052,40.698,19.278
182.396,89.704,40.698,19.278
182.279,89.588,40.698,19.278
181.931,89.239,40.698,19.278
182.047,88.658,40.698,19.278
182.396,88.775,40.698,19.278
182.047,88.891,40.698,19.278
182.860,88.775,40.698,19.278
182.976,89.123,40.698,19.278
182.165,89.271,41.599,19.705
182.758,88.915,41.599,19.705
181.452,89.271,41.599,19.705
181.571,88.203,41.599,19.705
180.502,88.084,41.599,19.705
181.333,87.965,41.599,19.705
181.891,88.290,40.712,19.284
182.008,88.406,40.712,19.284
181.919,87.349,41.612,19.711
180.596,87.500,42.533,20.147
180.232,87.136,42.533,20.147
180.802,87.468,41.626,19.718
180.446,87.112,41.626,19.718
179.852,87.230,41.626,19.718
180.683,86.636,41.626,19.718
181.040,87.230,41.626,19.718
182.109,86.874,41.626,19.718
183.179,87.468,41.626,19.718
183.773,87.112,41.626,19.718
182.696,87.017,42.547,20.154
184.032,87.138,42.547,20.154
184.882,86.774,42.547,20.154
185.003,86.410,42.547,20.154
185.368,86.531,42.547,20.154
184.275,86.167,42.547,20.154
183.910,86.288,42.547,20.154
184.275,86.410,42.547,20.154
183.667,86.531,42.547,20.154
183.789,85.924,42.547,20.154
185.125,85.802,42.547,20.154
185.489,85.681,42.547,20.154
185.610,85.559,42.547,20.154
185.732,85.438,42.547,20.154
185.853,85.559,42.547,20.154
186.461,85.681,42.547,20.154
186.339,85.802,42.547,20.154
185.975,85.924,42.547,20.154
186.582,86.045,42.547,20.154
186.461,86.167,42.547,20.154
186.339,86.288,42.547,20.154
186.218,86.410,42.547,20.154
187.554,86.288,42.547,20.154
187.918,85.924,42.547,20.154
188.282,85.317,42.547,20.154
188.161,85.195,42.547,20.154
188.768,85.317,42.547,20.154
188.647,85.438,42.547,20.154
188.525,84.588,42.547,20.154
188.647,84.709,42.547,20.154
188.525,84.588,42.547,20.154
187.432,84.467,42.547,20.154
187.554,84.345,42.547,20.154
187.918,84.709,42.547,20.154
188.039,84.831,42.547,20.154
187.675,85.195,42.547,20.154
187.311,85.559,42.547,20.154
186.703,85.195,42.547,20.154
187.311,85.559,42.547,20.154
186.703,84.709,42.547,20.154
187.068,84.831,42.547,20.154
187.189,84.709,42.547,20.154
187.068,84.345,42.547,20.154
185.489,84.467,42.547,20.154
183.910,83.859,42.547,20.154
184.517,83.495,42.547,20.154
184.639,82.888,42.547,20.154
184.760,83.009,42.547,20.154
185.368,83.131,42.547,20.154
185.489,83.252,42.547,20.154
185.853,83.374,42.547,20.154
186.461,83.495,42.547,20.154
186.339,82.645,42.547,20.154
185.732,82.281,42.547,20.154
186.339,82.159,42.547,20.154
185.975,82.038,42.547,20.154
187.068,81.673,42.547,20.154
186.703,81.795,42.547,20.154
187.554,82.159,42.547,20.154
187.675,83.009,42.547,20.154
187.068,83.616,42.547,20.154
187.675,83.738,42.547,20.154
187.554,83.859,42.547,20.154
188.647,83.495,42.547,20.154
189.254,83.131,42.547,20.154
190.590,83.009,42.547,20.154
191.683,82.645,42.547,20.154
190.833,81.795,42.547,20.154
192.411,81.430,42.547,20.154
192.571,81.081,43.488,20.600
192.733,80.467,44.451,21.056
192.637,80.103,45.434,21.521
193.026,79.973,45.434,21.521
192.118,79.843,45.434,21.521
191.729,80.232,45.434,21.521
192.637,81.918,45.434,21.521
190.654,81.815,46.439,21.998
190.787,82.477,46.439,21.998
188.798,82.610,46.439,21.998
188.697,81.954,47.467,22.484
188.562,82.090,47.467,22.484
187.613,82.496,47.467,22.484
187.749,82.090,47.467,22.484
187.863,82.199,46.455,22.005
188.261,82.066,46.455,22.005
189.260,82.235,47.482,22.492
189.938,82.642,47.482,22.492
191.429,82.506,47.482,22.492
193.462,82.371,47.482,22.492
194.681,82.235,47.482,22.492
194.817,82.371,47.482,22.492
195.495,81.422,47.482,22.492
197.799,80.474,47.482,22.492
197.392,79.796,47.482,22.492
199.425,79.118,47.482,22.492
200.916,78.983,47.482,22.492
203.643,78.569,46.470,22.012
204.837,77.641,46.470,22.012
207.091,77.508,46.470,22.012
209.249,77.359,45.479,21.543
209.898,76.710,45.479,21.543
208.722,76.068,46.485,22.019
209.650,75.670,46.485,22.019
210.048,75.803,46.485,22.019
209.396,75.972,47.514,22.506
210.034,76.604,46.500,22.026
209.370,77.268,46.500,22.026
208.707,77.401,46.500,22.026
210.432,77.533,46.500,22.026
208.678,77.703,47.529,22.514
208.856,77.594,48.581,23.012
208.163,77.733,48.581,23.012
208.024,77.872,48.581,23.012
208.995,78.010,48.581,23.012
206.915,77.872,48.581,23.012
207.054,77.178,48.581,23.012
206.915,76.485,48.581,23.012
206.499,76.069,48.581,23.012
206.883,75.914,47.545,22.521
207.833,75.778,47.545,22.521
207.969,75.642,47.545,22.521
207.833,75.506,47.545,22.521
205.526,76.185,47.545,22.521
204.576,76.592,47.545,22.521
203.355,76.456,47.545,22.521
202.405,76.592,47.545,22.521
203.898,76.456,47.545,22.521
202.133,77.135,47.545,22.521
202.269,77.542,47.545,22.521
202.948,77.135,47.545,22.521
202.541,77.271,47.545,22.521
203.762,76.863,47.545,22.521
203.940,76.192,48.597,23.019
202.137,75.498,48.597,23.019
201.998,74.527,48.597,23.019
202.180,74.129,49.672,23.529
200.337,74.838,49.672,23.529
201.046,74.980,49.672,23.529
202.605,74.554,49.672,23.529
202.463,74.696,49.672,23.529
202.322,74.838,49.672,23.529
201.896,74.980,49.672,23.529
201.788,74.866,50.771,24.049
203.672,74.432,50.771,24.049
202.659,73.714,51.894,24.581
202.807,72.974,51.894,24.581
201.474,72.826,51.894,24.581
201.919,72.381,51.894,24.581
202.659,72.233,51.894,24.581
203.992,71.493,51.894,24.581
204.187,71.682,53.042,25.125
202.521,72.439,53.042,25.125
203.581,72.287,53.042,25.125
203.127,72.439,53.042,25.125
202.067,73.196,53.042,25.125
203.430,73.347,53.042,25.125
204.187,73.499,53.042,25.125
202.219,73.953,53.042,25.125
201.159,73.499,53.042,25.125
201.613,73.953,53.042,25.125
201.462,73.801,53.042,25.125
200.718,73.680,54.216,25.681
201.491,73.526,54.216,25.681
202.265,73.680,54.216,25.681
202.789,72.594,55.415,26.249
203.838,73.636,54.234,25.690
201.792,74.476,55.433,26.258
201.343,74.021,56.660,26.839
202.475,73.536,56.660,26.839
202.313,74.992,56.660,26.839
200.534,75.477,56.660,26.839
200.696,75.638,56.660,26.839
198.917,75.153,56.660,26.839
199.726,75.315,56.660,26.839
200.211,75.800,56.660,26.839
199.079,75.638,56.660,26.839
197.300,74.830,56.660,26.839
198.109,74.668,56.660,26.839
197.300,74.506,56.660,26.839
197.138,74.668,56.660,26.839
195.001,72.861,57.914,27.433
194.532,72.386,59.195,28.040
193.349,71.879,59.195,28.040
192.842,72.724,59.195,28.040
191.660,73.231,59.195,28.040
191.829,73.738,59.195,28.040
191.322,73.231,59.195,28.040
190.815,73.400,59.195,28.040
191.660,73.907,59.195,28.040
189.125,73.738,59.195,28.040
187.943,73.907,59.195,28.040
187.814,74.122,60.505,28.660
186.950,74.641,60.505,28.660
188.159,75.504,60.505,28.660
187.641,75.331,60.505,28.660
186.777,74.813,60.505,28.660
185.914,76.022,60.505,28.660
187.468,77.231,60.505,28.660
186.605,77.058,60.505,28.660
186.432,78.267,60.505,28.660
186.605,78.095,60.505,28.660
185.756,78.315,61.843,29.294
184.874,78.845,61.843,29.294
185.403,79.374,61.843,29.294
185.893,79.516,60.524,28.669
185.720,78.998,60.524,28.669
186.584,79.171,60.524,28.669
185.720,79.689,60.524,28.669
184.856,80.898,60.524,28.669
184.338,81.071,60.524,28.669
184.206,80.933,61.864,29.304
183.676,81.816,61.864,29.304
183.485,83.660,60.544,28.679
182.994,83.522,61.884,29.313
182.464,82.992,61.884,29.313
180.497,82.851,63.253,29.962
180.316,82.671,63.253,29.962
179.414,82.490,63.253,29.962
180.678,83.032,63.253,29.962
179.041,82.888,64.652,30.625
179.283,82.358,66.083,31.302
180.604,82.546,66.083,31.302
180.415,82.735,66.083,31.302
182.113,82.923,66.083,31.302
183.056,82.735,66.083,31.302
182.113,84.055,66.083,31.302
183.433,84.244,66.083,31.302
184.376,84.432,66.083,31.302
183.810,84.244,66.083,31.302
184.376,83.678,66.083,31.302
187.081,83.830,64.674,30.635
188.742,83.276,64.674,30.635
188.557,81.984,64.674,30.635
189.480,81.430,64.674,30.635
188.557,80.507,64.674,30.635
189.111,80.323,64.674,30.635
189.296,80.138,64.674,30.635
187.634,80.323,64.674,30.635
187.819,79.400,64.674,30.635
186.529,80.018,66.105,31.313
186.340,80.584,66.105,31.313
187.661,81.150,66.105,31.313
185.951,80.608,67.567,32.005
186.604,79.654,69.062,32.714
186.407,79.457,69.062,32.714
186.257,78.890,70.590,33.437
184.443,78.286,70.590,33.437
185.451,78.084,70.590,33.437
186.055,77.077,70.590,33.437
186.660,76.070,70.590,33.437
184.833,75.909,72.152,34.177
186.198,76.075,70.613,33.448
187.145,75.848,69.107,32.735
188.921,76.835,69.107,32.735
187.145,77.032,69.107,32.735
188.526,78.807,69.107,32.735
188.723,79.005,69.107,32.735
186.948,79.596,69.107,32.735
187.934,81.766,69.107,32.735
185.765,81.569,69.107,32.735
184.778,81.766,69.107,32.735
184.581,81.569,69.107,32.735
182.793,81.821,70.636,33.459
182.995,81.619,70.636,33.459
181.987,82.224,70.636,33.459
180.576,82.022,70.636,33.459
179.164,81.014,70.636,33.459
179.366,80.409,70.636,33.459
177.539,80.248,72.199,34.200
176.096,80.867,72.199,34.200
176.302,80.248,72.199,34.200
176.920,80.042,72.199,34.200
175.066,79.836,72.199,34.200
174.447,79.630,72.199,34.200
173.005,78.188,72.199,34.200
176.508,77.981,72.199,34.200
176.714,77.363,72.199,34.200
175.702,77.199,73.797,34.956
175.541,76.593,75.429,35.730
176.187,76.809,75.429,35.730
176.402,77.024,75.429,35.730
178.340,76.809,75.429,35.730
179.416,77.455,75.429,35.730
179.201,78.531,75.429,35.730
178.986,79.177,75.429,35.730
179.632,78.962,75.429,35.730
180.278,79.608,75.429,35.730
180.923,79.823,75.429,35.730
179.847,79.608,75.429,35.730
181.354,79.392,75.429,35.730
181.536,79.151,73.821,34.968
182.589,78.519,73.821,34.968
180.693,78.729,73.821,34.968
181.844,77.687,75.454,35.741
179.475,77.471,75.454,35.741
181.413,77.687,75.454,35.741
178.613,77.471,75.454,35.741
178.398,76.825,75.454,35.741
176.459,76.179,75.454,35.741
178.829,75.533,75.454,35.741
177.321,75.318,75.454,35.741
177.967,75.102,75.454,35.741
177.321,74.456,75.454,35.741
177.967,74.241,75.454,35.741
176.890,74.887,75.454,35.741
176.244,74.672,75.454,35.741
175.598,74.887,75.454,35.741
176.244,74.672,75.454,35.741
173.398,74.053,77.123,36.532
172.738,74.273,77.123,36.532
171.637,74.933,77.123,36.532
170.096,74.713,77.123,36.532
169.876,74.933,77.123,36.532
169.216,74.273,77.123,36.532
169.436,74.493,77.123,36.532
170.537,74.713,77.123,36.532
167.171,74.537,78.830,37.340
167.846,73.412,78.830,37.340
167.171,72.737,78.830,37.340
165.596,72.062,78.830,37.340
166.721,71.387,78.830,37.340
168.296,70.712,78.830,37.340
170.321,70.487,78.830,37.340
172.346,70.712,78.830,37.340
173.471,70.937,78.830,37.340
174.146,69.812,78.830,37.340
174.821,70.037,78.830,37.340
174.183,68.924,80.574,38.167
175.707,69.109,78.856,37.353
174.131,68.434,78.856,37.353
172.106,68.659,78.856,37.353
170.980,68.884,78.856,37.353
170.305,68.209,78.856,37.353
167.331,68.496,80.600,38.179
166.181,69.646,80.600,38.179
165.951,70.337,80.600,38.179
164.800,69.646,80.600,38.179
163.190,69.416,80.600,38.179
163.880,68.726,80.600,38.179
163.190,68.956,80.600,38.179
162.500,68.266,80.600,38.179
164.110,67.116,80.600,38.179
163.880,67.346,80.600,38.179
164.570,67.576,80.600,38.179
165.721,67.346,80.600,38.179
165.030,67.576,80.600,38.179
164.800,67.806,80.600,38.179
164.570,68.036,80.600,38.179
163.440,67.375,82.384,39.024
162.734,68.080,82.384,39.024
162.970,67.375,82.384,39.024
163.675,67.610,82.384,39.024
164.851,68.316,82.384,39.024
165.503,68.958,80.627,38.192
167.114,68.268,80.627,38.192
167.344,66.657,80.627,38.192
168.494,65.967,80.627,38.192
169.185,65.276,80.627,38.192
168.034,65.046,80.627,38.192
166.903,64.862,82.411,39.037
166.668,63.686,82.411,39.037
165.962,62.980,82.411,39.037
167.139,63.216,82.411,39.037
165.022,62.980,82.411,39.037
167.139,62.275,82.411,39.037
167.844,62.040,82.411,39.037
168.950,62.683,80.653,38.204
169.180,62.452,80.653,38.204
170.262,61.750,78.933,37.389
170.938,61.074,78.933,37.389
173.734,59.519,77.250,36.592
173.108,59.343,78.959,37.402
171.530,59.568,78.959,37.402
172.206,60.244,78.959,37.402
172.831,60.860,77.275,36.604
173.493,61.081,77.275,36.604
173.713,60.860,77.275,36.604
173.493,60.639,77.275,36.604
176.655,60.392,75.627,35.824
177.735,60.176,75.627,35.824
178.382,59.960,75.627,35.824
179.462,60.176,75.627,35.824
180.109,60.392,75.627,35.824
180.757,60.608,75.627,35.824
180.973,60.392,75.627,35.824
180.325,61.471,75.627,35.824
180.973,62.119,75.627,35.824
181.620,61.903,75.627,35.824
182.268,62.551,75.627,35.824
182.052,64.062,75.627,35.824
181.836,64.709,75.627,35.824
182.052,64.925,75.627,35.824
182.700,65.141,75.627,35.824
182.052,65.357,75.627,35.824
182.700,65.573,75.627,35.824
178.951,65.400,77.301,36.616
178.290,65.180,77.301,36.616
179.834,63.635,77.301,36.616
178.290,63.856,77.301,36.616
177.186,64.077,77.301,36.616
176.524,64.297,77.301,36.616
176.304,64.518,77.301,36.616
177.848,64.739,77.301,36.616
177.186,64.959,77.301,36.616
177.848,65.621,77.301,36.616
177.186,66.724,77.301,36.616
176.524,66.945,77.301,36.616
175.421,67.166,77.301,36.616
173.877,67.386,77.301,36.616
173.215,67.166,77.301,36.616
172.994,66.504,77.301,36.616
172.774,65.842,77.301,36.616
171.670,66.062,77.301,36.616
171.008,66.724,77.301,36.616
167.699,67.386,77.301,36.616
166.154,68.048,77.301,36.616
164.169,67.828,77.301,36.616
162.624,68.048,77.301,36.616
161.080,67.386,77.301,36.616
162.183,67.166,77.301,36.616
162.845,66.945,77.301,36.616
163.065,66.724,77.301,36.616
164.169,66.945,77.301,36.616
164.389,67.166,77.301,36.616
164.575,67.343,75.652,35.835
165.223,66.696,75.652,35.835
164.575,65.616,75.652,35.835
164.791,65.832,75.652,35.835
165.007,66.048,75.652,35.835
165.655,66.264,75.652,35.835
166.303,66.480,75.652,35.835
165.655,66.696,75.652,35.835
166.303,66.480,75.652,35.835
165.655,66.696,75.652,35.835
166.735,66.911,75.652,35.835
167.383,67.127,75.652,35.835
168.030,67.775,75.652,35.835
169.110,68.423,75.652,35.835
169.758,69.071,75.652,35.835
169.524,68.412,74.039,35.071
170.581,67.356,74.039,35.071
169.129,66.304,72.460,34.323
169.336,65.683,72.460,34.323
169.957,65.476,72.460,34.323
169.336,65.270,72.460,34.323
168.302,65.476,72.460,34.323
168.923,66.924,72.460,34.323
167.475,66.717,72.460,34.323
168.095,67.751,72.460,34.323
168.302,68.786,72.460,34.323
167.682,69.406,72.460,34.323
166.647,69.613,72.460,34.323
166.854,69.820,72.460,34.323
166.234,70.854,72.460,34.323
165.200,71.061,72.460,34.323
164.166,71.267,72.460,34.323
163.131,71.061,72.460,34.323
162.097,70.854,72.460,34.323
161.477,71.474,72.460,34.323
162.097,72.508,72.460,34.323
161.477,73.543,72.460,34.323
161.651,74.905,70.915,33.591
162.259,75.512,70.915,33.591
160.842,76.120,70.915,33.591
160.235,76.727,70.915,33.591
158.008,77.739,70.915,33.591
158.569,78.683,69.403,32.875
158.767,78.881,69.403,32.875
159.316,79.804,67.922,32.174
159.898,80.773,67.922,32.174
159.316,81.743,67.922,32.174
160.286,82.712,67.922,32.174
159.704,83.294,67.922,32.174
160.989,85.318,66.474,31.488
160.040,85.508,66.474,31.488
160.566,87.124,65.056,30.816
159.266,88.053,65.056,30.816
159.823,89.724,65.056,30.816
159.264,90.947,63.669,30.159
159.417,92.145,62.311,29.516
158.528,94.457,62.311,29.516
158.335,94.943,60.983,28.886
157.117,96.161,60.983,28.886
156.247,96.684,60.983,28.886
155.376,97.902,60.983,28.886
156.247,98.772,60.983,28.886
155.724,98.946,60.983,28.886
155.899,100.165,60.983,28.886
155.724,100.339,60.983,28.886
156.247,100.861,60.983,28.886
156.421,101.731,60.983,28.886
156.943,102.254,60.983,28.886
158.161,103.124,60.983,28.886
156.943,103.298,60.983,28.886
157.465,104.865,60.983,28.886
157.948,105.340,59.682,28.270
157.763,106.463,58.409,27.668
156.618,108.847,57.164,27.078
157.434,109.663,57.164,27.078
157.271,110.478,57.164,27.078
157.108,111.621,57.164,27.078
156.306,111.490,58.428,27.677
154.805,112.991,58.428,27.677
154.305,113.492,58.428,27.677
153.137,113.992,58.428,27.677
153.638,113.825,58.428,27.677
152.804,113.992,58.428,27.677
153.304,114.159,58.428,27.677
154.409,115.258,57.182,27.086
154.899,115.421,57.182,27.086
155.981,116.811,55.963,26.509
156.140,117.290,55.963,26.509
155.342,117.769,55.963,26.509
154.862,118.248,55.963,26.509
156.537,119.301,54.770,25.943
156.970,120.632,53.602,25.390
155.899,121.703,53.602,25.390
156.913,122.416,52.459,24.849
157.362,122.566,52.459,24.849
158.411,123.015,52.459,24.849
158.261,123.165,52.459,24.849
158.710,123.315,52.459,24.849
159.459,123.465,52.459,24.849
159.608,123.315,52.459,24.849
160.601,123.147,51.340,24.319
160.454,122.707,51.340,24.319
160.894,123.147,51.340,24.319
161.333,123.293,51.340,24.319
161.480,123.440,51.340,24.319
161.333,124.466,51.340,24.319
161.773,125.198,51.340,24.319
162.799,126.224,51.340,24.319
162.652,127.250,51.340,24.319
163.678,127.983,51.340,24.319
162.652,129.595,51.340,24.319
163.906,130.843,50.245,23.800
162.615,131.560,50.245,23.800
163.289,132.228,49.174,23.293
163.149,132.649,49.174,23.293
162.447,132.509,49.174,23.293
161.184,132.368,49.174,23.293
161.886,132.228,49.174,23.293
162.026,132.649,49.174,23.293
161.324,132.509,49.174,23.293
161.745,132.368,49.174,23.293
160.763,132.509,49.174,23.293
160.903,132.649,49.174,23.293
161.043,132.790,49.174,23.293
161.464,132.649,49.174,23.293
160.501,133.845,48.125,22.796
159.814,134.257,48.125,22.796
162.313,134.367,47.099,22.310
161.908,134.216,46.094,21.834
164.048,134.322,45.111,21.368
163.147,134.451,45.111,21.368
164.048,134.065,45.111,21.368
165.207,134.194,45.111,21.368
165.316,134.546,44.149,20.913
166.880,134.647,43.208,20.467
166.756,134.524,43.208,20.467
167.126,134.894,43.208,20.467
166.756,135.510,43.208,20.467
168.113,135.140,43.208,20.467
167.743,135.510,43.208,20.467
169.511,135.848,42.286,20.030
170.115,135.968,42.286,20.030
170.477,136.089,42.286,20.030
170.115,135.727,42.286,20.030
171.201,136.572,42.286,20.030
172.046,136.934,42.286,20.030
172.167,137.055,42.286,20.030
173.012,135.968,42.286,20.030
174.339,136.330,42.286,20.030
174.943,136.210,42.286,20.030
175.510,136.074,41.385,19.603
177.204,136.169,40.502,19.185
177.319,136.285,40.502,19.185
178.128,136.401,40.502,19.185
179.631,136.747,40.502,19.185
178.822,137.094,40.502,19.185
179.863,136.516,40.502,19.185
180.672,136.632,40.502,19.185
181.438,136.948,39.638,18.776
181.777,136.608,39.638,18.776
182.569,137.400,39.638,18.776
181.551,137.287,39.638,18.776
182.796,136.495,39.638,18.776
182.004,137.061,39.638,18.776
183.844,136.716,38.793,18.376
184.176,136.384,38.793,18.376
185.394,135.609,38.793,18.376
186.391,135.719,38.793,18.376
186.944,135.387,38.793,18.376
187.276,134.834,38.793,18.376
188.864,134.069,37.966,17.984
189.406,133.744,37.966,17.984
189.514,133.852,37.966,17.984
190.490,133.744,37.966,17.984
191.898,133.419,37.966,17.984
193.090,133.527,37.966,17.984
193.632,134.069,37.966,17.984
194.350,134.156,37.156,17.600
194.456,134.474,37.156,17.600
194.987,135.005,37.156,17.600
195.093,134.686,37.156,17.600
194.569,135.794,36.364,17.225
195.057,136.078,35.588,16.858
196.317,135.376,34.829,16.498
198.509,135.648,34.087,16.146
199.969,136.913,34.087,16.146
199.491,137.239,34.841,16.504
200.784,137.339,34.841,16.504
199.889,137.836,34.841,16.504
200.386,138.134,34.841,16.504
201.082,138.432,34.841,16.504
201.579,138.930,34.841,16.504
201.480,139.228,34.841,16.504
202.176,139.725,34.841,16.504
202.076,141.018,34.841,16.504
201.579,141.515,34.841,16.504
202.474,142.211,34.841,16.504
202.176,142.510,34.841,16.504
203.071,143.206,34.841,16.504
203.568,143.305,34.841,16.504
205.060,143.604,34.841,16.504
205.756,144.101,34.841,16.504
206.253,143.803,34.841,16.504
207.745,143.305,34.841,16.504
207.844,143.604,34.841,16.504
208.341,144.101,34.841,16.504
209.833,144.001,34.841,16.504
209.933,143.902,34.841,16.504
210.430,144.001,34.841,16.504
211.524,144.300,34.841,16.504
212.618,145.195,34.841,16.504
212.319,145.493,34.841,16.504
212.618,146.587,34.841,16.504
212.319,147.681,34.841,16.504
213.811,148.775,34.841,16.504
212.916,148.675,34.841,16.504
213.811,149.769,34.841,16.504
215.812,149.850,34.098,16.152
214.769,150.491,33.371,15.807
215.435,150.586,33.371,15.807
216.250,151.030,32.659,15.470
216.157,151.123,32.659,15.470
216.437,150.657,32.659,15.470
217.462,150.005,32.659,15.470
217.369,150.284,32.659,15.470
218.581,149.259,32.659,15.470
219.420,149.538,32.659,15.470
218.394,148.513,32.659,15.470
218.674,148.420,32.659,15.470
219.471,148.495,31.963,15.140
219.563,147.491,31.963,15.140
220.201,147.400,31.963,15.140
220.840,147.856,31.963,15.140
221.661,147.400,31.963,15.140
222.664,147.309,31.963,15.140
222.208,147.035,31.963,15.140
223.212,146.579,31.963,15.140
222.756,146.123,31.963,15.140
223.212,146.397,31.963,15.140
223.303,146.123,31.963,15.140
224.672,145.667,31.963,15.140
225.858,144.663,31.963,15.140
226.314,144.754,31.963,15.140
226.587,144.481,31.963,15.140
227.956,144.207,31.963,15.140
227.865,144.846,31.963,15.140
228.174,143.637,32.670,15.475
228.826,143.357,32.670,15.475
229.529,142.896,33.393,15.818
230.196,142.991,33.393,15.818
232.007,142.705,33.393,15.818
232.484,142.038,33.393,15.818
232.389,142.896,33.393,15.818
233.437,142.419,33.393,15.818
234.620,142.680,32.680,15.480
235.459,141.467,32.680,15.480
236.299,141.187,32.680,15.480
237.698,141.467,32.680,15.480
237.605,140.255,32.680,15.480
239.564,140.534,32.680,15.480
239.686,138.911,33.403,15.823
240.405,139.429,34.143,16.173
242.061,138.942,34.143,16.173
241.769,137.675,34.143,16.173
243.231,138.357,34.143,16.173
243.133,137.480,34.143,16.173
243.621,136.992,34.143,16.173
245.277,136.700,34.143,16.173
244.595,136.603,34.143,16.173
244.498,136.115,34.143,16.173
244.400,135.043,34.143,16.173
243.913,134.946,34.143,16.173
244.790,134.459,34.143,16.173
245.727,134.381,34.898,16.531
245.229,134.082,34.898,16.531
244.731,134.381,34.898,16.531
247.022,133.883,34.898,16.531
247.520,133.982,34.898,16.531
247.619,133.883,34.898,16.531
248.117,133.584,34.898,16.531
247.420,133.484,34.898,16.531
247.918,133.385,34.898,16.531
248.217,133.086,34.898,16.531
248.117,133.385,34.898,16.531
247.819,132.488,34.898,16.531
248.715,132.389,34.898,16.531
248.815,132.289,34.898,16.531
247.918,132.389,34.898,16.531
248.416,132.688,34.898,16.531
246.723,132.986,34.898,16.531
247.221,132.887,34.898,16.531
246.125,133.186,34.898,16.531
246.424,133.285,34.898,16.531
245.727,132.389,34.898,16.531
246.623,133.086,34.898,16.531
246.324,133.982,34.898,16.531
245.229,133.484,34.898,16.531
244.930,133.584,34.898,16.531
245.627,133.883,34.898,16.531
244.531,133.982,34.898,16.531
244.830,134.281,34.898,16.531
244.731,133.584,34.898,16.531
244.432,134.082,34.898,16.531
243.934,134.580,34.898,16.531
245.362,134.468,34.154,16.178
244.290,134.566,34.154,16.178
244.777,134.858,34.154,16.178
244.108,135.125,33.425,15.833
244.394,134.075,33.425,15.833
242.963,134.552,33.425,15.833
243.631,133.503,33.425,15.833
243.711,133.948,32.713,15.495
242.871,132.920,32.713,15.495
242.030,132.640,32.713,15.495
241.937,131.613,32.713,15.495
241.866,130.764,33.436,15.838
240.816,131.050,33.436,15.838
240.911,131.336,33.436,15.838
240.816,130.286,33.436,15.838
239.766,130.000,33.436,15.838
240.053,130.477,33.436,15.838
240.148,130.191,33.436,15.838
240.625,129.905,33.436,15.838
240.148,130.382,33.436,15.838
240.053,130.286,33.436,15.838
239.957,130.000,33.436,15.838
240.053,130.477,33.436,15.838
239.003,130.573,33.436,15.838
238.163,131.202,32.723,15.501
238.630,131.295,32.723,15.501
239.471,130.641,32.723,15.501
237.849,131.148,33.447,15.843
236.990,131.053,33.447,15.843
236.895,132.103,33.447,15.843
236.608,131.625,33.447,15.843
235.558,132.866,33.447,15.843
234.317,133.726,33.447,15.843
234.221,134.012,33.447,15.843
234.890,134.299,33.447,15.843
233.840,134.012,33.447,15.843
233.744,134.680,33.447,15.843
232.885,134.394,33.447,15.843
233.171,133.917,33.447,15.843
233.649,134.394,33.447,15.843
232.026,134.108,33.447,15.843
232.290,134.553,32.734,15.506
231.829,135.348,32.036,15.175
231.190,134.516,32.745,15.511
229.373,133.472,33.469,15.854
228.513,133.759,33.469,15.854
228.991,134.045,33.469,15.854
229.277,133.759,33.469,15.854
228.418,133.472,33.469,15.854
228.704,132.994,33.469,15.854
227.844,133.663,33.469,15.854
227.749,133.568,33.469,15.854
227.271,133.472,33.469,15.854
227.940,133.185,33.469,15.854
228.227,132.708,33.469,15.854
227.749,132.612,33.469,15.854
227.080,132.899,33.469,15.854
228.322,132.803,33.469,15.854
227.844,132.899,33.469,15.854
228.131,132.803,33.469,15.854
228.418,132.326,33.469,15.854
228.322,131.848,33.469,15.854
228.035,132.517,33.469,15.854
229.086,132.039,33.469,15.854
229.182,133.090,33.469,15.854
228.895,132.612,33.469,15.854
228.800,133.090,33.469,15.854
228.704,132.612,33.469,15.854
229.182,133.281,33.469,15.854
229.902,133.403,34.210,16.205
229.609,133.696,34.210,16.205
229.902,133.989,34.210,16.205
230.173,134.820,33.480,15.859
229.886,135.680,33.480,15.859
230.746,135.967,33.480,15.859
231.033,136.827,33.480,15.859
230.937,137.305,33.480,15.859
231.606,136.827,33.480,15.859
231.128,138.261,33.480,15.859
231.606,138.930,33.480,15.859
231.319,140.172,33.480,15.859
231.415,140.268,33.480,15.859
231.319,140.745,33.480,15.859
231.033,141.605,33.480,15.859
231.702,142.274,33.480,15.859
230.841,142.179,33.480,15.859
230.937,142.083,33.480,15.859
230.841,142.370,33.480,15.859
229.981,142.465,33.480,15.859
229.886,142.752,33.480,15.859
230.173,143.039,33.480,15.859
231.224,143.326,33.480,15.859
230.383,143.218,32.766,15.521
231.225,143.312,32.766,15.521
230.757,142.470,32.766,15.521
231.599,142.377,32.766,15.521
232.254,142.844,32.766,15.521
232.534,143.312,32.766,15.521
232.254,142.657,32.766,15.521
232.347,143.125,32.766,15.521
232.254,143.592,32.766,15.521
232.376,143.518,33.491,15.864
232.281,144.378,33.491,15.864
233.141,144.091,33.491,15.864
233.810,143.996,33.491,15.864
233.906,143.900,33.491,15.864
234.575,143.996,33.491,15.864
236.130,144.257,32.777,15.526
235.475,144.351,32.777,15.526
236.130,144.070,32.777,15.526
236.785,145.286,32.777,15.526
237.225,145.542,32.078,15.195
237.133,145.267,32.078,15.195
237.408,146.457,32.078,15.195
237.316,145.633,32.078,15.195
236.858,146.091,32.078,15.195
237.499,147.098,32.078,15.195
237.774,147.373,32.078,15.195
238.232,147.465,32.078,15.195
237.225,147.190,32.078,15.195
236.950,148.197,32.078,15.195
237.957,148.106,32.078,15.195
237.133,148.380,32.078,15.195
236.675,148.655,32.078,15.195
237.316,148.380,32.078,15.195
237.225,149.021,32.078,15.195
237.316,148.930,32.078,15.195
238.452,148.121,31.394,14.871
237.108,148.390,31.394,14.871
237.915,148.659,31.394,14.871
237.825,148.031,31.394,14.871
237.199,148.332,32.089,15.200
236.939,148.449,32.798,15.536
236.658,147.980,32.798,15.536
236.003,148.261,32.798,15.536
235.909,147.419,32.798,15.536
235.441,147.325,32.798,15.536
236.471,146.670,32.798,15.536
236.377,146.951,32.798,15.536
236.845,147.232,32.798,15.536
236.190,147.700,32.798,15.536
236.471,146.857,32.798,15.536
237.126,146.951,32.798,15.536
236.284,148.168,32.798,15.536
236.565,148.636,32.798,15.536
237.220,148.729,32.798,15.536
236.565,149.759,32.798,15.536
235.909,150.040,32.798,15.536
235.441,150.695,32.798,15.536
236.097,150.789,32.798,15.536
235.816,151.070,32.798,15.536
236.617,150.965,32.099,15.205
235.792,151.423,32.099,15.205
236.223,151.497,31.415,14.881
237.030,151.945,31.415,14.881
236.589,151.129,32.110,15.210
237.047,151.771,32.110,15.210
236.222,151.679,32.110,15.210
237.047,151.771,32.110,15.210
236.956,151.679,32.110,15.210
236.695,151.416,32.820,15.546
237.351,152.071,32.820,15.546
236.883,151.790,32.820,15.546
237.164,151.135,32.820,15.546
236.883,151.603,32.820,15.546
237.865,151.679,32.120,15.215
237.590,151.404,32.120,15.215
238.048,151.129,32.120,15.215
238.690,151.220,32.120,15.215
238.048,151.129,32.120,15.215
238.690,151.037,32.120,15.215
237.865,151.312,32.120,15.215
238.507,151.404,32.120,15.215
239.332,152.045,32.120,15.215
238.881,152.162,32.831,15.551
240.099,152.069,32.831,15.551
240.006,151.788,32.831,15.551
241.037,151.506,32.831,15.551
241.693,151.788,32.831,15.551
240.849,150.757,32.831,15.551
241.505,150.850,32.831,15.551
241.974,151.319,32.831,15.551
243.379,151.413,32.831,15.551
242.536,151.694,32.831,15.551
243.004,152.162,32.831,15.551
243.848,151.881,32.831,15.551
244.129,151.788,32.831,15.551
242.911,152.069,32.831,15.551
243.754,152.725,32.831,15.551
244.223,152.631,32.831,15.551
244.879,153.849,32.831,15.551
244.785,153.193,32.831,15.551
245.628,153.662,32.831,15.551
245.160,154.130,32.831,15.551
245.066,153.474,32.831,15.551
246.284,153.568,32.831,15.551
245.816,153.849,32.831,15.551
247.221,153.381,32.831,15.551
247.344,152.917,33.557,15.895
247.440,153.779,33.557,15.895
247.919,153.492,33.557,15.895
247.846,154.409,34.300,16.247
248.177,153.518,35.058,16.607
248.841,154.563,34.311,16.253
249.526,154.857,34.311,16.253
248.645,154.955,34.311,16.253
249.526,155.445,34.311,16.253
249.232,154.955,34.311,16.253
249.330,155.836,34.311,16.253
250.212,156.130,34.311,16.253
250.506,157.207,34.311,16.253
250.966,157.475,33.579,15.906
251.828,158.529,33.579,15.906
251.733,159.009,33.579,15.906
252.212,158.721,33.579,15.906
253.649,159.009,33.579,15.906
254.512,159.296,33.579,15.906
254.416,159.584,33.579,15.906
255.279,159.680,33.579,15.906
255.183,160.159,33.579,15.906
255.662,160.255,33.579,15.906
256.525,160.734,33.579,15.906
256.812,160.638,33.579,15.906
256.716,160.542,33.579,15.906
257.196,161.788,33.579,15.906
258.570,161.496,32.863,15.567
259.192,162.476,32.162,15.235
259.651,162.384,32.162,15.235
259.375,162.292,32.162,15.235
260.385,162.200,32.162,15.235
261.211,162.476,32.162,15.235
262.037,162.567,32.162,15.235
261.205,162.113,32.874,15.572
261.862,162.207,32.874,15.572
262.707,162.488,32.874,15.572
263.927,163.145,32.874,15.572
263.270,163.051,32.874,15.572
264.677,163.333,32.874,15.572
266.085,163.990,32.874,15.572
265.991,164.271,32.874,15.572
267.211,164.553,32.874,15.572
266.928,165.171,32.173,15.240
267.387,164.528,32.173,15.240
268.173,165.310,31.487,14.915
267.544,165.041,31.487,14.915
267.993,165.850,31.487,14.915
267.903,165.939,31.487,14.915
269.251,165.850,31.487,14.915
270.240,166.119,31.487,14.915
270.917,165.861,32.183,15.245
270.642,166.504,32.183,15.245
269.631,167.147,32.183,15.245
270.091,166.688,32.183,15.245
271.285,167.331,32.183,15.245
271.560,167.606,32.183,15.245
271.101,167.882,32.183,15.245
272.295,166.871,32.183,15.245
273.306,167.882,32.183,15.245
273.581,166.871,32.183,15.245
274.041,167.698,32.183,15.245
275.051,167.606,32.183,15.245
275.143,167.331,32.183,15.245
275.970,166.871,32.183,15.245
276.245,167.698,32.183,15.245
276.888,167.606,32.183,15.245
277.531,167.698,32.183,15.245
277.842,167.244,32.895,15.582
278.500,167.901,32.895,15.582
279.157,167.619,32.895,15.582
279.670,167.349,33.623,15.927
279.958,168.021,33.623,15.927
280.054,167.157,33.623,15.927
280.726,166.870,33.623,15.927
281.397,166.582,33.623,15.927
282.837,166.294,33.623,15.927
283.125,166.965,33.623,15.927
283.989,166.869,33.623,15.927
284.468,166.390,33.623,15.927
285.716,166.869,33.623,15.927
285.236,166.390,33.623,15.927
286.484,166.678,33.623,15.927
287.731,165.814,33.623,15.927
286.868,165.910,33.623,15.927
287.539,166.774,33.623,15.927
289.747,166.870,33.623,15.927
289.459,167.349,33.623,15.927
291.474,167.637,33.623,15.927
291.600,166.764,34.367,16.279
291.502,166.862,34.367,16.279
291.208,166.960,34.367,16.279
292.679,167.255,34.367,16.279
292.581,167.549,34.367,16.279
292.876,167.058,34.367,16.279
294.543,167.549,34.367,16.279
295.426,166.862,34.367,16.279
296.265,167.509,33.634,15.932
297.129,168.373,33.634,15.932
296.649,168.661,33.634,15.932
297.129,167.797,33.634,15.932
296.841,167.893,33.634,15.932
296.745,167.797,33.634,15.932
295.689,168.085,33.634,15.932
296.361,167.989,33.634,15.932
297.033,167.893,33.634,15.932
296.937,167.413,33.634,15.932
297.225,167.893,33.634,15.932
297.513,167.413,33.634,15.932
298.377,167.701,33.634,15.932
298.089,166.452,33.634,15.932
297.609,166.741,33.634,15.932
298.665,166.068,33.634,15.932
299.145,165.780,33.634,15.932
298.089,164.340,33.634,15.932
298.185,164.628,33.634,15.932
298.665,163.380,33.634,15.932
298.761,163.476,33.634,15.932
297.129,163.380,33.634,15.932
297.609,162.900,33.634,15.932
298.473,162.228,33.634,15.932
298.369,162.121,32.917,15.592
297.524,161.275,32.917,15.592
297.054,160.805,32.917,15.592
297.148,160.335,32.917,15.592
296.678,160.242,32.917,15.592
296.960,159.960,32.917,15.592
297.054,159.490,32.917,15.592
295.456,159.584,32.917,15.592
295.536,159.660,32.215,15.260
294.340,158.832,32.215,15.260
294.248,157.821,32.215,15.260
293.605,157.177,32.215,15.260
292.593,156.165,32.215,15.260
291.569,155.520,32.928,15.597
290.347,155.050,32.928,15.597
290.471,154.390,33.656,15.942
289.606,154.101,33.656,15.942
288.934,153.621,33.656,15.942
287.066,152.348,34.401,16.295
285.790,152.643,34.401,16.295
284.710,152.152,34.401,16.295
283.237,152.446,34.401,16.295
283.320,152.147,33.667,15.948
282.455,152.243,33.667,15.948
281.782,151.955,33.667,15.948
280.148,150.706,33.667,15.948
278.515,150.225,33.667,15.948
278.226,150.321,33.667,15.948
277.362,150.417,33.667,15.948
276.497,150.129,33.667,15.948
275.824,149.649,33.667,15.948
274.383,148.976,33.667,15.948
274.093,149.238,32.949,15.608
271.742,148.956,32.949,15.608
271.836,148.486,32.949,15.608
270.425,148.768,32.949,15.608
268.826,147.922,32.949,15.608
267.604,147.640,32.949,15.608
265.817,147.922,32.949,15.608
264.446,147.272,32.247,15.275
262.513,147.180,32.247,15.275
261.132,146.904,32.247,15.275
258.961,146.258,32.960,15.613
258.867,145.976,32.960,15.613
257.080,146.070,32.960,15.613
254.163,146.164,32.960,15.613
253.128,145.693,32.960,15.613
250.965,145.411,32.960,15.613
249.930,145.129,32.960,15.613
248.895,144.094,32.960,15.613
246.919,143.624,32.960,15.613
244.567,143.341,32.960,15.613
243.156,142.683,32.960,15.613
241.557,142.965,32.960,15.613
240.334,142.118,32.960,15.613
238.358,142.212,32.960,15.613
236.759,141.742,32.960,15.613
236.100,141.083,32.960,15.613
233.640,140.434,32.257,15.280
233.548,140.526,32.257,15.280
232.536,140.066,32.257,15.280
231.523,138.869,32.257,15.280
229.589,138.040,32.257,15.280
228.208,137.580,32.257,15.280
227.753,138.009,31.569,14.954
226.582,138.639,31.569,14.954
226.852,138.189,31.569,14.954
224.540,137.743,32.268,15.285
223.711,138.388,32.268,15.285
223.803,138.480,32.268,15.285
222.606,138.572,32.268,15.285
221.961,139.032,32.268,15.285
221.316,138.756,32.268,15.285
221.040,139.769,32.268,15.285
220.211,140.230,32.268,15.285
219.014,139.953,32.268,15.285
218.922,140.598,32.268,15.285
218.461,141.796,32.268,15.285
217.264,141.888,32.268,15.285
217.724,141.243,32.268,15.285
216.158,141.335,32.268,15.285
215.882,141.243,32.268,15.285
214.362,141.317,31.580,14.959
213.743,141.042,30.906,14.640
213.310,140.240,31.590,14.964
213.039,139.789,31.590,14.964
212.588,139.518,31.590,14.964
212.318,139.428,31.590,14.964
211.146,138.977,31.590,14.964
209.793,138.887,31.590,14.964
209.883,138.617,31.590,14.964
209.793,137.625,31.590,14.964
209.348,136.307,30.916,14.645
209.436,135.866,30.916,14.645
208.818,135.777,30.916,14.645
208.723,134.147,30.257,14.332
208.636,134.579,30.257,14.332
208.032,133.629,30.257,14.332
207.945,132.679,30.257,14.332
207.163,132.610,30.927,14.649
206.721,132.345,30.927,14.649
207.163,132.081,30.927,14.649
206.192,131.992,30.927,14.649
205.221,131.904,30.927,14.649
204.603,131.463,30.927,14.649
203.808,130.668,30.927,14.649
203.542,131.080,30.267,14.337
203.656,130.294,30.937,14.654
203.049,130.705,30.277,14.342
203.481,130.619,30.277,14.342
202.358,130.360,30.277,14.342
201.926,130.273,30.277,14.342
202.185,130.532,30.277,14.342
201.407,129.755,30.277,14.342
199.938,129.495,30.277,14.342
201.062,128.718,30.277,14.342
200.468,129.454,29.631,14.036
201.568,129.538,29.631,14.036
202.291,128.954,28.999,13.737
201.877,129.202,28.999,13.737
202.788,129.120,28.999,13.737
203.202,128.706,28.999,13.737
202.457,128.292,28.999,13.737
203.202,128.540,28.999,13.737
202.788,128.954,28.999,13.737
202.209,128.544,29.641,14.040
201.628,128.613,29.009,13.741
202.042,129.192,29.009,13.741
200.800,128.778,29.009,13.741
201.711,127.867,29.009,13.741
200.966,127.453,29.009,13.741
200.883,127.702,29.009,13.741
200.966,127.122,29.009,13.741
201.515,127.508,28.390,13.448
201.272,127.103,28.390,13.448
200.218,127.508,28.390,13.448
200.461,126.131,28.390,13.448
199.895,125.561,29.018,13.746
201.379,125.667,29.660,14.050
201.633,125.244,29.660,14.050
201.867,125.475,29.028,13.750
201.453,125.558,29.028,13.750
203.359,125.641,29.028,13.750
203.773,125.724,29.028,13.750
203.193,125.807,29.028,13.750
204.270,125.392,29.028,13.750
204.187,124.150,29.028,13.750
204.270,122.575,29.028,13.750
205.513,122.824,29.028,13.750
204.602,122.907,29.028,13.750
204.850,122.493,29.028,13.750
204.933,121.415,29.028,13.750
205.182,120.835,29.028,13.750
206.093,121.250,29.028,13.750
206.673,120.670,29.028,13.750
206.756,120.587,29.028,13.750
206.349,120.349,29.670,14.054
207.450,119.078,29.670,14.054
207.196,118.824,29.670,14.054
207.450,117.893,29.670,14.054
207.365,116.622,29.670,14.054
208.635,116.030,29.670,14.054
208.720,116.114,29.670,14.054
209.281,114.387,29.037,13.755
209.696,114.138,29.037,13.755
209.447,112.563,29.037,13.755
211.685,111.817,29.037,13.755
212.137,110.375,29.680,14.059
213.578,110.799,29.680,14.059
214.302,109.397,29.047,13.759
216.375,108.983,29.047,13.759
217.121,108.568,29.047,13.759
216.707,107.822,29.047,13.759
217.676,107.068,29.690,14.064
218.438,106.983,29.690,14.064
219.429,106.740,30.347,14.375
218.996,107.173,30.347,14.375
219.904,107.743,29.699,14.068
220.497,107.998,29.699,14.068
220.921,108.082,29.699,14.068
220.328,107.998,29.699,14.068
220.243,107.743,29.699,14.068
220.158,107.659,29.699,14.068
219.226,107.404,29.699,14.068
219.161,106.985,30.356,14.379
218.735,106.556,31.028,14.698
218.127,106.798,30.366,14.384
219.080,105.845,30.366,14.384
217.434,105.758,30.366,14.384
215.960,104.978,30.366,14.384
215.700,104.891,30.366,14.384
214.573,104.805,30.366,14.384
214.313,104.545,30.366,14.384
215.267,104.285,30.366,14.384
215.527,104.718,30.366,14.384
214.202,103.929,31.038,14.702
214.113,105.790,31.038,14.702
214.202,105.701,31.038,14.702
214.113,105.613,31.038,14.702
213.847,106.056,31.038,14.702
213.922,106.468,30.376,14.389
213.835,106.382,30.376,14.389
213.055,106.815,30.376,14.389
212.125,107.219,29.729,14.082
213.059,107.983,29.729,14.082
211.107,109.595,29.729,14.082
211.701,111.208,29.729,14.082
210.768,111.802,29.729,14.082
208.942,112.790,30.386,14.394
207.815,113.918,30.386,14.394
208.075,114.005,30.386,14.394
207.649,113.755,31.059,14.712
207.028,113.667,31.059,14.712
206.762,113.755,31.059,14.712
206.851,113.844,31.059,14.712
207.117,113.755,31.059,14.712
206.496,113.489,31.059,14.712
206.939,113.401,31.059,14.712
207.915,113.489,31.059,14.712
207.649,113.578,31.059,14.712
207.383,113.667,31.059,14.712
206.579,113.596,31.746,15.037
207.213,113.687,31.746,15.037
206.579,113.777,31.746,15.037
206.134,113.705,32.448,15.370
206.597,113.797,32.448,15.370
206.690,112.408,32.448,15.370
206.412,111.760,32.448,15.370
205.949,111.852,32.448,15.370
206.782,111.019,32.448,15.370
206.134,111.112,32.448,15.370
206.597,111.019,32.448,15.370
205.764,111.112,32.448,15.370
205.486,111.204,32.448,15.370
204.652,111.482,32.448,15.370
205.623,111.378,31.756,15.042
204.263,111.469,31.756,15.042
203.818,111.396,32.459,15.375
203.355,111.674,32.459,15.375
204.745,111.767,32.459,15.375
204.467,111.674,32.459,15.375
202.666,111.216,33.177,15.715
203.379,110.354,33.911,16.063
203.089,109.677,33.911,16.063
202.613,108.796,34.661,16.419
203.108,108.301,34.661,16.419
203.207,108.005,34.661,16.419
203.504,107.708,34.661,16.419
203.999,107.807,34.661,16.419
203.504,107.510,34.661,16.419
204.196,107.609,34.661,16.419
203.306,107.906,34.661,16.419
203.405,107.609,34.661,16.419
203.108,107.708,34.661,16.419
203.207,107.807,34.661,16.419
202.712,106.323,34.661,16.419
203.009,105.630,34.661,16.419
203.108,105.927,34.661,16.419
203.603,105.234,34.661,16.419
203.702,105.333,34.661,16.419
203.009,105.432,34.661,16.419
203.093,105.703,33.922,16.068
203.019,105.424,34.673,16.424
202.920,105.523,34.673,16.424
202.623,105.820,34.673,16.424
202.128,105.721,34.673,16.424
201.633,107.404,34.673,16.424
201.732,107.899,34.673,16.424
201.237,108.591,34.673,16.424
201.732,109.284,34.673,16.424
200.425,109.205,35.440,16.787
199.919,110.520,35.440,16.787
200.222,111.228,35.440,16.787
199.305,110.938,36.224,17.159
198.994,110.622,35.451,16.793
199.500,110.926,35.451,16.793
198.994,112.241,35.451,16.793
197.881,112.747,35.451,16.793
197.375,112.444,35.451,16.793
196.262,112.950,35.451,16.793
197.577,112.849,35.451,16.793
196.060,112.747,35.451,16.793
196.970,112.849,35.451,16.793
197.476,113.152,35.451,16.793
197.173,114.265,35.451,16.793
198.083,114.771,35.451,16.793
197.982,114.265,35.451,16.793
197.881,114.569,35.451,16.793
197.375,114.872,35.451,16.793
196.869,114.569,35.451,16.793
197.422,114.908,36.236,17.164
197.111,113.770,36.236,17.164
197.422,112.426,36.236,17.164
198.766,111.908,36.236,17.164
199.904,112.219,36.236,17.164
197.679,111.922,37.038,17.544
198.419,110.124,37.038,17.544
199.582,110.019,37.038,17.544
200.110,110.124,37.038,17.544
199.159,110.019,37.038,17.544
199.688,109.279,37.038,17.544
199.370,108.750,37.038,17.544
200.606,107.569,37.857,17.932
200.075,107.258,38.695,18.329
199.523,108.252,38.695,18.329
202.063,107.921,38.695,18.329
193.853,109.926,37.869,17.938
196.686,110.513,38.707,18.335
198.785,112.612,38.707,18.335
201.105,112.722,38.707,18.335
202.984,112.612,38.707,18.335
205.525,112.280,38.707,18.335
206.519,111.949,38.707,18.335
207.734,112.280,38.707,18.335
208.508,112.391,38.707,18.335
209.799,112.761,39.564,18.741
210.138,112.874,39.564,18.741
211.832,113.439,39.564,18.741
213.751,114.681,39.564,18.741
214.090,114.342,39.564,18.741
212.598,114.486,40.439,19.155
214.099,116.218,40.439,19.155
213.752,116.795,40.439,19.155
214.560,117.372,40.439,19.155
213.060,117.487,40.439,19.155
213.175,115.987,40.439,19.155
212.598,115.410,40.439,19.155
211.790,115.294,40.439,19.155
210.982,115.641,40.439,19.155
210.636,115.756,40.439,19.155
209.350,115.424,41.334,19.579
209.232,114.363,41.334,19.579
209.350,113.773,41.334,19.579
209.505,113.679,42.248,20.012
209.913,112.081,43.183,20.455
210.530,112.451,43.183,20.455
209.667,112.574,43.183,20.455
210.852,112.987,44.138,20.908
211.017,112.886,45.115,21.370
210.384,112.249,46.113,21.843
211.569,112.644,46.113,21.843
209.830,112.812,47.133,22.326
209.426,114.023,47.133,22.326
209.830,114.158,47.133,22.326
208.052,114.888,48.176,22.820
209.565,115.575,48.176,22.820
210.527,117.913,48.176,22.820
211.969,118.554,47.149,22.334
210.219,119.765,47.149,22.334
211.699,120.707,47.149,22.334
209.084,120.879,48.192,22.828
210.046,120.741,48.192,22.828
207.658,120.917,49.258,23.333
207.236,120.776,49.258,23.333
209.064,121.198,49.258,23.333
210.892,121.339,49.258,23.333
209.626,120.636,49.258,23.333
210.329,120.776,49.258,23.333
211.876,120.636,49.258,23.333
210.329,121.057,49.258,23.333
212.720,121.760,49.258,23.333
209.403,119.023,50.348,23.849
208.397,119.454,50.348,23.849
207.989,119.637,51.462,24.377
208.430,118.315,51.462,24.377
209.458,117.874,51.462,24.377
209.017,117.728,51.462,24.377
208.577,116.406,51.462,24.377
209.605,115.084,51.462,24.377
209.164,115.524,51.462,24.377
208.136,114.790,51.462,24.377
208.283,115.230,51.462,24.377
208.724,115.671,51.462,24.377
207.989,115.818,51.462,24.377
208.136,116.259,51.462,24.377
209.458,117.581,51.462,24.377
210.780,117.434,51.462,24.377
210.633,117.581,51.462,24.377
211.131,117.159,52.601,24.916
210.393,117.039,53.764,25.467
210.240,117.192,53.764,25.467
211.621,117.039,53.764,25.467
212.695,116.885,53.764,25.467
211.007,117.346,53.764,25.467
209.933,117.806,53.764,25.467
212.363,116.410,54.954,26.031
210.616,115.634,56.170,26.607
210.494,114.508,57.413,27.195
210.369,113.697,58.683,27.797
212.546,113.529,58.683,27.797
211.376,112.700,59.981,28.412
210.534,112.208,61.308,29.041
211.759,112.733,61.308,29.041
210.884,112.908,61.308,29.041
211.409,112.383,61.308,29.041
213.684,110.808,61.308,29.041
214.909,110.283,61.308,29.041
215.434,109.059,61.308,29.041
214.574,109.282,62.665,29.683
217.615,109.461,62.665,29.683
220.656,109.282,62.665,29.683
220.119,108.388,62.665,29.683
222.802,108.209,62.665,29.683
221.552,107.324,64.051,30.340
222.930,106.798,65.468,31.011
224.238,105.490,65.468,31.011
223.304,106.051,65.468,31.011
223.117,105.117,65.468,31.011
223.678,105.303,65.468,31.011
223.117,105.117,65.468,31.011
221.809,104.182,65.468,31.011
223.117,103.995,65.468,31.011
223.304,104.182,65.468,31.011
224.986,103.622,65.468,31.011
227.041,101.566,65.468,31.011
227.976,100.258,65.468,31.011
227.415,100.071,65.468,31.011
227.272,99.146,66.917,31.697
225.145,99.390,68.397,32.399
225.340,99.585,68.397,32.399
224.754,99.781,68.397,32.399
225.340,100.757,68.397,32.399
225.145,100.952,68.397,32.399
223.778,100.366,68.397,32.399
223.193,101.343,68.397,32.399
221.436,102.319,68.397,32.399
223.974,103.685,68.397,32.399
222.216,104.661,68.397,32.399
224.754,104.857,68.397,32.399
223.388,104.271,68.397,32.399
224.754,103.685,68.397,32.399
226.121,103.880,68.397,32.399
223.974,103.685,68.397,32.399
222.609,102.719,69.911,33.116
222.043,101.318,71.457,33.848
221.431,102.338,71.457,33.848
221.227,102.134,71.457,33.848
221.431,101.930,71.457,33.848
220.411,101.726,71.457,33.848
221.839,101.930,71.457,33.848
219.990,100.920,73.038,34.597
221.450,101.129,73.038,34.597
222.492,101.337,73.038,34.597
220.616,101.963,73.038,34.597
220.407,102.588,73.038,34.597
218.948,105.715,73.038,34.597
217.072,106.758,73.038,34.597
214.779,108.217,73.038,34.597
209.984,108.842,73.038,34.597
208.107,109.051,73.038,34.597
204.563,109.259,73.038,34.597
202.687,108.634,73.038,34.597
202.062,108.008,73.038,34.597
201.019,106.549,73.038,34.597
199.560,106.758,73.038,34.597
198.518,106.966,73.038,34.597
197.892,106.758,73.038,34.597
197.267,106.132,73.038,34.597
198.309,105.924,73.038,34.597
197.267,106.132,73.038,34.597
196.242,105.533,74.654,35.363
194.753,104.479,76.306,36.145
190.520,104.305,77.994,36.945
188.961,106.754,77.994,36.945
187.403,107.422,77.994,36.945
185.845,108.089,77.994,36.945
183.396,107.867,77.994,36.945
182.283,108.980,77.994,36.945
181.615,109.202,77.994,36.945
180.947,110.761,77.994,36.945
181.170,110.538,77.994,36.945
180.947,110.316,77.994,36.945
181.615,108.757,77.994,36.945
181.837,105.863,77.994,36.945
181.170,102.524,77.994,36.945
180.056,98.294,77.994,36.945
178.943,94.064,77.994,36.945
178.721,91.170,77.994,36.945
176.717,89.612,77.994,36.945
174.714,84.492,77.994,36.945
174.491,83.824,77.994,36.945
173.378,81.820,77.994,36.945
175.282,79.854,76.331,36.157
175.936,79.636,76.331,36.157
178.220,79.391,74.703,35.386
179.712,78.752,74.703,35.386
180.779,79.818,74.703,35.386
182.698,81.737,74.703,35.386
183.764,83.230,74.703,35.386
186.962,86.428,74.703,35.386
188.455,86.641,74.703,35.386
192.334,89.279,73.110,34.631
193.795,91.157,73.110,34.631
195.982,92.532,71.551,33.893
195.778,92.328,71.551,33.893
195.982,88.039,71.551,33.893
195.778,86.610,71.551,33.893
193.503,83.904,73.134,34.642
194.547,81.190,73.134,34.642
193.921,79.729,73.134,34.642
195.382,79.103,73.134,34.642
197.678,78.476,73.134,34.642
198.722,77.850,73.134,34.642
201.436,76.806,73.134,34.642
202.480,77.850,73.134,34.642
202.656,80.835,71.575,33.904
203.616,83.363,70.048,33.181
198.900,84.863,71.598,33.915
196.243,86.293,71.598,33.915
194.052,89.215,70.071,33.192
194.252,91.416,70.071,33.192
191.652,93.616,70.071,33.192
190.652,95.816,70.071,33.192
193.134,95.977,68.577,32.484
195.287,96.173,68.577,32.484
195.874,94.802,68.577,32.484
197.636,93.041,68.577,32.484
198.223,91.279,68.577,32.484
197.636,86.777,68.577,32.484
197.831,86.190,68.577,32.484
195.678,85.994,68.577,32.484
192.686,85.025,70.094,33.202
191.285,84.825,70.094,33.202
191.886,85.426,70.094,33.202
192.440,84.815,68.599,32.494
191.461,85.403,68.599,32.494
190.874,85.207,68.599,32.494
190.678,85.403,68.599,32.494
190.482,86.382,68.599,32.494
190.286,86.969,68.599,32.494
190.874,88.731,68.599,32.494
191.853,89.710,68.599,32.494
193.905,92.133,67.137,31.801
196.396,91.175,67.137,31.801
197.355,90.983,67.137,31.801
197.546,92.325,67.137,31.801
197.355,92.133,67.137,31.801
198.313,91.941,67.137,31.801
200.037,90.600,67.137,31.801
201.379,91.558,67.137,31.801
200.804,94.049,67.137,31.801
200.229,96.157,67.137,31.801
201.130,97.050,65.705,31.123
201.317,97.613,65.705,31.123
200.004,97.425,65.705,31.123
199.817,98.363,65.705,31.123
199.629,98.176,65.705,31.123
199.067,97.988,65.705,31.123
199.586,97.416,64.304,30.460
200.871,96.865,64.304,30.460
200.688,94.847,64.304,30.460
204.542,93.929,64.304,30.460
207.662,93.745,64.304,30.460
211.884,93.562,64.304,30.460
215.004,92.277,64.304,30.460
218.491,91.359,64.304,30.460
223.814,90.809,64.304,30.460
226.567,90.258,64.304,30.460
228.491,90.760,62.932,29.810
229.749,90.580,62.932,29.810
230.647,90.041,62.932,29.810
231.545,90.580,62.932,29.810
231.697,91.417,61.590,29.174
232.224,93.351,61.590,29.174
230.993,96.340,61.590,29.174
232.927,96.867,61.590,29.174
233.103,97.394,61.590,29.174
233.279,98.625,61.590,29.174
233.455,98.449,61.590,29.174
235.636,98.252,60.277,28.552
237.529,98.424,60.277,28.552
239.332,98.231,58.991,27.943
238.825,98.691,57.733,27.347
239.282,99.459,56.502,26.764
238.153,98.653,56.502,26.764
237.992,97.524,56.502,26.764
236.863,98.008,56.502,26.764
235.089,98.492,56.502,26.764
233.960,99.621,56.502,26.764
232.831,99.137,56.502,26.764
234.283,99.298,56.502,26.764
234.444,100.104,56.502,26.764
233.637,99.943,56.502,26.764
233.154,98.814,56.502,26.764
233.637,98.008,56.502,26.764
234.444,95.911,56.502,26.764
235.895,94.782,56.502,26.764
237.897,93.980,55.297,26.193
238.943,93.194,54.118,25.635
241.569,92.422,54.118,25.635
242.032,92.267,54.118,25.635
244.247,92.094,52.964,25.088
244.398,90.431,52.964,25.088
245.983,91.135,51.835,24.553
244.060,90.396,51.835,24.553
243.024,90.248,51.835,24.553
245.430,89.797,50.729,24.030
243.838,89.073,50.729,24.030
245.914,88.631,49.647,23.517
246.906,88.206,49.647,23.517
247.047,88.064,49.647,23.517
247.189,88.489,49.647,23.517
246.764,87.781,49.647,23.517
248.039,87.356,49.647,23.517
251.437,86.104,48.589,23.016
252.963,85.965,48.589,23.016
252.824,85.549,48.589,23.016
253.517,85.410,48.589,23.016
254.211,86.381,48.589,23.016
252.991,85.958,47.552,22.525
251.770,86.094,47.552,22.525
251.361,85.418,46.538,22.044
251.985,86.038,45.546,21.574
250.842,85.892,44.575,21.114
250.715,88.309,44.575,21.114
249.315,88.182,44.575,21.114
250.649,88.775,43.624,20.664
250.034,88.395,42.694,20.223
250.399,88.030,42.694,20.223
249.303,88.395,42.694,20.223
249.912,88.030,42.694,20.223
251.496,88.883,42.694,20.223
253.478,89.451,41.783,19.792
255.878,89.777,40.892,19.370
258.329,89.660,40.892,19.370
261.247,90.243,40.892,19.370
263.932,90.827,40.892,19.370
266.149,90.477,40.892,19.370
270.748,90.346,40.020,18.957
272.461,90.917,40.020,18.957
274.760,90.569,39.167,18.553
275.766,87.774,39.167,18.553
278.337,86.544,39.167,18.553
279.940,85.772,38.332,18.157
281.720,84.806,37.514,17.770
282.898,83.628,37.514,17.770
284.290,83.521,37.514,17.770
283.968,83.414,37.514,17.770
284.884,83.294,36.714,17.391
284.569,84.590,35.931,17.020
286.107,83.667,35.931,17.020
285.389,82.949,35.931,17.020
286.723,83.052,35.931,17.020
288.193,84.123,35.165,16.657
289.245,84.591,34.415,16.302
290.719,84.296,34.415,16.302
292.506,84.754,33.681,15.954
291.641,85.235,33.681,15.954
290.775,86.100,33.681,15.954
289.189,87.474,32.963,15.614
285.519,87.945,32.963,15.614
282.979,87.098,32.963,15.614
281.426,87.537,32.260,15.281
279.019,87.966,31.572,14.955
277.641,87.333,32.271,15.286
275.766,89.538,31.582,14.960
276.015,90.132,30.909,14.641
275.240,91.734,30.250,14.329
274.813,93.301,29.605,14.023
277.002,92.881,28.973,13.724
277.710,94.701,28.355,13.431
278.924,95.105,28.355,13.431
279.166,96.643,28.355,13.431
279.085,97.372,28.355,13.431
280.870,98.997,27.751,13.145
281.090,100.435,27.159,12.865
281.477,102.063,27.159,12.865
280.159,103.381,27.159,12.865
281.167,104.544,27.159,12.865
281.830,105.054,26.580,12.590
280.692,105.282,26.580,12.590
281.830,105.206,26.580,12.590
281.147,105.737,26.580,12.590
282.285,104.447,26.580,12.590
282.968,104.372,26.580,12.590
281.527,102.323,26.580,12.590
283.053,101.361,26.013,12.322
282.400,100.275,25.458,12.059
282.181,98.233,24.915,11.802
281.399,96.739,24.915,11.802
280.774,96.111,24.384,11.550
282.096,95.485,24.384,11.550
282.332,93.985,24.923,11.806
281.692,91.495,24.923,11.806
281.477,90.455,24.392,11.554
282.522,88.715,24.392,11.554
281.060,87.392,24.392,11.554
282.461,87.045,23.872,11.308
282.665,85.887,23.872,11.308
281.234,85.410,23.872,11.308
282.342,85.202,23.363,11.067
283.041,85.770,22.865,10.831
283.851,86.452,22.377,10.600
282.920,86.134,21.900,10.374
283.937,85.341,21.433,10.152
282.573,85.272,20.976,9.936
281.816,84.282,20.528,9.724
281.527,85.232,20.091,9.517
282.238,84.836,19.662,9.314
