276.000,161.000,73.000,74.000
277.447,161.289,73.000,74.000
281.787,161.579,73.000,74.000
282.655,161.289,73.000,74.000
286.996,161.579,73.000,74.000
289.022,161.289,73.000,74.000
295.098,161.000,73.000,74.000
296.545,160.711,73.000,74.000
301.464,161.000,73.000,74.000
304.069,160.711,73.000,74.000
305.516,161.000,73.000,74.000
306.962,160.711,73.000,74.000
308.409,159.843,73.000,74.000
310.024,153.659,71.443,72.422
311.605,147.607,69.920,70.878
313.686,141.684,68.429,69.366
315.585,143.040,68.429,69.366
315.672,143.680,69.943,70.901
315.949,144.512,69.943,70.901
316.428,146.070,68.451,69.389
316.157,147.969,68.451,69.389
316.102,150.016,66.991,67.909
315.836,151.344,66.991,67.909
315.783,152.836,65.563,66.461
316.043,153.616,65.563,66.461
315.263,154.396,65.563,66.461
313.964,155.695,65.563,66.461
312.969,157.386,67.013,67.931
312.703,158.715,67.013,67.931
311.906,160.574,67.013,67.931
311.641,161.902,67.013,67.931
311.375,163.230,67.013,67.931
311.109,164.027,67.013,67.931
310.844,164.293,67.013,67.931
310.047,164.559,67.013,67.931
309.781,164.824,67.013,67.931
308.984,164.559,67.013,67.931
307.656,164.293,67.013,67.931
306.859,164.559,67.013,67.931
305.531,165.356,67.013,67.931
304.203,167.746,67.013,67.931
304.468,170.137,67.013,67.931
304.203,170.934,67.013,67.931
304.468,173.325,67.013,67.931
304.734,174.122,67.013,67.931
304.468,174.387,67.013,67.931
304.734,174.653,67.013,67.931
305.000,174.918,67.013,67.931
305.265,175.184,67.013,67.931
305.531,175.450,67.013,67.931
305.265,175.715,67.013,67.931
305.531,175.981,67.013,67.931
304.734,176.778,67.013,67.931
304.468,177.575,67.013,67.931
304.734,177.840,67.013,67.931
303.937,178.106,67.013,67.931
303.671,178.372,67.013,67.931
303.937,178.637,67.013,67.931
303.671,179.434,67.013,67.931
303.406,180.231,67.013,67.931
303.671,181.028,67.013,67.931
303.406,182.888,67.013,67.931
304.203,183.684,67.013,67.931
305.000,183.950,67.013,67.931
305.797,183.153,67.013,67.931
306.593,177.575,67.013,67.931
307.390,177.840,67.013,67.931
308.187,177.575,67.013,67.931
308.984,177.840,67.013,67.931
308.518,178.467,68.496,69.434
307.479,182.488,70.011,70.971
306.992,190.053,71.560,72.541
306.495,195.430,73.144,74.146
306.785,196.880,73.144,74.146
307.075,198.330,73.144,74.146
306.785,199.200,73.144,74.146
306.495,198.910,73.144,74.146
303.886,198.620,73.144,74.146
303.016,199.489,73.144,74.146
300.703,201.377,74.762,75.786
298.628,204.044,74.762,75.786
297.146,206.711,74.762,75.786
295.397,207.410,76.416,77.463
294.237,208.753,78.107,79.177
293.309,211.539,78.107,79.177
292.380,212.468,78.107,79.177
292.070,212.778,78.107,79.177
291.760,211.849,78.107,79.177
290.832,207.205,78.107,79.177
290.522,205.657,78.107,79.177
290.212,204.109,78.107,79.177
289.903,201.941,78.107,79.177
289.593,201.012,78.107,79.177
289.284,200.084,78.107,79.177
288.974,199.155,78.107,79.177
288.664,198.226,78.107,79.177
288.355,197.297,78.107,79.177
288.664,196.368,78.107,79.177
288.974,196.059,78.107,79.177
289.284,195.749,78.107,79.177
290.212,196.059,78.107,79.177
291.141,195.749,78.107,79.177
291.451,196.059,78.107,79.177
291.761,196.368,78.107,79.177
292.689,196.059,78.107,79.177
292.999,195.749,78.107,79.177
293.928,195.439,78.107,79.177
294.237,195.130,78.107,79.177
295.166,194.201,78.107,79.177
295.476,193.891,78.107,79.177
295.785,193.582,78.107,79.177
296.095,193.272,78.107,79.177
296.405,192.963,78.107,79.177
296.714,192.653,78.107,79.177
296.405,192.343,78.107,79.177
296.095,191.414,78.107,79.177
295.785,191.105,78.107,79.177
295.476,190.795,78.107,79.177
295.166,191.105,78.107,79.177
294.623,189.908,79.835,80.929
294.940,189.591,79.835,80.929
295.256,189.275,79.835,80.929
295.573,189.591,79.835,80.929
295.889,189.275,79.835,80.929
296.206,188.958,79.835,80.929
295.889,189.275,79.835,80.929
295.573,189.591,79.835,80.929
295.256,189.275,79.835,80.929
294.940,189.591,79.835,80.929
295.256,189.275,79.835,80.929
295.573,189.591,79.835,80.929
295.889,189.275,79.835,80.929
295.573,188.958,79.835,80.929
295.889,188.642,79.835,80.929
296.206,187.693,79.835,80.929
295.889,186.743,79.835,80.929
296.206,185.794,79.835,80.929
295.889,185.477,79.835,80.929
296.206,185.161,79.835,80.929
295.889,184.844,79.835,80.929
296.206,183.895,79.835,80.929
294.994,182.671,81.601,82.719
294.671,181.701,81.601,82.719
294.347,180.731,81.601,82.719
294.024,179.760,81.601,82.719
293.700,179.437,81.601,82.719
292.462,177.515,83.407,84.549
292.131,176.523,83.407,84.549
292.462,175.531,83.407,84.549
292.131,174.539,83.407,84.549
292.462,174.209,83.407,84.549
292.131,173.878,83.407,84.549
292.462,173.547,83.407,84.549
292.793,173.217,83.407,84.549
292.462,173.547,83.407,84.549
292.131,173.878,83.407,84.549
292.462,174.209,83.407,84.549
292.793,175.200,83.407,84.549
293.123,176.192,83.407,84.549
293.454,177.184,83.407,84.549
293.785,178.176,83.407,84.549
294.115,178.507,83.407,84.549
294.446,178.837,83.407,84.549
293.866,177.559,85.252,86.420
294.204,177.221,85.252,86.420
293.866,176.883,85.252,86.420
293.528,176.545,85.252,86.420
292.514,176.207,85.252,86.420
293.098,177.454,83.434,84.577
293.669,178.037,81.655,82.773
293.345,177.066,81.655,82.773
293.021,176.095,81.655,82.773
292.956,176.666,79.914,81.008
292.639,176.349,79.914,81.008
291.689,176.666,79.914,81.008
291.372,176.983,79.914,81.008
291.055,177.933,79.914,81.008
290.105,178.883,79.914,81.008
290.422,179.834,79.914,81.008
290.105,181.418,79.914,81.008
289.788,182.368,79.914,81.008
290.105,183.318,79.914,81.008
289.788,185.536,79.914,81.008
290.105,185.219,79.914,81.008
289.788,187.436,79.914,81.008
290.105,186.486,79.914,81.008
289.550,184.604,81.682,82.801
289.873,186.223,81.682,82.801
289.550,184.604,81.682,82.801
289.873,184.280,81.682,82.801
290.197,183.309,81.682,82.801
290.521,182.337,81.682,82.801
290.845,181.366,81.682,82.801
290.521,179.747,81.682,82.801
290.845,178.776,81.682,82.801
291.169,177.804,81.682,82.801
291.492,177.481,81.682,82.801
292.464,177.157,81.682,82.801
293.435,179.423,81.682,82.801
294.406,179.100,81.682,82.801
296.838,185.288,79.940,81.035
297.788,183.070,79.940,81.035
299.557,186.683,78.235,79.307
300.487,186.372,78.235,79.307
302.218,189.310,76.567,77.615
302.522,189.007,76.567,77.615
303.432,189.310,76.567,77.615
303.129,189.007,76.567,77.615
302.825,188.703,76.567,77.615
301.915,189.007,76.567,77.615
302.439,191.297,74.934,75.960
300.953,189.812,74.934,75.960
298.874,189.515,74.934,75.960
297.737,188.366,76.592,77.641
296.826,188.063,76.592,77.641
295.915,187.152,76.592,77.641
295.612,186.241,76.592,77.641
294.450,183.177,78.286,79.359
294.139,181.626,78.286,79.359
293.208,180.074,78.286,79.359
291.036,177.902,78.286,79.359
289.179,177.253,76.617,77.666
291.167,172.927,78.312,79.385
291.911,169.151,80.045,81.141
293.330,166.607,81.816,82.936
289.397,164.007,83.626,84.771
290.879,161.350,85.476,86.647
291.691,163.555,87.367,88.564
288.928,160.060,89.300,90.523
287.573,157.957,91.276,92.526
289.191,161.063,93.295,94.573
292.379,158.865,95.360,96.666
288.579,155.835,97.469,98.805
283.893,152.738,99.626,100.991
286.657,150.763,99.626,100.991
283.893,150.368,99.626,100.991
286.657,147.604,99.626,100.991
282.687,141.980,101.830,103.225
281.980,137.906,104.083,105.509
281.256,132.887,106.386,107.843
281.678,129.935,106.386,107.843
285.473,129.513,106.386,107.843
282.521,132.465,106.386,107.843
281.256,127.826,106.386,107.843
283.365,129.935,106.386,107.843
279.569,126.983,106.386,107.843
283.365,128.248,106.386,107.843
281.256,125.296,106.386,107.843
283.365,127.404,106.386,107.843
281.256,128.670,106.386,107.843
285.895,125.718,106.386,107.843
282.100,127.826,106.386,107.843
284.208,127.404,106.386,107.843
285.473,126.139,106.386,107.843
287.582,126.561,106.386,107.843
291.377,126.139,106.386,107.843
282.521,124.031,106.386,107.843
288.004,126.983,106.386,107.843
295.173,126.561,106.386,107.843
286.317,129.513,106.386,107.843
290.112,128.248,106.386,107.843
284.630,132.887,106.386,107.843
285.895,129.935,106.386,107.843
285.473,133.730,106.386,107.843
285.052,135.839,106.386,107.843
287.160,137.947,106.386,107.843
285.052,140.899,106.386,107.843
287.160,144.694,106.386,107.843
287.582,146.803,106.386,107.843
288.847,148.912,106.386,107.843
286.738,151.020,106.386,107.843
288.847,152.285,106.386,107.843
289.269,154.394,106.386,107.843
287.160,154.815,106.386,107.843
286.738,155.237,106.386,107.843
286.317,157.346,106.386,107.843
285.052,159.454,106.386,107.843
284.630,159.033,106.386,107.843
285.358,162.215,104.117,105.544
285.490,164.044,106.421,107.879
283.000,158.912,108.775,110.265
283.744,164.659,106.456,107.914
285.010,161.705,106.456,107.914
284.588,162.127,106.456,107.914
284.166,165.925,106.456,107.914
284.588,162.971,106.456,107.914
282.973,162.215,108.811,110.302
282.886,162.144,106.491,107.949
282.464,161.722,106.491,107.949
282.600,162.718,108.847,110.338
280.442,160.560,108.847,110.338
281.476,161.578,111.255,112.779
278.873,160.788,113.717,115.274
278.083,159.045,116.233,117.825
278.543,158.584,116.233,117.825
277.161,157.202,116.233,117.825
276.700,155.820,116.233,117.825
274.397,155.359,116.233,117.825
272.093,154.898,116.233,117.825
278.083,153.516,116.233,117.825
273.015,153.977,116.233,117.825
272.554,152.595,116.233,117.825
270.250,151.213,116.233,117.825
270.711,148.909,116.233,117.825
269.329,151.213,116.233,117.825
271.632,147.987,116.233,117.825
266.564,150.291,116.233,117.825
267.668,145.642,118.804,120.432
267.197,145.171,118.804,120.432
265.785,143.758,118.804,120.432
264.959,139.983,121.433,123.096
266.403,137.576,121.433,123.096
262.071,138.057,121.433,123.096
257.739,137.576,121.433,123.096
260.145,134.206,121.433,123.096
258.303,130.348,124.119,125.820
255.398,126.403,126.866,128.603
254.517,121.328,129.672,131.449
254.682,116.141,132.541,134.357
253.106,115.616,132.541,134.357
256.783,112.989,132.541,134.357
252.626,112.902,129.715,131.492
254.169,111.360,129.715,131.492
253.655,109.817,129.715,131.492
252.560,108.741,126.949,128.688
245.412,110.972,129.757,131.535
253.241,108.905,126.990,128.730
256.765,107.394,126.990,128.730
253.752,111.193,124.282,125.985
259.171,108.730,124.282,125.985
253.752,113.164,124.282,125.985
256.215,109.715,124.282,125.985
254.737,114.149,124.282,125.985
259.171,108.730,124.282,125.985
259.664,113.164,124.282,125.985
263.112,110.700,124.282,125.985
264.590,117.105,124.282,125.985
267.053,110.700,124.282,125.985
262.620,116.119,124.282,125.985
267.053,119.568,124.282,125.985
264.590,115.134,124.282,125.985
269.024,121.539,124.282,125.985
265.576,115.134,124.282,125.985
269.024,122.524,124.282,125.985
269.517,118.090,124.282,125.985
265.083,124.494,124.282,125.985
272.473,122.031,124.282,125.985
268.039,118.583,124.282,125.985
265.576,125.972,124.282,125.985
271.980,120.553,124.282,125.985
266.561,124.987,124.282,125.985
270.995,126.465,124.282,125.985
268.531,125.972,124.282,125.985
271.980,126.465,124.282,125.985
270.502,125.972,124.282,125.985
270.995,127.450,124.282,125.985
271.487,126.958,124.282,125.985
270.995,127.450,124.282,125.985
271.487,125.972,124.282,125.985
272.965,128.436,124.282,125.985
273.458,125.972,124.282,125.985
272.965,126.465,124.282,125.985
272.866,129.233,121.632,123.298
276.022,126.368,124.323,126.026
274.973,129.137,121.672,123.339
274.876,129.987,119.077,120.708
274.404,130.459,119.077,120.708
273.399,133.111,116.538,118.134
271.089,133.573,116.538,118.134
270.105,137.059,114.053,115.615
275.078,140.224,114.053,115.615
271.914,140.676,114.053,115.615
270.079,144.087,111.620,113.149
270.843,145.720,109.240,110.736
268.252,148.988,106.910,108.375
272.066,152.802,106.910,108.375
269.529,156.000,104.631,106.064
271.603,158.074,104.631,106.064
270.359,160.147,104.631,106.064
270.774,163.051,104.631,106.064
269.529,165.124,104.631,106.064
271.384,165.242,106.945,108.410
269.664,169.258,104.665,106.099
271.738,169.673,104.665,106.099
268.834,169.258,104.665,106.099
271.738,172.162,104.665,106.099
266.345,170.088,104.665,106.099
270.783,169.345,106.981,108.446
267.427,173.362,104.699,106.133
266.700,168.313,107.016,108.482
272.214,170.434,107.016,108.482
266.700,167.464,107.016,108.482
269.477,167.585,109.383,110.882
267.309,166.284,109.383,110.882
271.947,164.607,111.803,113.335
268.440,170.515,109.419,110.918
274.880,167.038,111.840,113.372
269.117,168.368,111.840,113.372
274.880,166.151,111.840,113.372
268.230,170.141,111.840,113.372
275.766,167.924,111.840,113.372
268.230,166.594,111.840,113.372
270.446,167.924,111.840,113.372
263.797,163.934,111.840,113.372
262.467,162.604,111.840,113.372
258.477,164.821,111.840,113.372
259.807,162.604,111.840,113.372
254.930,166.594,111.840,113.372
249.553,161.201,114.315,115.881
247.818,158.508,116.844,118.444
249.208,161.750,116.844,118.444
245.966,157.582,116.844,118.444
246.115,156.752,119.429,121.065
240.907,154.385,119.429,121.065
244.221,156.752,119.429,121.065
250.514,154.849,116.882,118.483
254.684,151.606,116.882,118.483
250.514,150.216,116.882,118.483
257.464,145.119,116.882,118.483
255.147,144.656,116.882,118.483
252.830,141.413,116.882,118.483
251.441,136.316,116.882,118.483
252.830,133.073,116.882,118.483
248.661,129.830,116.882,118.483
245.417,127.513,116.882,118.483
248.661,124.270,116.882,118.483
246.344,121.954,116.882,118.483
248.661,118.710,116.882,118.483
247.271,117.320,116.882,118.483
250.514,115.004,116.882,118.483
254.684,111.761,116.882,118.483
250.514,109.444,116.882,118.483
254.684,109.907,116.882,118.483
249.587,108.518,116.882,118.483
253.757,108.981,116.882,118.483
249.587,109.444,116.882,118.483
254.684,111.761,116.882,118.483
250.514,112.224,116.882,118.483
256.537,116.394,116.882,118.483
251.441,119.637,116.882,118.483
256.537,121.954,116.882,118.483
257.927,125.197,116.882,118.483
259.317,128.440,116.882,118.483
258.854,128.903,116.882,118.483
263.023,132.147,116.882,118.483
264.413,135.390,116.882,118.483
263.950,136.780,116.882,118.483
265.340,139.096,116.882,118.483
266.730,142.339,116.882,118.483
265.340,144.656,116.882,118.483
267.657,147.899,116.882,118.483
266.267,152.069,116.882,118.483
267.657,155.312,116.882,118.483
269.047,159.482,116.882,118.483
268.583,164.579,116.882,118.483
269.047,168.748,116.882,118.483
271.363,171.992,116.882,118.483
269.973,173.381,116.882,118.483
271.363,172.918,116.882,118.483
271.826,174.308,116.882,118.483
272.290,176.625,116.882,118.483
271.826,175.235,116.882,118.483
272.290,176.625,116.882,118.483
270.900,175.235,116.882,118.483
269.510,177.551,116.882,118.483
269.973,174.308,116.882,118.483
267.657,175.698,116.882,118.483
266.844,175.829,119.468,121.105
266.014,174.981,122.111,123.784
265.165,174.114,124.813,126.523
263.681,175.598,124.813,126.523
262.814,174.712,127.575,129.322
261.927,173.806,130.397,132.183
262.093,172.880,133.282,135.108
261.565,172.351,133.282,135.108
259.542,171.405,136.231,138.097
260.082,170.865,136.231,138.097
260.256,169.897,139.245,141.153
262.273,171.935,136.276,138.143
261.326,170.967,139.291,141.199
258.565,173.728,139.291,141.199
262.180,168.156,142.373,144.323
256.506,167.145,145.523,147.516
259.726,174.833,142.419,144.370
263.678,169.752,142.419,144.370
260.855,174.833,142.419,144.370
265.936,170.882,142.419,144.370
261.984,174.833,142.419,144.370
257.480,169.136,145.570,147.564
262.673,168.559,145.570,147.564
260.332,170.689,142.466,144.418
265.415,166.736,142.466,144.418
267.109,163.912,142.466,144.418
264.285,164.477,142.466,144.418
267.109,160.524,142.466,144.418
262.603,163.027,145.618,147.613
265.184,157.202,148.840,150.879
257.514,160.152,148.840,150.879
264.004,153.662,148.840,150.879
258.073,152.605,152.133,154.217
262.021,144.017,155.499,157.629
257.706,148.332,155.499,157.629
264.300,138.275,158.939,161.117
258.100,145.458,155.550,157.681
260.353,144.168,152.233,154.318
263.370,141.150,152.233,154.318
257.939,145.374,152.233,154.318
265.784,138.737,152.233,154.318
261.560,142.961,152.233,154.318
266.091,144.024,148.986,151.027
264.319,145.796,148.986,151.027
266.477,146.837,145.809,147.807
272.835,142.791,145.809,147.807
265.321,146.837,145.809,147.807
270.523,143.947,145.809,147.807
266.477,143.369,145.809,147.807
273.991,141.636,145.809,147.807
265.321,144.525,145.809,147.807
271.679,141.636,145.809,147.807
264.165,143.369,145.809,147.807
270.523,140.480,145.809,147.807
264.165,141.058,145.809,147.807
262.431,138.168,145.809,147.807
267.633,138.746,145.809,147.807
261.275,137.012,145.809,147.807
260.697,135.278,145.809,147.807
257.808,134.700,145.809,147.807
257.230,132.966,145.809,147.807
258.963,132.388,145.809,147.807
256.074,130.654,145.809,147.807
256.652,128.920,145.809,147.807
259.541,126.030,145.809,147.807
262.431,124.296,145.809,147.807
259.541,123.718,145.809,147.807
262.431,120.828,145.809,147.807
258.385,121.406,145.809,147.807
261.275,119.672,145.809,147.807
258.385,119.094,145.809,147.807
256.652,119.672,145.809,147.807
260.697,117.938,145.809,147.807
257.808,118.516,145.809,147.807
261.853,116.782,145.809,147.807
260.119,116.205,145.809,147.807
264.165,115.627,145.809,147.807
263.587,115.049,145.809,147.807
265.321,113.315,145.809,147.807
264.743,113.893,145.809,147.807
269.945,109.847,145.809,147.807
266.486,113.094,142.700,144.655
263.101,116.272,139.657,141.570
265.123,116.181,136.678,138.551
267.832,115.639,136.678,138.551
266.207,117.264,136.678,138.551
265.665,118.890,136.678,138.551
263.467,122.978,133.764,135.596
266.427,126.979,130.911,132.704
265.322,127.894,128.119,129.874
269.135,129.768,125.387,127.105
269.035,130.645,122.713,124.394
267.576,131.131,122.713,124.394
264.171,130.645,122.713,124.394
264.073,131.502,120.096,121.742
266.453,131.978,120.096,121.742
263.604,133.735,117.535,119.145
262.206,131.406,117.535,119.145
263.604,134.667,117.535,119.145
259.411,132.337,117.535,119.145
259.876,133.735,117.535,119.145
259.411,131.406,117.535,119.145
260.215,134.023,115.029,116.605
259.759,133.567,115.029,116.605
261.425,136.129,112.576,114.118
260.979,134.790,112.576,114.118
261.425,136.129,112.576,114.118
262.764,134.790,112.576,114.118
264.102,134.344,112.576,114.118
265.441,133.898,112.576,114.118
267.672,134.344,112.576,114.118
270.796,133.005,112.576,114.118
274.812,131.667,112.576,114.118
277.043,134.790,112.576,114.118
279.965,128.435,115.067,116.643
280.112,128.564,117.612,119.224
286.066,123.860,120.215,121.861
281.777,127.195,120.215,121.861
286.066,126.719,120.215,121.861
291.308,124.336,120.215,121.861
287.506,126.449,122.874,124.558
291.705,120.523,125.593,127.313
285.667,121.697,128.372,130.130
291.110,116.562,131.212,133.009
284.349,120.203,131.212,133.009
288.833,114.954,134.115,135.952
285.651,121.015,131.255,133.053
286.172,118.414,131.255,133.053
283.570,121.015,131.255,133.053
284.090,119.454,131.255,133.053
281.489,121.015,131.255,133.053
286.172,118.414,131.255,133.053
283.570,119.975,131.255,133.053
286.172,118.414,131.255,133.053
281.489,118.934,131.255,133.053
287.212,116.333,131.255,133.053
284.611,116.853,131.255,133.053
282.009,117.373,131.255,133.053
287.733,115.812,131.255,133.053
284.091,115.292,131.255,133.053
284.989,118.215,128.456,130.216
283.904,119.113,125.717,127.439
286.396,117.618,125.717,127.439
281.911,122.103,125.717,127.439
285.173,116.040,128.498,130.258
280.161,119.884,125.758,127.480
280.322,114.853,128.540,130.301
276.290,120.662,125.799,127.522
276.450,115.630,128.582,130.344
273.400,121.441,125.840,127.564
269.908,118.947,125.840,127.564
268.846,124.635,123.157,124.844
269.003,119.708,125.881,127.606
265.510,124.199,125.881,127.606
263.015,123.700,125.881,127.606
262.516,127.193,125.881,127.606
259.023,128.690,125.881,127.606
260.520,127.193,125.881,127.606
255.031,133.680,125.881,127.606
257.526,129.189,125.881,127.606
252.037,135.676,125.881,127.606
254.532,131.185,125.881,127.606
249.044,137.671,125.881,127.606
249.543,134.179,125.881,127.606
246.050,137.671,125.881,127.606
246.549,133.181,125.881,127.606
248.046,136.674,125.881,127.606
249.543,132.183,125.881,127.606
251.039,134.678,125.881,127.606
253.534,129.189,125.881,127.606
252.037,131.684,125.881,127.606
255.530,128.191,125.881,127.606
252.037,131.684,125.881,127.606
253.534,129.189,125.881,127.606
251.039,130.686,125.881,127.606
253.534,129.189,125.881,127.606
249.044,131.684,125.881,127.606
254.532,129.189,125.881,127.606
248.046,131.684,125.881,127.606
255.530,129.189,125.881,127.606
249.044,131.684,125.881,127.606
255.416,125.613,128.667,130.429
248.786,124.083,128.667,130.429
255.300,122.111,131.513,133.315
251.651,122.632,131.513,133.315
258.428,124.196,131.513,133.315
253.736,123.675,131.513,133.315
262.598,125.238,131.513,133.315
261.034,128.888,131.513,133.315
268.854,126.281,131.513,133.315
265.205,133.058,131.513,133.315
274.067,130.452,131.513,133.315
268.333,137.229,131.513,133.315
278.238,134.622,131.513,133.315
274.079,132.606,134.423,136.265
281.006,133.139,134.423,136.265
277.276,133.672,134.423,136.265
286.334,129.942,134.423,136.265
284.736,130.475,134.423,136.265
287.400,128.877,134.423,136.265
288.998,126.212,134.423,136.265
291.662,123.548,134.423,136.265
290.064,123.015,134.423,136.265
292.728,120.351,134.423,136.265
286.867,125.147,134.423,136.265
293.794,119.285,134.423,136.265
285.801,126.212,134.423,136.265
292.728,120.351,134.423,136.265
286.266,118.291,137.397,139.279
292.257,115.568,137.397,139.279
285.176,123.737,137.397,139.279
290.078,116.657,137.397,139.279
284.603,111.161,140.437,142.361
280.706,117.284,140.437,142.361
279.036,115.614,140.437,142.361
276.253,113.944,140.437,142.361
285.716,108.934,140.437,142.361
281.311,114.208,137.442,139.325
291.663,107.125,137.442,139.325
285.670,110.939,137.442,139.325
285.125,106.036,137.442,139.325
290.028,104.401,137.442,139.325
285.125,107.125,137.442,139.325
283.491,104.401,137.442,139.325
289.484,99.498,137.442,139.325
286.760,101.132,137.442,139.325
290.573,96.229,137.442,139.325
295.477,92.415,137.442,139.325
288.394,100.587,137.442,139.325
290.028,94.594,137.442,139.325
285.125,102.767,137.442,139.325
283.491,97.863,137.442,139.325
292.753,92.960,137.442,139.325
282.401,101.132,137.442,139.325
292.753,95.139,137.442,139.325
287.849,98.953,137.442,139.325
286.215,95.139,137.442,139.325
283.491,98.953,137.442,139.325
292.753,95.139,137.442,139.325
288.939,98.953,137.442,139.325
285.125,99.498,137.442,139.325
294.387,95.684,137.442,139.325
290.573,101.677,137.442,139.325
285.670,104.401,137.442,139.325
294.932,102.767,137.442,139.325
289.571,110.029,134.511,136.354
297.569,107.363,134.511,136.354
288.504,114.294,134.511,136.354
284.285,119.346,131.643,133.446
277.957,119.493,134.555,136.399
281.690,116.827,134.555,136.399
278.498,118.795,131.686,133.490
280.064,117.229,131.686,133.490
276.983,117.377,134.600,136.443
279.650,115.776,134.600,136.443
275.915,117.377,134.600,136.443
274.779,119.346,131.729,133.534
276.346,119.868,131.729,133.534
276.868,122.479,131.729,133.534
279.479,121.957,131.729,133.534
280.001,122.479,131.729,133.534
281.568,121.957,131.729,133.534
281.045,123.523,131.729,133.534
284.701,119.868,131.729,133.534
276.201,123.267,134.644,136.488
273.006,126.265,131.772,133.577
276.663,123.654,131.772,133.577
275.550,129.609,128.962,130.729
278.404,128.539,126.212,127.941
275.902,132.042,126.212,127.941
277.101,128.031,129.005,130.772
273.022,128.176,131.859,133.665
272.916,129.097,129.047,130.815
275.771,127.041,126.295,128.025
276.635,125.028,123.602,125.295
275.165,128.458,123.602,125.295
273.696,125.028,123.602,125.295
274.186,123.558,123.602,125.295
273.142,121.589,120.966,122.623
270.273,127.980,118.386,120.008
266.988,128.449,118.386,120.008
269.607,125.658,115.862,117.449
266.896,127.694,118.425,120.047
268.611,124.902,115.900,117.487
266.852,123.126,118.464,120.087
267.322,122.656,118.464,120.087
268.730,122.187,118.464,120.087
271.078,119.839,118.464,120.087
267.791,119.369,118.464,120.087
269.200,117.021,118.464,120.087
270.609,115.612,118.464,120.087
272.017,115.143,118.464,120.087
272.487,114.673,118.464,120.087
272.957,114.204,118.464,120.087
273.426,113.734,118.464,120.087
271.629,112.893,121.085,122.743
269.791,112.033,123.764,125.459
268.319,112.523,123.764,125.459
266.441,111.645,126.502,128.235
262.440,112.827,129.301,131.072
261.928,113.340,129.301,131.072
266.541,112.827,129.301,131.072
262.953,115.390,129.301,131.072
265.516,114.877,129.301,131.072
260.903,117.440,129.301,131.072
266.541,115.902,129.301,131.072
261.928,117.440,129.301,131.072
261.415,118.978,129.301,131.072
256.802,121.540,129.301,131.072
259.365,122.053,129.301,131.072
254.752,125.641,129.301,131.072
257.315,127.178,129.301,131.072
253.727,128.716,129.301,131.072
254.240,129.229,129.301,131.072
252.702,131.791,129.301,131.072
252.190,130.254,129.301,131.072
250.652,136.917,129.301,131.072
249.114,133.329,129.301,131.072
248.602,139.992,129.301,131.072
248.498,138.919,126.544,128.277
252.010,141.428,126.544,128.277
249.008,143.279,123.845,125.541
253.426,143.770,123.845,125.541
251.953,143.279,123.845,125.541
251.462,146.715,123.845,125.541
254.202,147.581,121.204,122.864
255.354,145.723,123.886,125.583
255.255,146.589,121.244,122.905
256.084,146.509,118.658,120.284
258.710,146.432,116.128,117.718
256.408,146.892,116.128,117.718
259.630,144.591,116.128,117.718
257.329,143.210,116.128,117.718
260.551,140.908,116.128,117.718
258.249,140.448,116.128,117.718
260.551,139.067,116.128,117.718
258.249,137.686,116.128,117.718
257.789,135.384,116.128,117.718
258.892,131.694,118.697,120.323
258.422,131.223,118.697,120.323
256.620,129.404,121.323,122.985
256.775,127.545,124.007,125.706
254.317,127.053,124.007,125.706
252.843,128.528,124.007,125.706
256.061,123.567,126.751,128.487
252.052,122.667,129.556,131.330
256.480,120.682,132.422,134.236
248.606,121.206,132.422,134.236
256.399,120.266,135.352,137.206
246.552,117.078,138.346,140.242
256.972,117.627,138.346,140.242
245.769,115.506,141.407,143.344
254.091,113.339,144.536,146.516
244.765,112.313,147.734,149.758
252.378,109.385,147.734,149.758
244.060,109.551,151.002,153.071
239.870,102.966,151.002,153.071
251.243,105.959,151.002,153.071
243.462,104.163,151.002,153.071
245.257,102.368,151.002,153.071
241.067,100.572,151.002,153.071
248.849,101.171,151.002,153.071
242.264,99.375,151.002,153.071
248.849,102.368,151.002,153.071
243.462,96.981,151.002,153.071
247.652,99.974,151.002,153.071
245.856,99.375,151.002,153.071
247.652,99.974,151.002,153.071
245.856,98.178,151.002,153.071
248.849,99.974,151.002,153.071
247.053,96.981,151.002,153.071
251.243,97.579,151.002,153.071
248.250,95.784,151.002,153.071
250.046,97.579,151.002,153.071
251.842,94.586,151.002,153.071
250.046,96.382,151.002,153.071
251.842,96.981,151.002,153.071
252.440,95.185,151.002,153.071
250.644,94.586,151.002,153.071
250.046,91.594,151.002,153.071
249.447,92.192,151.002,153.071
250.046,89.199,151.002,153.071
245.856,87.404,151.002,153.071
253.637,88.002,151.002,153.071
248.250,82.615,151.002,153.071
241.666,82.017,151.002,153.071
232.687,81.418,151.002,153.071
244.060,79.622,151.002,153.071
231.490,77.827,151.002,153.071
242.863,77.228,151.002,153.071
233.885,76.629,151.002,153.071
244.060,76.031,151.002,153.071
235.082,76.629,151.002,153.071
246.454,77.228,151.002,153.071
237.476,77.827,151.002,153.071
247.652,78.425,151.002,153.071
238.673,80.221,151.002,153.071
244.060,78.425,151.002,153.071
250.863,79.480,147.782,149.807
245.590,82.409,147.782,149.807
242.661,81.824,147.782,149.807
240.904,81.238,147.782,149.807
247.561,84.529,144.631,146.612
245.841,86.249,144.631,146.612
236.095,85.676,144.631,146.612
232.082,87.396,144.631,146.612
236.095,89.115,144.631,146.612
233.229,89.689,144.631,146.612
238.388,94.849,144.631,146.612
226.677,90.253,147.831,149.856
223.747,94.355,147.831,149.856
227.849,96.113,147.831,149.856
223.173,96.279,151.102,153.171
215.387,93.284,151.102,153.171
219.308,95.939,154.445,156.560
213.154,91.032,157.862,160.024
217.250,91.209,161.354,163.565
211.494,89.290,161.354,163.565
214.354,89.471,164.924,167.184
211.702,89.364,161.407,163.618
213.621,91.283,161.407,163.618
209.792,89.944,157.965,160.129
206.044,87.427,154.597,156.714
208.785,95.230,158.017,160.182
207.451,91.505,154.647,156.766
214.194,97.022,154.647,156.766
209.903,90.279,154.647,156.766
216.646,94.570,154.647,156.766
210.614,92.105,151.349,153.423
213.963,90.850,148.122,150.151
220.421,96.134,148.122,150.151
235.100,100.244,148.122,150.151
225.118,94.960,148.122,150.151
239.797,99.070,148.122,150.151
245.081,98.483,148.122,150.151
239.797,99.070,148.122,150.151
249.778,102.006,148.122,150.151
244.494,100.244,148.122,150.151
252.127,105.529,148.122,150.151
244.494,104.941,148.122,150.151
247.430,107.877,148.122,150.151
245.668,110.813,148.122,150.151
245.081,112.574,148.122,150.151
242.146,111.987,148.122,150.151
247.430,117.271,148.122,150.151
243.320,113.161,148.122,150.151
248.604,119.620,148.122,150.151
245.668,120.207,148.122,150.151
245.081,121.969,148.122,150.151
240.971,121.381,148.122,150.151
247.430,124.317,148.122,150.151
243.320,126.079,148.122,150.151
249.778,129.014,148.122,150.151
242.146,130.776,148.122,150.151
248.426,129.724,151.399,153.473
240.624,126.723,151.399,153.473
248.426,129.724,151.399,153.473
240.624,126.723,151.399,153.473
249.626,129.724,151.399,153.473
246.626,131.524,151.399,153.473
253.227,132.125,151.399,153.473
247.826,129.124,151.399,153.473
252.027,133.325,151.399,153.473
246.626,131.524,151.399,153.473
255.628,132.125,151.399,153.473
256.228,132.725,151.399,153.473
255.628,134.525,151.399,153.473
256.228,135.125,151.399,153.473
259.229,136.926,151.399,153.473
258.628,137.526,151.399,153.473
262.829,140.526,151.399,153.473
262.229,143.527,151.399,153.473
263.668,138.716,154.749,156.869
265.909,146.892,151.449,153.523
264.631,149.108,148.219,150.249
272.268,149.696,148.219,150.249
269.885,152.997,145.058,147.045
275.311,152.902,141.965,143.909
273.028,158.233,138.937,140.841
282.390,151.073,138.937,140.841
275.231,156.030,138.937,140.841
280.188,152.175,138.937,140.841
275.830,155.269,135.974,137.837
273.643,153.102,133.075,134.898
279.638,155.049,130.237,132.021
272.927,152.468,130.237,132.021
273.443,150.919,130.237,132.021
270.353,150.834,127.460,129.206
268.419,146.784,130.280,132.064
270.728,142.644,133.162,134.986
264.326,143.889,136.108,137.973
262.708,142.270,136.108,137.973
260.010,142.810,136.108,137.973
262.423,138.484,139.120,141.025
265.180,136.830,139.120,141.025
258.011,140.690,139.120,141.025
264.077,135.727,139.120,141.025
256.908,135.176,139.120,141.025
262.974,132.418,139.120,141.025
265.732,132.970,139.120,141.025
269.592,132.418,139.120,141.025
264.629,128.558,139.120,141.025
268.489,132.418,139.120,141.025
264.629,128.558,139.120,141.025
263.454,136.972,136.153,138.018
270.347,131.525,139.165,141.072
264.919,134.625,136.198,138.063
265.093,129.176,139.211,141.118
261.790,136.532,136.242,138.108
266.651,133.831,136.242,138.108
261.790,136.532,136.242,138.108
267.567,128.841,139.257,141.164
262.135,135.134,136.287,138.154
257.273,138.916,136.287,138.154
265.377,136.215,136.287,138.154
263.756,135.674,136.287,138.154
263.216,136.215,136.287,138.154
259.434,135.674,136.287,138.154
255.652,134.054,136.287,138.154
260.514,134.594,136.287,138.154
257.813,138.376,136.287,138.154
261.595,130.272,136.287,138.154
256.733,136.215,136.287,138.154
260.514,130.272,136.287,138.154
257.813,137.295,136.287,138.154
257.273,133.514,136.287,138.154
253.491,137.295,136.287,138.154
250.790,134.594,136.287,138.154
252.411,131.893,136.287,138.154
249.710,136.755,136.287,138.154
247.009,136.215,136.287,138.154
245.858,137.167,133.380,135.208
247.790,138.099,130.536,132.324
247.686,137.016,127.752,129.502
247.179,135.497,127.752,129.502
250.006,132.485,125.028,126.741
253.727,130.493,122.362,124.038
256.435,128.543,119.752,121.393
256.909,129.017,119.752,121.393
254.107,127.182,122.402,124.079
255.563,123.786,122.402,124.079
256.048,123.300,122.402,124.079
254.592,121.845,122.402,124.079
258.959,118.448,122.402,124.079
258.474,116.993,122.402,124.079
257.989,116.508,122.402,124.079
258.474,114.082,122.402,124.079
259.637,111.199,125.110,126.824
257.738,109.281,127.878,129.630
257.901,107.322,130.707,132.498
260.492,103.695,130.707,132.498
263.884,100.616,133.599,135.429
269.548,99.668,136.555,138.426
266.353,96.451,139.576,141.488
273.546,98.111,139.576,141.488
267.983,94.824,142.665,144.619
267.418,94.258,142.665,144.619
266.426,95.592,145.821,147.819
261.815,88.560,149.047,151.089
263.587,93.877,149.047,151.089
260.633,88.560,149.047,151.089
260.042,91.514,149.047,151.089
258.270,88.560,149.047,151.089
254.134,86.787,149.047,151.089
255.906,88.560,149.047,151.089
252.952,87.969,149.047,151.089
248.817,86.196,149.047,151.089
247.044,86.787,149.047,151.089
239.364,85.015,149.047,151.089
247.044,87.969,149.047,151.089
238.182,85.015,149.047,151.089
226.957,82.061,149.047,151.089
234.637,83.833,149.047,151.089
225.775,82.061,149.047,151.089
232.274,83.833,149.047,151.089
225.775,82.061,149.047,151.089
232.274,85.015,149.047,151.089
225.775,82.061,149.047,151.089
234.637,86.196,149.047,151.089
226.957,82.061,149.047,151.089
237.000,88.560,149.047,151.089
229.320,84.424,149.047,151.089
239.364,93.286,149.047,151.089
232.865,89.150,149.047,151.089
239.364,95.649,149.047,151.089
232.865,90.332,149.047,151.089
239.364,98.013,149.047,151.089
230.501,92.695,149.047,151.089
238.182,99.194,149.047,151.089
229.320,93.877,149.047,151.089
237.000,99.194,149.047,151.089
242.576,102.514,145.869,147.867
237.372,101.935,145.869,147.867
237.255,102.955,142.758,144.714
240.414,108.316,139.714,141.628
242.437,109.292,136.734,138.607
241.895,109.834,136.734,138.607
241.353,109.292,136.734,138.607
244.379,111.293,133.818,135.652
244.909,109.701,133.818,135.652
242.878,108.751,136.779,138.653
246.950,110.752,133.862,135.696
247.480,112.344,133.862,135.696
249.072,114.997,133.862,135.696
254.080,115.932,131.008,132.802
257.979,118.850,128.214,129.970
262.553,119.358,128.214,129.970
265.881,119.502,131.051,132.846
260.769,119.417,128.256,130.013
271.445,119.925,128.256,130.013
267.886,120.433,128.256,130.013
269.412,120.942,128.256,130.013
270.937,121.450,128.256,130.013
272.462,118.908,128.256,130.013
273.987,120.433,128.256,130.013
276.529,117.891,128.256,130.013
280.088,120.433,128.256,130.013
281.613,119.925,128.256,130.013
284.155,120.433,128.256,130.013
282.630,121.959,128.256,130.013
287.206,122.467,128.256,130.013
289.748,122.975,128.256,130.013
294.323,124.501,128.256,130.013
291.781,126.026,128.256,130.013
291.273,127.551,128.256,130.013
286.697,129.076,128.256,130.013
284.635,131.932,125.521,127.240
276.176,132.430,125.521,127.240
273.688,129.942,125.521,127.240
277.171,133.425,125.521,127.240
273.688,129.942,125.521,127.240
274.186,133.425,125.521,127.240
271.698,130.937,125.521,127.240
273.191,133.425,125.521,127.240
270.703,133.923,125.521,127.240
271.201,135.415,125.521,127.240
269.708,136.908,125.521,127.240
271.201,137.406,125.521,127.240
269.708,138.898,125.521,127.240
272.196,140.391,125.521,127.240
269.708,140.889,125.521,127.240
272.196,140.391,125.521,127.240
272.693,141.884,125.521,127.240
271.201,139.396,125.521,127.240
275.679,140.889,125.521,127.240
269.210,139.396,125.521,127.240
272.468,138.504,128.298,130.056
275.306,140.381,125.562,127.282
280.963,142.218,122.884,124.568
272.023,143.367,125.603,127.324
276.504,140.878,125.603,127.324
269.432,139.986,128.382,130.141
277.065,141.512,128.382,130.141
270.893,138.489,131.223,133.020
270.373,140.049,131.223,133.020
274.014,139.529,131.223,133.020
270.373,139.009,131.223,133.020
275.055,138.489,131.223,133.020
272.454,141.090,131.223,133.020
269.383,136.920,134.126,135.963
270.978,136.388,134.126,135.963
269.383,137.983,134.126,135.963
267.788,136.388,134.126,135.963
264.650,132.126,137.093,138.971
261.932,129.409,137.093,138.971
258.724,126.180,140.127,142.046
251.988,122.880,143.227,145.189
261.639,120.041,143.227,145.189
257.665,119.473,143.227,145.189
255.962,116.635,143.227,145.189
251.432,113.261,146.396,148.401
259.146,112.047,143.274,145.237
255.747,111.953,140.219,142.139
255.191,106.951,140.219,142.139
263.651,106.859,137.228,139.108
262.019,104.140,137.228,139.108
268.002,102.508,137.228,139.108
264.747,105.564,134.302,136.142
266.023,100.192,137.273,139.154
265.913,103.249,134.346,136.186
267.859,103.161,131.481,133.282
267.338,100.555,131.481,133.282
270.247,103.483,128.677,130.440
266.676,101.953,128.677,130.440
268.206,101.443,128.677,130.440
264.636,99.913,128.677,130.440
263.106,98.383,128.677,130.440
262.596,95.832,128.677,130.440
262.086,92.262,128.677,130.440
261.576,89.711,128.677,130.440
260.045,86.141,128.677,130.440
259.535,84.611,128.677,130.440
261.066,83.080,128.677,130.440
265.656,82.570,128.677,130.440
268.206,83.080,128.677,130.440
270.757,85.631,128.677,130.440
272.287,87.161,128.677,130.440
268.717,85.631,128.677,130.440
270.247,85.121,128.677,130.440
269.737,87.671,128.677,130.440
267.186,84.101,128.677,130.440
263.616,82.570,128.677,130.440
264.126,80.020,128.677,130.440
265.656,80.530,128.677,130.440
267.186,80.020,128.677,130.440
267.696,77.470,128.677,130.440
270.247,77.980,128.677,130.440
273.094,76.912,125.933,127.658
272.219,78.090,128.719,130.483
270.688,77.580,128.719,130.483
270.178,79.110,128.719,130.483
270.688,80.641,128.719,130.483
272.219,79.110,128.719,130.483
271.708,78.600,128.719,130.483
273.239,79.110,128.719,130.483
273.749,78.600,128.719,130.483
273.239,78.090,128.719,130.483
273.749,79.620,128.719,130.483
274.259,79.110,128.719,130.483
272.729,79.620,128.719,130.483
274.259,79.110,128.719,130.483
273.749,79.620,128.719,130.483
274.259,81.151,128.719,130.483
272.729,80.641,128.719,130.483
271.198,78.090,128.719,130.483
269.667,78.600,128.719,130.483
268.137,75.028,128.719,130.483
268.647,75.539,128.719,130.483
264.055,71.967,128.719,130.483
268.647,72.477,128.719,130.483
266.096,70.946,128.719,130.483
269.667,71.457,128.719,130.483
270.178,72.987,128.719,130.483
269.667,74.518,128.719,130.483
273.239,75.028,128.719,130.483
271.708,73.498,128.719,130.483
271.198,74.008,128.719,130.483
276.811,78.600,128.719,130.483
272.219,74.008,128.719,130.483
276.811,77.580,128.719,130.483
275.280,74.008,128.719,130.483
280.893,76.559,128.719,130.483
283.444,75.028,128.719,130.483
283.341,71.993,125.974,127.700
288.834,76.488,125.974,127.700
290.332,73.991,125.974,127.700
288.834,74.490,125.974,127.700
294.327,74.990,125.974,127.700
291.830,73.492,125.974,127.700
295.325,73.991,125.974,127.700
291.830,72.493,125.974,127.700
297.323,73.991,125.974,127.700
292.829,73.492,125.974,127.700
299.466,75.334,123.288,124.977
296.045,74.846,123.288,124.977
293.602,74.357,123.288,124.977
297.023,74.846,123.288,124.977
294.579,76.312,123.288,124.977
292.135,74.846,123.288,124.977
297.689,77.591,120.659,122.312
294.341,75.200,120.659,122.312
296.733,79.505,120.659,122.312
297.211,75.200,120.659,122.312
295.776,77.591,120.659,122.312
298.168,76.157,120.659,122.312
299.603,77.591,120.659,122.312
298.168,71.374,120.659,122.312
301.516,76.635,120.659,122.312
300.081,69.461,120.659,122.312
302.220,71.581,123.328,125.018
299.775,67.181,123.328,125.018
300.947,68.334,126.057,127.784
298.449,66.835,126.057,127.784
301.946,64.337,126.057,127.784
298.449,65.836,126.057,127.784
300.947,63.337,126.057,127.784
299.448,64.837,126.057,127.784
300.947,63.337,126.057,127.784
300.447,64.837,126.057,127.784
301.946,62.338,126.057,127.784
298.449,60.839,126.057,127.784
296.949,59.340,126.057,127.784
295.885,57.331,123.369,125.059
295.396,59.776,123.369,125.059
291.973,57.331,123.369,125.059
294.418,62.710,123.369,125.059
289.039,60.265,123.369,125.059
296.482,66.784,120.738,122.392
290.678,62.947,123.409,125.100
294.102,67.350,123.409,125.100
291.656,67.839,123.409,125.100
290.188,68.328,123.409,125.100
289.331,68.467,126.140,127.868
289.831,68.967,126.140,127.868
289.331,70.467,126.140,127.868
288.831,71.967,126.140,127.868
290.331,72.467,126.140,127.868
290.831,72.967,126.140,127.868
292.331,74.467,126.140,127.868
292.831,73.967,126.140,127.868
291.331,73.467,126.140,127.868
291.831,74.967,126.140,127.868
291.331,73.467,126.140,127.868
290.831,74.967,126.140,127.868
290.331,74.467,126.140,127.868
290.831,74.967,126.140,127.868
290.331,74.467,126.140,127.868
289.831,75.967,126.140,127.868
288.331,75.467,126.140,127.868
286.831,75.967,126.140,127.868
286.331,75.467,126.140,127.868
285.831,76.967,126.140,127.868
284.331,75.467,126.140,127.868
285.831,77.967,126.140,127.868
284.331,78.467,126.140,127.868
284.831,79.967,126.140,127.868
282.331,78.467,126.140,127.868
284.831,80.967,126.140,127.868
281.331,79.467,126.140,127.868
282.831,81.967,126.140,127.868
280.331,81.467,126.140,127.868
282.831,86.967,126.140,127.868
280.331,84.467,126.140,127.868
281.831,88.967,126.140,127.868
280.331,88.467,126.140,127.868
279.831,91.967,126.140,127.868
279.331,89.467,126.140,127.868
278.831,92.967,126.140,127.868
277.331,89.467,126.140,127.868
277.831,90.967,126.140,127.868
277.331,87.467,126.140,127.868
276.831,90.967,126.140,127.868
275.330,85.467,126.140,127.868
273.830,89.967,126.140,127.868
273.330,84.467,126.140,127.868
273.830,87.967,126.140,127.868
269.841,83.959,128.930,130.697
277.620,87.815,126.181,127.910
274.119,84.314,126.181,127.910
273.618,88.816,126.181,127.910
275.119,87.315,126.181,127.910
274.619,92.817,126.181,127.910
277.120,90.316,126.181,127.910
277.620,94.818,126.181,127.910
278.120,92.317,126.181,127.910
276.619,95.818,126.181,127.910
275.119,92.317,126.181,127.910
273.618,90.816,126.181,127.910
272.118,89.316,126.181,127.910
271.618,88.816,126.181,127.910
270.117,86.315,126.181,127.910
268.617,87.815,126.181,127.910
267.116,84.314,126.181,127.910
264.615,86.815,126.181,127.910
265.115,82.313,126.181,127.910
263.615,87.815,126.181,127.910
263.115,84.314,126.181,127.910
261.614,88.816,126.181,127.910
262.114,84.314,126.181,127.910
261.614,86.815,126.181,127.910
260.114,84.314,126.181,127.910
259.614,84.814,126.181,127.910
259.113,83.314,126.181,127.910
260.614,83.814,126.181,127.910
259.113,81.313,126.181,127.910
259.614,81.813,126.181,127.910
259.113,81.313,126.181,127.910
259.614,80.813,126.181,127.910
260.114,80.313,126.181,127.910
262.615,81.813,126.181,127.910
259.113,81.313,126.181,127.910
261.614,82.814,126.181,127.910
260.114,82.313,126.181,127.910
262.615,83.814,126.181,127.910
260.114,84.314,126.181,127.910
263.615,84.814,126.181,127.910
262.114,83.314,126.181,127.910
263.313,82.418,128.973,130.740
263.824,80.884,128.973,130.740
265.358,80.373,128.973,130.740
266.892,80.884,128.973,130.740
265.358,78.328,128.973,130.740
266.892,78.839,128.973,130.740
263.313,76.283,128.973,130.740
265.869,75.772,128.973,130.740
264.336,75.260,128.973,130.740
263.439,73.284,131.826,133.632
263.962,71.716,131.826,133.632
263.857,73.645,129.015,130.782
266.711,73.560,126.264,127.993
267.211,72.059,126.264,127.993
266.711,70.557,126.264,127.993
262.718,67.583,129.057,130.825
265.276,67.072,129.057,130.825
265.787,67.583,129.057,130.825
267.322,66.049,129.057,130.825
264.764,63.491,129.057,130.825
269.368,60.933,129.057,130.825
263.741,63.491,129.057,130.825
270.391,59.910,129.057,130.825
263.741,59.398,129.057,130.825
269.368,58.887,129.057,130.825
272.949,58.375,129.057,130.825
274.484,57.864,129.057,130.825
270.903,59.398,129.057,130.825
277.553,56.840,129.057,130.825
271.926,58.375,129.057,130.825
278.577,55.817,129.057,130.825
272.949,58.375,129.057,130.825
281.646,54.794,129.057,130.825
276.019,58.375,129.057,130.825
281.646,54.794,129.057,130.825
276.019,57.352,129.057,130.825
282.669,54.794,129.057,130.825
276.019,57.352,129.057,130.825
280.623,55.817,129.057,130.825
277.042,59.398,129.057,130.825
281.646,58.887,129.057,130.825
280.111,60.421,129.057,130.825
282.669,60.933,129.057,130.825
286.250,62.468,129.057,130.825
285.739,62.979,129.057,130.825
287.273,65.537,129.057,130.825
285.739,66.049,129.057,130.825
284.204,67.583,129.057,130.825
284.716,69.118,129.057,130.825
283.181,71.676,129.057,130.825
280.623,72.188,129.057,130.825
286.250,71.676,129.057,130.825
282.669,73.211,129.057,130.825
283.181,73.722,129.057,130.825
281.646,75.257,129.057,130.825
285.227,72.699,129.057,130.825
281.646,73.211,129.057,130.825
286.250,71.676,129.057,130.825
279.600,75.257,129.057,130.825
279.088,72.699,129.057,130.825
275.507,78.327,129.057,130.825
279.088,72.699,129.057,130.825
276.530,77.303,129.057,130.825
274.572,72.141,131.913,133.720
274.049,71.618,131.913,133.720
274.572,69.004,131.913,133.720
270.912,73.710,131.913,133.720
273.250,66.263,134.831,136.678
268.440,68.935,134.831,136.678
274.319,64.125,134.831,136.678
268.440,68.935,134.831,136.678
272.181,66.263,134.831,136.678
268.440,70.004,134.831,136.678
275.388,66.263,134.831,136.678
268.440,72.142,134.831,136.678
273.250,68.401,134.831,136.678
269.509,73.211,134.831,136.678
274.319,68.401,134.831,136.678
270.578,74.280,134.831,136.678
270.750,68.886,137.814,139.702
270.203,72.710,137.814,139.702
274.027,67.794,137.814,139.702
272.864,74.022,134.876,136.723
274.145,69.736,137.860,139.748
272.506,71.376,137.860,139.748
270.414,71.530,140.910,142.840
269.855,72.089,140.910,142.840
272.648,70.413,140.910,142.840
272.090,72.089,140.910,142.840
269.297,72.648,140.910,142.840
270.972,74.323,140.910,142.840
270.414,73.765,140.910,142.840
268.738,73.206,140.910,142.840
268.180,73.765,140.910,142.840
268.738,74.323,140.910,142.840
272.648,72.648,140.910,142.840
267.621,76.557,140.910,142.840
274.882,72.648,140.910,142.840
273.207,74.323,140.910,142.840
269.297,75.999,140.910,142.840
276.558,73.206,140.910,142.840
271.531,75.999,140.910,142.840
270.973,77.675,140.910,142.840
277.117,73.765,140.910,142.840
274.324,76.557,140.910,142.840
272.648,75.999,140.910,142.840
268.738,79.909,140.910,142.840
277.117,74.882,140.910,142.840
274.324,77.675,140.910,142.840
270.414,78.233,140.910,142.840
276.558,74.323,140.910,142.840
273.765,77.116,140.910,142.840
274.324,77.675,140.910,142.840
272.648,78.233,140.910,142.840
275.441,76.557,140.910,142.840
272.648,78.233,140.910,142.840
270.973,79.909,140.910,142.840
277.117,77.116,140.910,142.840
275.441,75.440,140.910,142.840
273.303,76.758,144.027,146.000
273.874,76.187,144.027,146.000
275.586,75.616,144.027,146.000
275.015,76.187,144.027,146.000
274.445,77.900,144.027,146.000
275.015,78.470,144.027,146.000
273.800,82.779,140.956,142.887
274.764,82.687,137.950,139.840
273.124,84.327,137.950,139.840
276.951,82.687,137.950,139.840
274.217,85.421,137.950,139.840
274.393,81.037,141.002,142.934
271.599,84.949,141.002,142.934
275.511,82.155,141.002,142.934
272.717,84.949,141.002,142.934
275.511,82.155,141.002,142.934
274.321,85.295,137.995,139.886
278.150,84.748,137.995,139.886
271.516,82.633,141.048,142.981
273.193,84.310,141.048,142.981
274.870,81.515,141.048,142.981
272.075,84.310,141.048,142.981
274.870,80.397,141.048,142.981
270.957,86.547,141.048,142.981
276.233,87.532,138.041,139.932
276.780,86.985,138.041,139.932
275.615,92.169,135.097,136.947
279.364,90.563,135.097,136.947
275.615,95.382,135.097,136.947
278.293,93.776,135.097,136.947
278.185,98.849,132.216,134.027
278.709,99.373,132.216,134.027
280.281,100.945,132.216,134.027
279.757,102.518,132.216,134.027
279.233,105.138,132.216,134.027
282.901,101.470,132.216,134.027
280.281,106.186,132.216,134.027
280.805,104.614,132.216,134.027
281.329,106.186,132.216,134.027
281.853,105.662,132.216,134.027
281.329,107.235,132.216,134.027
280.805,105.662,132.216,134.027
280.281,106.186,132.216,134.027
277.660,106.710,132.216,134.027
278.185,107.235,132.216,134.027
276.612,105.662,132.216,134.027
278.185,108.283,132.216,134.027
275.564,109.855,132.216,134.027
276.088,113.524,132.216,134.027
275.564,117.192,132.216,134.027
278.185,118.765,132.216,134.027
280.805,122.433,132.216,134.027
279.233,120.861,132.216,134.027
280.805,124.530,132.216,134.027
283.426,122.957,132.216,134.027
279.757,126.626,132.216,134.027
283.426,122.957,132.216,134.027
280.805,126.626,132.216,134.027
282.377,122.957,132.216,134.027
281.261,127.923,129.396,131.169
282.800,123.306,129.396,131.169
281.261,122.793,129.396,131.169
283.826,122.280,129.396,131.169
282.287,121.768,129.396,131.169
285.878,119.203,129.396,131.169
284.339,119.716,129.396,131.169
284.852,116.125,129.396,131.169
285.365,114.587,129.396,131.169
284.852,112.022,129.396,131.169
285.365,109.458,129.396,131.169
284.852,105.867,129.396,131.169
286.391,104.328,129.396,131.169
285.878,101.764,129.396,131.169
286.391,99.199,129.396,131.169
284.852,96.635,129.396,131.169
284.339,93.044,129.396,131.169
281.774,92.531,129.396,131.169
279.210,88.941,129.396,131.169
277.671,88.428,129.396,131.169
275.106,87.915,129.396,131.169
271.516,90.479,129.396,131.169
271.003,88.941,129.396,131.169
269.464,88.428,129.396,131.169
267.925,87.915,129.396,131.169
267.413,89.454,129.396,131.169
266.900,89.967,129.396,131.169
266.387,91.505,129.396,131.169
265.874,89.967,129.396,131.169
266.039,87.983,132.259,134.071
263.417,90.605,132.259,134.071
263.942,90.080,132.259,134.071
263.023,85.878,135.185,137.037
262.487,88.557,135.185,137.037
261.951,88.021,135.185,137.037
263.558,86.414,135.185,137.037
263.023,86.949,135.185,137.037
263.558,86.414,135.185,137.037
264.094,86.949,135.185,137.037
264.630,86.414,135.185,137.037
264.094,86.949,135.185,137.037
265.702,85.342,135.185,137.037
267.660,87.319,132.303,134.115
268.184,85.746,132.303,134.115
268.709,86.271,132.303,134.115
269.233,84.697,132.303,134.115
268.709,85.222,132.303,134.115
268.877,82.106,135.230,137.082
267.269,83.714,135.230,137.082
268.877,82.106,135.230,137.082
267.269,84.786,135.230,137.082
269.950,82.106,135.230,137.082
267.269,84.786,135.230,137.082
269.950,82.106,135.230,137.082
269.841,85.117,132.346,134.159
269.317,83.544,132.346,134.159
271.940,84.068,132.346,134.159
271.415,81.445,132.346,134.159
272.989,83.019,132.346,134.159
271.415,81.445,132.346,134.159
272.989,83.019,132.346,134.159
271.415,82.494,132.346,134.159
272.989,84.068,132.346,134.159
270.366,84.593,132.346,134.159
271.940,86.167,132.346,134.159
270.366,86.691,132.346,134.159
270.891,88.265,132.346,134.159
269.317,88.790,132.346,134.159
270.891,90.364,132.346,134.159
268.268,91.937,132.346,134.159
268.792,92.462,132.346,134.159
270.366,94.036,132.346,134.159
268.358,92.007,135.274,137.127
268.894,93.616,135.274,137.127
267.285,93.080,135.274,137.127
269.966,94.688,135.274,137.127
269.430,93.080,135.274,137.127
268.490,92.119,138.267,140.161
269.804,88.863,141.326,143.262
268.123,89.423,141.326,143.262
270.924,87.742,141.326,143.262
271.484,87.182,141.326,143.262
270.924,89.983,141.326,143.262
277.291,87.731,138.312,140.207
280.032,86.086,138.312,140.207
272.904,87.731,138.312,140.207
273.851,96.096,135.363,137.217
277.880,101.179,132.476,134.291
280.506,96.453,132.476,134.291
281.764,91.154,135.407,137.262
280.823,87.965,138.403,140.299
276.983,90.708,138.403,140.299
281.103,93.790,135.452,137.307
281.639,90.031,135.452,137.307
283.250,88.421,135.452,137.307
280.566,90.031,135.452,137.307
286.472,92.716,135.452,137.307
284.861,92.179,135.452,137.307
288.619,94.864,135.452,137.307
292.378,94.327,135.452,137.307
288.619,93.790,135.452,137.307
295.599,95.401,135.452,137.307
291.841,98.085,135.452,137.307
298.821,96.475,135.452,137.307
296.136,99.159,135.452,137.307
302.042,96.475,135.452,137.307
298.284,95.938,135.452,137.307
300.685,92.748,138.448,140.345
296.843,91.101,138.448,140.345
300.685,89.455,138.448,140.345
297.941,88.906,138.448,140.345
297.392,86.162,138.448,140.345
294.648,84.515,138.448,140.345
293.002,83.967,138.448,140.345
292.453,82.320,138.448,140.345
290.807,81.771,138.448,140.345
288.063,80.125,138.448,140.345
286.416,79.576,138.448,140.345
284.770,76.832,138.448,140.345
283.123,75.186,138.448,140.345
283.672,74.637,138.448,140.345
280.928,74.088,138.448,140.345
280.379,73.539,138.448,140.345
277.635,72.991,138.448,140.345
277.087,73.539,138.448,140.345
275.440,75.186,138.448,140.345
274.891,76.832,138.448,140.345
274.343,76.283,138.448,140.345
272.696,77.930,138.448,140.345
272.147,78.479,138.448,140.345
271.599,79.027,138.448,140.345
269.952,80.674,138.448,140.345
271.599,80.125,138.448,140.345
269.952,82.869,138.448,140.345
270.501,81.223,138.448,140.345
268.855,82.869,138.448,140.345
271.599,90.004,138.448,140.345
272.147,83.967,138.448,140.345
270.501,81.223,138.448,140.345
273.245,86.162,138.448,140.345
278.184,87.808,138.448,140.345
278.361,83.409,141.512,143.450
276.678,86.214,141.512,143.450
278.022,84.045,144.643,146.624
278.596,85.765,144.643,146.624
280.316,87.485,144.643,146.624
280.889,88.058,144.643,146.624
281.462,87.485,144.643,146.624
282.036,89.205,144.643,146.624
281.462,88.631,144.643,146.624
283.183,89.205,144.643,146.624
281.462,88.631,144.643,146.624
283.183,88.058,144.643,146.624
284.903,88.631,144.643,146.624
283.183,88.058,144.643,146.624
286.049,86.338,144.643,146.624
283.183,88.058,144.643,146.624
286.049,87.485,144.643,146.624
284.329,89.205,144.643,146.624
284.903,88.632,144.643,146.624
284.329,90.352,144.643,146.624
283.756,88.632,144.643,146.624
280.889,91.498,144.643,146.624
280.316,89.778,144.643,146.624
278.596,89.205,144.643,146.624
278.022,88.632,144.643,146.624
277.449,90.352,144.643,146.624
276.876,88.632,144.643,146.624
276.302,89.205,144.643,146.624
276.876,87.485,144.643,146.624
276.302,88.058,144.643,146.624
278.022,87.485,144.643,146.624
278.596,88.058,144.643,146.624
280.316,88.632,144.643,146.624
280.889,90.352,144.643,146.624
279.169,90.925,144.643,146.624
279.742,90.352,144.643,146.624
279.169,90.925,144.643,146.624
279.742,90.352,144.643,146.624
280.732,92.468,141.558,143.497
281.293,93.029,141.558,143.497
280.732,93.590,141.558,143.497
281.293,94.151,141.558,143.497
279.610,94.712,141.558,143.497
281.293,94.151,141.558,143.497
281.854,94.712,141.558,143.497
281.293,95.273,141.558,143.497
281.854,93.590,141.558,143.497
280.171,94.151,141.558,143.497
280.732,93.590,141.558,143.497
280.171,94.151,141.558,143.497
281.854,93.590,141.558,143.497
280.171,94.151,141.558,143.497
281.854,94.712,141.558,143.497
281.293,94.151,141.558,143.497
280.732,93.590,141.558,143.497
280.171,94.151,141.558,143.497
280.732,93.590,141.558,143.497
280.171,94.151,141.558,143.497
279.610,94.712,141.558,143.497
279.049,96.395,141.558,143.497
277.365,96.957,141.558,143.497
275.682,98.640,141.558,143.497
275.121,101.446,141.558,143.497
271.808,99.276,144.690,146.672
270.088,102.144,144.690,146.672
270.661,103.864,144.690,146.672
268.940,106.732,144.690,146.672
275.459,109.954,141.604,143.544
271.529,110.516,141.604,143.544
269.845,115.568,141.604,143.544
267.039,113.884,141.604,143.544
268.384,109.384,144.737,146.720
264.368,114.547,144.737,146.720
269.315,107.567,147.940,149.966
260.986,110.167,151.213,153.284
268.778,105.971,151.213,153.284
262.880,115.116,147.988,150.016
262.293,111.010,147.988,150.016
260.533,110.423,147.988,150.016
254.636,105.721,151.262,153.335
261.231,103.922,151.262,153.335
254.636,106.920,151.262,153.335
251.638,106.320,151.262,153.335
249.839,110.517,151.262,153.335
257.634,107.519,151.262,153.335
253.436,105.721,151.262,153.335
250.438,108.719,151.262,153.335
248.640,108.119,151.262,153.335
254.036,106.320,151.262,153.335
249.839,106.920,151.262,153.335
249.239,107.519,151.262,153.335
248.640,108.119,151.262,153.335
248.040,108.719,151.262,153.335
246.241,110.517,151.262,153.335
251.638,108.719,151.262,153.335
247.440,106.920,151.262,153.335
255.235,103.922,151.262,153.335
248.640,100.924,151.262,153.335
254.036,99.125,151.262,153.335
247.440,97.326,151.262,153.335
252.610,92.520,154.609,156.727
246.579,103.051,151.312,153.385
260.374,95.254,151.312,153.385
248.978,100.652,151.312,153.385
260.374,94.055,151.312,153.385
248.978,103.051,151.312,153.385
259.175,95.254,151.312,153.385
246.922,97.913,154.660,156.779
259.796,91.170,154.660,156.779
251.089,92.616,158.082,160.247
260.488,89.482,158.082,160.247
251.588,87.060,161.579,163.793
258.634,83.857,161.579,163.793
249.026,89.621,161.579,163.793
257.353,86.419,161.579,163.793
250.307,89.621,161.579,163.793
257.353,85.138,161.579,163.793
255.431,84.498,161.579,163.793
254.791,83.857,161.579,163.793
254.150,85.779,161.579,163.793
258.634,83.857,161.579,163.793
251.588,87.060,161.579,163.793
258.634,82.576,161.579,163.793
250.307,87.060,161.579,163.793
253.510,88.981,161.579,163.793
251.588,89.622,161.579,163.793
248.386,92.824,161.579,163.793
252.869,96.026,161.579,163.793
257.353,92.824,161.579,163.793
261.836,94.745,161.579,163.793
259.237,100.813,158.134,160.300
266.133,96.425,158.134,160.300
260.491,103.321,158.134,160.300
264.879,96.425,158.134,160.300
261.745,97.052,158.134,160.300
268.868,94.532,154.761,156.881
264.574,95.146,154.761,156.881
265.188,93.305,154.761,156.881
264.574,90.238,154.761,156.881
260.953,86.593,158.185,160.352
262.834,82.204,158.185,160.352
262.707,86.935,154.812,156.933
267.316,84.468,151.511,153.586
263.112,87.471,151.511,153.586
264.913,85.670,151.511,153.586
263.112,86.270,151.511,153.586
259.566,82.702,154.863,156.984
256.497,88.227,154.863,156.984
258.338,83.930,154.863,156.984
257.725,84.543,154.863,156.984
262.022,81.474,154.863,156.984
257.725,86.999,154.863,156.984
259.566,83.930,154.863,156.984
256.497,86.999,154.863,156.984
258.338,85.157,154.863,156.984
255.269,89.454,154.863,156.984
253.428,91.296,154.863,156.984
250.358,89.454,154.863,156.984
248.517,87.613,154.863,156.984
243.659,94.612,151.560,153.637
247.865,90.406,151.560,153.637
241.953,97.256,148.328,150.360
249.768,93.759,145.165,147.154
244.590,97.787,145.165,147.154
248.618,94.910,145.165,147.154
244.590,100.088,145.165,147.154
249.768,97.211,145.165,147.154
252.646,101.239,145.165,147.154
254.372,99.513,145.165,147.154
257.249,98.938,145.165,147.154
257.824,101.815,145.165,147.154
260.702,101.239,145.165,147.154
263.913,106.691,142.069,144.016
267.855,105.001,142.069,144.016
266.166,107.817,142.069,144.016
272.361,106.128,142.069,144.016
273.710,102.782,145.213,147.202
273.135,106.811,145.213,147.202
279.466,102.782,145.213,147.202
277.740,106.811,145.213,147.202
281.508,103.391,148.426,150.459
276.213,109.863,148.426,150.459
285.038,104.568,148.426,150.459
278.566,111.039,148.426,150.459
283.861,106.921,148.426,150.459
278.566,113.393,148.426,150.459
285.038,105.744,148.426,150.459
277.390,113.393,148.426,150.459
283.861,106.921,148.426,150.459
276.213,113.393,148.426,150.459
282.685,106.921,148.426,150.459
276.213,111.039,148.426,150.459
268.564,113.981,148.426,150.459
278.566,108.686,148.426,150.459
274.448,111.628,148.426,150.459
279.743,108.686,148.426,150.459
275.625,111.628,148.426,150.459
280.920,108.686,148.426,150.459
274.448,111.628,148.426,150.459
278.566,109.863,148.426,150.459
273.271,112.804,148.426,150.459
280.920,112.216,148.426,150.459
275.625,113.981,148.426,150.459
272.683,115.746,148.426,150.459
281.508,112.804,148.426,150.459
277.390,113.393,148.426,150.459
274.448,110.451,148.426,150.459
280.920,108.686,148.426,150.459
276.801,110.451,148.426,150.459
273.280,116.025,145.260,147.250
278.462,109.691,145.260,147.250
272.129,111.419,145.260,147.250
273.856,106.236,145.260,147.250
273.280,109.115,145.260,147.250
276.159,102.781,145.260,147.250
275.583,106.812,145.260,147.250
272.704,101.630,145.260,147.250
275.583,105.661,145.260,147.250
275.008,100.478,145.260,147.250
274.432,104.509,145.260,147.250
271.553,98.175,145.260,147.250
270.977,102.206,145.260,147.250
272.704,97.023,145.260,147.250
268.674,91.841,145.260,147.250
272.998,98.406,142.163,144.110
269.053,91.080,142.163,144.110
271.871,96.152,142.163,144.110
269.053,91.080,142.163,144.110
269.616,96.152,142.163,144.110
267.926,91.080,142.163,144.110
269.616,95.025,142.163,144.110
267.926,93.335,142.163,144.110
270.743,95.025,142.163,144.110
266.248,89.338,145.308,147.299
265.672,88.762,145.308,147.299
260.488,88.186,145.308,147.299
256.456,87.610,145.308,147.299
253.576,87.034,145.308,147.299
261.064,84.154,145.308,147.299
254.078,84.318,148.523,150.558
259.154,80.820,151.809,153.889
254.353,80.990,155.168,157.293
252.507,80.375,155.168,157.293
255.583,79.760,155.168,157.293
256.198,81.605,155.168,157.293
256.813,82.220,155.168,157.293
258.658,85.296,155.168,157.293
262.964,87.141,155.168,157.293
257.428,86.526,155.168,157.293
265.424,89.601,155.168,157.293
261.118,88.986,155.168,157.293
269.114,93.292,155.168,157.293
266.039,92.677,155.168,157.293
264.194,90.831,155.168,157.293
270.960,92.677,155.168,157.293
266.052,90.299,158.601,160.774
274.225,90.927,158.601,160.774
271.082,89.041,158.601,160.774
275.483,89.670,158.601,160.774
274.854,87.784,158.601,160.774
275.483,88.412,158.601,160.774
274.854,87.784,158.601,160.774
277.997,88.412,158.601,160.774
276.111,92.813,158.601,160.774
277.997,89.670,158.601,160.774
276.111,94.071,158.601,160.774
274.225,90.927,158.601,160.774
273.597,89.041,158.601,160.774
271.711,92.185,158.601,160.774
273.597,86.526,158.601,160.774
272.968,88.412,158.601,160.774
271.082,85.269,158.601,160.774
270.453,82.126,158.601,160.774
269.825,81.497,158.601,160.774
269.196,79.611,158.601,160.774
267.310,78.982,158.601,160.774
267.938,77.096,158.601,160.774
267.310,76.467,158.601,160.774
269.196,77.096,158.601,160.774
267.310,75.210,158.601,160.774
266.681,77.096,158.601,160.774
264.795,76.467,158.601,160.774
259.137,79.611,158.601,160.774
252.221,77.725,158.601,160.774
233.916,80.045,155.219,157.345
220.745,79.944,151.909,153.990
214.121,78.137,151.909,153.990
210.517,76.877,148.669,150.706
209.262,75.644,145.499,147.492
205.225,72.760,145.499,147.492
206.221,69.330,142.396,144.347
206.107,64.884,139.359,141.268
206.659,61.018,139.359,141.268
207.212,58.256,139.359,141.268
208.869,54.389,139.359,141.268
210.526,51.627,139.359,141.268
212.183,48.865,139.359,141.268
213.841,46.102,139.359,141.268
215.498,43.340,139.359,141.268
216.050,40.578,139.359,141.268
216.603,38.921,139.359,141.268
217.155,40.578,139.359,141.268
218.812,47.760,139.359,141.268
219.365,52.731,139.359,141.268
219.917,62.122,139.359,141.268
216.050,67.094,139.359,141.268
222.127,66.542,139.359,141.268
221.574,67.094,139.359,141.268
216.603,65.437,139.359,141.268
218.260,62.675,139.359,141.268
213.853,57.100,142.443,144.394
222.322,52.018,142.443,144.394
218.370,46.937,142.443,144.394
226.839,40.726,142.443,144.394
234.179,35.644,142.443,144.394
231.356,31.692,142.443,144.394
242.084,28.868,142.443,144.394
249.424,24.916,142.443,144.394
246.601,22.093,142.443,144.394
256.200,19.270,142.443,144.394
255.635,17.576,142.443,144.394
265.234,17.011,142.443,144.394
264.670,17.576,142.443,144.394
265.234,19.270,142.443,144.394
265.416,17.087,145.594,147.589
265.993,18.818,145.594,147.589
267.724,18.241,145.594,147.589
266.712,14.812,148.815,150.854
267.302,14.222,148.815,150.854
265.044,10.717,152.108,154.192
263.987,8.386,155.473,157.603
262.906,6.003,158.913,161.090
260.495,2.260,162.429,164.654
259.366,3.779,166.023,168.297
