122.000,51.000,51.000,61.000
121.780,51.220,51.000,61.000
121.560,51.441,51.000,61.000
121.339,51.661,51.000,61.000
121.560,51.881,51.000,61.000
121.339,52.982,51.000,61.000
121.119,54.084,51.000,61.000
120.899,55.185,51.000,61.000
120.679,55.846,51.000,61.000
120.458,56.066,51.000,61.000
120.679,56.727,51.000,61.000
120.458,56.947,51.000,61.000
120.238,57.167,51.000,61.000
120.018,57.387,51.000,61.000
119.798,58.048,51.000,61.000
119.577,58.268,51.000,61.000
119.357,58.489,51.000,61.000
119.577,59.149,51.000,61.000
119.357,59.370,51.000,61.000
119.577,59.590,51.000,61.000
119.357,59.810,51.000,61.000
119.137,60.030,51.000,61.000
118.917,60.251,51.000,61.000
118.696,60.471,51.000,61.000
118.476,61.132,51.000,61.000
118.256,61.352,51.000,61.000
118.036,61.572,51.000,61.000
117.815,61.352,51.000,61.000
117.595,61.572,51.000,61.000
117.375,61.352,51.000,61.000
117.155,61.572,51.000,61.000
116.494,60.911,51.000,61.000
115.833,60.691,51.000,61.000
112.970,60.030,51.000,61.000
111.263,58.670,52.128,62.350
110.137,57.544,52.128,62.350
108.111,56.869,52.128,62.350
106.986,57.094,52.128,62.350
105.589,56.674,51.017,61.020
104.928,56.454,51.017,61.020
105.148,57.115,51.017,61.020
105.368,56.894,51.017,61.020
106.029,56.233,51.017,61.020
106.250,55.572,51.017,61.020
107.351,53.589,51.017,61.020
108.453,52.488,51.017,61.020
109.995,52.268,51.017,61.020
110.656,51.607,51.017,61.020
110.876,51.386,51.017,61.020
111.537,51.607,51.017,61.020
111.758,51.827,51.017,61.020
111.978,52.928,51.017,61.020
112.639,54.471,51.017,61.020
112.419,58.216,51.017,61.020
113.080,59.318,51.017,61.020
113.300,62.623,51.017,61.020
113.520,63.284,51.017,61.020
112.859,67.470,51.017,61.020
112.639,68.572,51.017,61.020
112.419,69.673,51.017,61.020
112.198,72.097,51.017,61.020
111.978,74.520,51.017,61.020
111.317,76.503,51.017,61.020
110.981,78.800,52.145,62.370
110.638,79.745,53.299,63.750
110.765,80.712,54.478,65.160
111.000,81.888,54.478,65.160
111.706,83.535,54.478,65.160
112.882,82.829,54.478,65.160
114.529,83.535,54.478,65.160
115.235,84.712,54.478,65.160
119.235,84.006,54.478,65.160
120.496,84.474,53.317,63.771
121.647,83.783,53.317,63.771
122.799,83.092,53.317,63.771
123.489,81.941,53.317,63.771
122.799,79.869,53.317,63.771
122.108,76.875,53.317,63.771
121.878,75.263,53.317,63.771
121.647,71.349,53.317,63.771
121.417,70.198,53.317,63.771
120.726,68.125,53.317,63.771
120.496,66.974,53.317,63.771
120.266,66.744,53.317,63.771
120.496,66.053,53.317,63.771
120.266,65.823,53.317,63.771
120.496,65.132,53.317,63.771
120.266,64.441,53.317,63.771
120.036,63.751,53.317,63.771
119.805,63.520,53.317,63.771
118.654,61.908,53.317,63.771
117.963,60.757,53.317,63.771
117.272,59.145,53.317,63.771
116.582,56.613,53.317,63.771
114.049,55.922,53.317,63.771
112.898,55.231,53.317,63.771
110.365,54.080,53.317,63.771
107.832,54.310,53.317,63.771
107.141,53.619,53.317,63.771
105.529,53.389,53.317,63.771
104.988,54.291,52.180,62.411
103.861,54.516,52.180,62.411
103.185,53.840,52.180,62.411
102.960,53.615,52.180,62.411
102.284,53.389,52.180,62.411
102.059,52.713,52.180,62.411
101.383,52.488,52.180,62.411
101.608,52.263,52.180,62.411
101.833,52.488,52.180,62.411
102.059,52.263,52.180,62.411
103.185,52.488,52.180,62.411
103.861,52.713,52.180,62.411
104.537,52.939,52.180,62.411
104.763,53.615,52.180,62.411
104.988,54.291,52.180,62.411
106.115,55.418,52.180,62.411
107.242,56.094,52.180,62.411
108.368,58.122,52.180,62.411
109.495,59.699,52.180,62.411
109.270,60.826,52.180,62.411
109.394,61.305,53.334,63.792
109.164,61.996,53.334,63.792
109.394,63.147,53.334,63.792
109.741,64.049,52.197,62.431
110.514,64.932,51.084,61.100
111.176,65.153,51.084,61.100
111.838,66.256,51.084,61.100
111.617,66.477,51.084,61.100
110.956,65.815,51.084,61.100
111.617,65.594,51.084,61.100
111.397,64.932,51.084,61.100
111.617,64.712,51.084,61.100
111.397,64.050,51.084,61.100
112.059,64.270,51.084,61.100
111.838,64.491,51.084,61.100
111.502,64.044,52.214,62.452
110.690,64.055,53.369,63.834
110.460,64.746,53.369,63.834
109.768,64.516,53.369,63.834
109.538,64.286,53.369,63.834
108.385,64.055,53.369,63.834
107.233,64.286,53.369,63.834
107.003,63.133,53.369,63.834
105.389,62.442,53.369,63.834
102.854,62.211,53.369,63.834
101.701,61.981,53.369,63.834
100.549,62.672,53.369,63.834
99.563,63.131,52.231,62.472
100.240,63.356,52.231,62.472
100.916,63.131,52.231,62.472
101.142,63.356,52.231,62.472
101.819,63.131,52.231,62.472
102.044,63.807,52.231,62.472
102.270,64.033,52.231,62.472
102.946,64.710,52.231,62.472
103.172,64.935,52.231,62.472
103.398,65.161,52.231,62.472
103.623,65.837,52.231,62.472
103.849,66.063,52.231,62.472
104.074,66.289,52.231,62.472
104.751,65.612,52.231,62.472
104.977,65.386,52.231,62.472
104.751,65.161,52.231,62.472
104.977,65.386,52.231,62.472
105.202,65.161,52.231,62.472
105.428,65.386,52.231,62.472
105.202,65.161,52.231,62.472
105.879,65.386,52.231,62.472
105.653,65.161,52.231,62.472
105.428,65.386,52.231,62.472
105.202,65.161,52.231,62.472
105.428,65.386,52.231,62.472
104.300,64.710,52.231,62.472
104.525,64.484,52.231,62.472
103.849,63.807,52.231,62.472
103.623,63.582,52.231,62.472
102.946,63.356,52.231,62.472
102.721,62.679,52.231,62.472
102.495,62.454,52.231,62.472
102.270,62.228,52.231,62.472
102.495,62.454,52.231,62.472
101.819,62.228,52.231,62.472
101.593,62.454,52.231,62.472
101.368,62.679,52.231,62.472
101.593,62.905,52.231,62.472
101.368,63.131,52.231,62.472
101.593,63.356,52.231,62.472
101.368,63.582,52.231,62.472
101.593,63.807,52.231,62.472
101.368,64.033,52.231,62.472
102.142,64.482,51.117,61.140
102.363,64.261,51.117,61.140
102.583,64.923,51.117,61.140
102.916,65.362,50.027,59.836
103.132,65.578,50.027,59.836
103.873,66.425,48.960,58.560
104.508,66.213,48.960,58.560
104.719,66.847,48.960,58.560
105.353,67.482,48.960,58.560
105.672,68.310,47.916,57.311
105.879,68.931,47.916,57.311
106.086,69.552,47.916,57.311
106.293,69.759,47.916,57.311
106.499,70.379,47.916,57.311
106.706,70.586,47.916,57.311
107.327,71.207,47.916,57.311
107.120,71.828,47.916,57.311
106.913,72.449,47.916,57.311
107.120,72.656,47.916,57.311
107.033,73.466,46.894,56.089
106.830,74.074,46.894,56.089
107.135,74.477,45.894,54.893
106.937,75.071,45.894,54.893
107.235,75.465,44.916,53.723
106.653,75.659,44.916,53.723
106.847,74.690,44.916,53.723
107.041,74.496,44.916,53.723
106.847,74.690,44.916,53.723
106.653,74.108,44.916,53.723
106.459,74.302,44.916,53.723
106.265,74.496,44.916,53.723
105.567,74.103,45.909,54.911
104.576,73.111,45.909,54.911
103.981,73.309,45.909,54.911
104.179,73.111,45.909,54.911
103.981,72.913,45.909,54.911
102.990,73.111,45.909,54.911
102.791,72.120,45.909,54.911
102.197,71.525,45.909,54.911
102.395,71.723,45.909,54.911
102.197,71.922,45.909,54.911
101.602,72.120,45.909,54.911
101.404,71.525,45.909,54.911
102.395,72.120,45.909,54.911
102.990,72.318,45.909,54.911
102.791,72.913,45.909,54.911
102.593,73.508,45.909,54.911
101.998,74.103,45.909,54.911
102.197,73.904,45.909,54.911
102.395,74.499,45.909,54.911
102.197,74.301,45.909,54.911
101.998,74.103,45.909,54.911
101.800,73.508,45.909,54.911
101.998,73.706,45.909,54.911
102.197,73.508,45.909,54.911
102.395,73.309,45.909,54.911
102.990,73.111,45.909,54.911
103.188,72.913,45.909,54.911
102.990,73.508,45.909,54.911
102.395,73.706,45.909,54.911
102.593,73.904,45.909,54.911
101.602,73.309,45.909,54.911
101.404,71.525,45.909,54.911
101.602,70.137,45.909,54.911
100.611,68.353,45.909,54.911
100.809,66.965,45.909,54.911
100.611,65.577,45.909,54.911
100.809,63.793,45.909,54.911
100.611,62.008,45.909,54.911
100.412,60.620,45.909,54.911
101.007,58.439,45.909,54.911
100.412,56.258,45.909,54.911
101.007,54.474,45.909,54.911
100.809,52.690,45.909,54.911
100.611,50.905,45.909,54.911
100.412,49.517,45.909,54.911
100.611,47.733,45.909,54.911
100.016,46.345,45.909,54.911
100.125,44.298,46.925,56.126
100.733,42.879,46.925,56.126
100.845,41.627,47.963,57.368
101.052,41.420,47.963,57.368
100.845,41.213,47.963,57.368
101.466,42.249,47.963,57.368
101.673,43.285,47.963,57.368
102.709,44.735,47.963,57.368
103.745,45.356,47.963,57.368
104.366,46.392,47.963,57.368
104.987,47.427,47.963,57.368
106.437,48.463,47.963,57.368
107.059,49.084,47.963,57.368
108.094,50.534,47.963,57.368
109.130,51.156,47.963,57.368
109.752,52.192,47.963,57.368
111.201,52.813,47.963,57.368
111.823,53.020,47.963,57.368
112.444,53.641,47.963,57.368
112.651,53.849,47.963,57.368
112.859,54.470,47.963,57.368
113.894,55.091,47.963,57.368
114.516,56.127,47.963,57.368
114.723,57.163,47.963,57.368
115.833,58.773,46.940,56.144
116.441,60.597,46.940,56.144
117.860,62.422,46.940,56.144
118.063,63.841,46.940,56.144
119.077,65.260,46.940,56.144
119.279,66.273,46.940,56.144
119.077,67.692,46.940,56.144
118.063,69.112,46.940,56.144
117.860,70.936,46.940,56.144
116.847,72.761,46.940,56.144
115.833,75.801,46.940,56.144
115.524,76.652,47.979,57.387
114.903,77.274,47.979,57.387
115.524,78.310,47.979,57.387
113.489,77.890,49.041,58.656
112.853,78.526,49.041,58.656
112.218,78.314,49.041,58.656
111.583,78.526,49.041,58.656
113.065,78.314,49.041,58.656
112.006,78.102,49.041,58.656
111.371,78.314,49.041,58.656
111.159,77.255,49.041,58.656
110.947,76.620,49.041,58.656
110.735,75.984,49.041,58.656
109.676,75.772,49.041,58.656
108.617,75.137,49.041,58.656
107.135,74.502,49.041,58.656
105.652,73.443,49.041,58.656
104.593,72.807,49.041,58.656
103.111,73.019,49.041,58.656
101.205,71.960,49.041,58.656
99.299,71.325,49.041,58.656
97.816,70.266,49.041,58.656
96.757,69.207,49.041,58.656
95.275,68.148,49.041,58.656
93.792,68.360,49.041,58.656
92.733,67.301,49.041,58.656
91.674,67.089,49.041,58.656
90.615,67.301,49.041,58.656
89.133,66.665,49.041,58.656
87.227,66.454,49.041,58.656
85.744,65.818,49.041,58.656
85.109,66.030,49.041,58.656
83.626,65.818,49.041,58.656
82.567,65.183,49.041,58.656
81.085,64.971,49.041,58.656
79.004,65.860,50.126,59.954
77.489,65.644,50.126,59.954
76.406,65.860,50.126,59.954
75.324,66.077,50.126,59.954
73.376,65.427,50.126,59.954
71.698,65.438,51.235,61.281
71.034,65.659,51.235,61.281
69.043,65.880,51.235,61.281
67.494,64.774,51.235,61.281
66.388,66.323,51.235,61.281
65.281,65.659,51.235,61.281
63.733,66.323,51.235,61.281
63.069,65.217,51.235,61.281
60.635,65.880,51.235,61.281
60.414,65.217,51.235,61.281
58.422,66.323,51.235,61.281
57.167,65.875,52.368,62.636
55.584,65.648,52.368,62.636
54.905,65.875,52.368,62.636
53.774,64.744,52.368,62.636
53.548,63.613,52.368,62.636
52.870,64.744,52.368,62.636
52.191,64.065,52.368,62.636
52.417,64.291,52.368,62.636
53.096,64.065,52.368,62.636
53.774,62.934,52.368,62.636
55.810,61.351,52.368,62.636
56.941,60.673,52.368,62.636
57.619,60.447,52.368,62.636
59.202,59.768,52.368,62.636
59.881,58.637,52.368,62.636
60.559,58.411,52.368,62.636
62.142,56.376,52.368,62.636
62.821,54.793,52.368,62.636
63.499,51.853,52.368,62.636
65.535,50.269,52.368,62.636
66.213,49.139,52.368,62.636
67.344,47.103,52.368,62.636
68.927,45.972,52.368,62.636
70.058,44.389,52.368,62.636
71.641,43.711,52.368,62.636
73.677,41.675,52.368,62.636
75.712,41.449,52.368,62.636
77.747,39.414,52.368,62.636
79.783,38.735,52.368,62.636
82.271,37.604,52.368,62.636
83.854,37.831,52.368,62.636
84.985,37.152,52.368,62.636
87.472,37.378,52.368,62.636
89.508,38.057,52.368,62.636
91.543,38.735,52.368,62.636
93.126,39.414,52.368,62.636
94.710,40.997,52.368,62.636
96.745,42.128,52.368,62.636
97.876,43.258,52.368,62.636
98.102,44.842,52.368,62.636
99.233,45.972,52.368,62.636
99.911,48.008,52.368,62.636
100.590,50.043,52.368,62.636
102.173,51.626,52.368,62.636
101.947,54.567,52.368,62.636
101.721,56.602,52.368,62.636
102.851,59.090,52.368,62.636
102.625,60.673,52.368,62.636
102.851,63.613,52.368,62.636
102.625,65.648,52.368,62.636
103.304,68.136,52.368,62.636
103.078,69.719,52.368,62.636
103.304,71.302,52.368,62.636
103.530,74.243,52.368,62.636
103.654,75.661,53.527,64.022
104.348,78.204,53.527,64.022
104.117,81.209,53.527,64.022
103.886,83.752,53.527,64.022
103.654,86.295,53.527,64.022
104.348,89.763,53.527,64.022
103.654,90.918,53.527,64.022
104.348,93.923,53.527,64.022
103.654,96.466,53.527,64.022
104.348,99.934,53.527,64.022
103.036,101.384,54.711,65.439
103.166,103.357,55.922,66.887
102.925,105.047,55.922,66.887
103.166,108.187,55.922,66.887
102.925,109.394,55.922,66.887
103.166,111.085,55.922,66.887
103.300,112.099,57.159,68.366
103.436,113.648,58.424,69.879
102.527,114.707,59.716,71.425
101.754,117.028,59.716,71.425
101.896,116.505,61.037,73.005
101.105,117.296,61.037,73.005
100.314,121.777,61.037,73.005
100.459,120.696,62.388,74.621
98.931,121.269,63.768,76.272
98.655,125.399,63.768,76.272
97.829,127.878,63.768,76.272
97.409,128.463,65.179,77.959
96.565,130.996,65.179,77.959
95.721,134.093,65.179,77.959
94.876,133.811,65.179,77.959
93.469,136.907,65.179,77.959
92.624,138.315,65.179,77.959
93.048,139.417,63.789,76.297
92.931,142.090,62.429,74.670
92.123,143.438,62.429,74.670
92.009,144.494,61.097,73.077
90.689,145.285,61.097,73.077
89.370,147.132,61.097,73.077
88.578,148.452,61.097,73.077
86.731,149.243,61.097,73.077
85.412,150.563,61.097,73.077
86.204,150.299,61.097,73.077
85.412,151.618,61.097,73.077
85.148,151.354,61.097,73.077
84.357,152.146,61.097,73.077
83.565,153.465,61.097,73.077
81.718,151.090,61.097,73.077
81.454,150.299,61.097,73.077
80.663,148.452,61.097,73.077
79.871,145.022,61.097,73.077
79.607,141.064,61.097,73.077
79.343,138.161,61.097,73.077
79.607,134.203,61.097,73.077
79.343,130.773,61.097,73.077
79.607,126.287,61.097,73.077
79.343,122.857,61.097,73.077
80.135,118.899,61.097,73.077
80.926,115.997,61.097,73.077
81.190,113.622,61.097,73.077
81.982,110.192,61.097,73.077
82.774,107.290,61.097,73.077
83.565,103.859,61.097,73.077
83.829,100.429,61.097,73.077
84.621,99.110,61.097,73.077
85.412,97.263,61.097,73.077
86.731,96.471,61.097,73.077
87.523,94.097,61.097,73.077
88.842,93.305,61.097,73.077
90.689,91.986,61.097,73.077
92.009,90.139,61.097,73.077
93.328,89.875,61.097,73.077
95.175,88.028,61.097,73.077
96.494,88.292,61.097,73.077
97.814,89.611,61.097,73.077
99.661,89.875,61.097,73.077
101.508,90.666,61.097,73.077
102.299,90.402,61.097,73.077
105.202,90.666,61.097,73.077
105.993,87.764,61.097,73.077
107.840,88.555,61.097,73.077
108.533,87.473,62.449,74.694
109.801,88.046,63.831,76.347
111.669,84.627,65.243,78.036
112.514,84.909,65.243,78.036
114.486,85.191,65.243,78.036
116.459,85.473,65.243,78.036
118.995,83.500,65.243,78.036
120.904,82.929,66.687,79.762
122.258,83.541,68.162,81.527
126.696,79.890,69.670,83.331
128.200,80.793,69.670,83.331
130.306,81.094,69.670,83.331
131.096,81.109,71.212,85.175
132.634,78.956,71.212,85.175
132.165,81.523,72.787,87.059
136.881,79.323,72.787,87.059
137.354,81.766,71.235,85.203
141.353,81.459,71.235,85.203
141.223,82.664,69.716,83.386
143.933,82.965,69.716,83.386
143.632,84.470,69.716,83.386
145.137,85.373,69.716,83.386
149.073,88.294,68.229,81.607
145.831,90.946,68.229,81.607
147.979,93.236,66.774,79.867
149.525,96.033,65.350,78.164
148.678,98.009,65.350,78.164
150.735,99.658,63.957,76.497
153.280,102.338,62.593,74.866
155.772,102.875,61.258,73.269
159.230,103.401,59.951,71.707
158.122,104.915,58.673,70.178
161.434,102.976,57.422,68.681
161.186,101.241,57.422,68.681
161.930,99.505,57.422,68.681
162.674,97.273,57.422,68.681
163.418,94.545,57.422,68.681
162.178,91.817,57.422,68.681
163.418,88.593,57.422,68.681
161.682,86.857,57.422,68.681
163.914,83.634,57.422,68.681
165.154,81.402,57.422,68.681
162.922,81.154,57.422,68.681
164.162,77.434,57.422,68.681
166.394,74.706,57.422,68.681
163.666,70.986,57.422,68.681
164.906,68.754,57.422,68.681
166.642,64.539,57.422,68.681
167.882,60.819,57.422,68.681
168.626,56.603,57.422,68.681
171.354,53.379,57.422,68.681
167.374,52.877,58.692,70.201
170.162,49.582,58.692,70.201
169.402,47.300,58.692,70.201
166.911,47.313,59.991,71.754
167.689,44.463,59.991,71.754
164.321,45.758,59.991,71.754
163.025,46.535,59.991,71.754
161.212,48.349,59.991,71.754
158.880,50.163,59.991,71.754
157.585,51.976,59.991,71.754
155.771,52.753,59.991,71.754
156.548,53.531,59.991,71.754
153.698,55.862,59.991,71.754
151.885,56.640,59.991,71.754
150.071,57.935,59.991,71.754
148.463,59.949,58.711,70.224
149.731,61.216,58.711,70.224
146.942,61.977,58.711,70.224
145.167,62.231,58.711,70.224
143.899,62.484,58.711,70.224
141.110,62.231,58.711,70.224
139.335,62.484,58.711,70.224
137.053,62.738,58.711,70.224
133.757,62.991,58.711,70.224
129.447,62.738,58.711,70.224
127.165,65.527,58.711,70.224
123.361,66.288,58.711,70.224
120.572,68.570,58.711,70.224
118.797,70.852,58.711,70.224
117.530,71.612,58.711,70.224
117.783,70.852,58.711,70.224
119.558,68.570,58.711,70.224
125.897,67.302,58.711,70.224
127.672,66.541,58.711,70.224
133.504,66.288,58.711,70.224
138.773,66.303,57.459,68.726
138.190,67.275,56.234,67.260
141.833,68.004,56.234,67.260
139.647,69.218,56.234,67.260
141.347,68.004,56.234,67.260
143.533,67.761,56.234,67.260
145.303,66.839,55.035,65.826
142.688,66.602,55.035,65.826
140.755,66.158,53.861,64.422
138.863,67.966,52.713,63.049
139.206,68.858,51.589,61.704
137.201,70.417,51.589,61.704
135.641,72.423,51.589,61.704
134.527,74.428,51.589,61.704
132.338,76.750,52.730,63.069
128.467,77.889,52.730,63.069
123.867,78.372,53.897,64.465
118.683,78.867,55.089,65.891
113.687,80.056,55.089,65.891
110.118,80.770,55.089,65.891
107.977,83.387,55.089,65.891
107.263,85.528,55.089,65.891
106.549,87.669,55.089,65.891
106.787,90.286,55.089,65.891
107.977,92.903,55.089,65.891
108.215,95.045,55.089,65.891
107.501,96.710,55.089,65.891
106.787,98.375,55.089,65.891
107.025,100.517,55.089,65.891
107.650,102.503,56.308,67.349
109.298,107.056,57.554,68.839
110.043,110.287,57.554,68.839
108.303,111.033,57.554,68.839
107.924,112.076,58.827,70.362
105.956,110.507,60.129,71.919
107.348,113.527,58.846,70.385
107.488,111.430,60.148,71.942
106.377,115.452,58.866,70.408
105.105,117.740,58.866,70.408
104.343,117.485,58.866,70.408
104.597,117.231,58.866,70.408
100.784,115.452,58.866,70.408
102.146,115.957,57.610,68.907
101.562,116.452,56.382,67.437
99.857,116.209,56.382,67.437
100.101,113.530,56.382,67.437
99.857,111.339,56.382,67.437
100.101,109.147,56.382,67.437
100.344,106.956,56.382,67.437
98.640,104.765,56.382,67.437
98.883,104.521,56.382,67.437
99.127,100.869,56.382,67.437
98.396,97.703,56.382,67.437
97.666,97.947,56.382,67.437
97.422,93.320,56.382,67.437
96.692,93.564,56.382,67.437
96.935,91.372,56.382,67.437
97.179,89.668,56.382,67.437
97.422,87.476,56.382,67.437
97.179,84.798,56.382,67.437
96.935,82.120,56.382,67.437
97.179,79.928,56.382,67.437
97.422,77.250,56.382,67.437
97.179,75.058,56.382,67.437
97.422,71.406,56.382,67.437
97.179,70.188,56.382,67.437
97.422,67.023,56.382,67.437
97.179,65.318,56.382,67.437
97.422,64.101,56.382,67.437
96.692,61.910,56.382,67.437
95.961,60.205,56.382,67.437
95.718,58.988,56.382,67.437
94.013,57.283,56.382,67.437
92.309,56.066,56.382,67.437
90.604,54.848,56.382,67.437
86.952,53.631,56.382,67.437
85.734,53.874,56.382,67.437
83.543,53.144,56.382,67.437
82.326,52.413,56.382,67.437
80.621,51.683,56.382,67.437
80.378,51.439,56.382,67.437
79.647,50.709,56.382,67.437
78.917,51.439,56.382,67.437
79.647,52.170,56.382,67.437
78.917,52.900,56.382,67.437
78.673,53.631,56.382,67.437
76.969,56.796,56.382,67.437
75.751,57.527,56.382,67.437
74.875,60.065,57.629,68.929
73.630,59.318,57.629,68.929
74.875,61.558,57.629,68.929
72.635,62.802,57.629,68.929
72.884,64.047,57.629,68.929
71.142,64.793,57.629,68.929
68.902,67.531,57.629,68.929
67.657,68.278,57.629,68.929
68.404,69.024,57.629,68.929
67.160,71.264,57.629,68.929
66.413,71.016,57.629,68.929
67.657,74.251,57.629,68.929
68.404,75.993,57.629,68.929
69.151,77.735,57.629,68.929
69.897,78.980,57.629,68.929
70.146,80.722,57.629,68.929
71.960,79.298,56.400,67.459
74.152,79.541,56.400,67.459
74.883,76.862,56.400,67.459
75.614,73.696,56.400,67.459
77.319,71.991,56.400,67.459
78.537,68.824,56.400,67.459
80.242,67.606,56.400,67.459
82.434,66.388,56.400,67.459
83.652,64.196,56.400,67.459
86.331,62.004,56.400,67.459
89.010,58.838,56.400,67.459
92.664,57.133,56.400,67.459
94.369,55.428,56.400,67.459
96.561,54.210,56.400,67.459
97.779,53.479,56.400,67.459
98.510,53.235,56.400,67.459
98.753,52.505,56.400,67.459
98.510,52.261,56.400,67.459
98.753,51.530,56.400,67.459
98.510,50.800,56.400,67.459
98.266,49.095,56.400,67.459
98.022,48.364,56.400,67.459
97.779,47.633,56.400,67.459
97.048,46.415,56.400,67.459
96.805,45.197,56.400,67.459
96.074,43.492,56.400,67.459
96.317,42.275,56.400,67.459
95.587,41.057,56.400,67.459
94.856,40.326,56.400,67.459
94.125,39.595,56.400,67.459
93.395,38.865,56.400,67.459
91.690,38.134,56.400,67.459
89.985,37.890,56.400,67.459
88.767,37.647,56.400,67.459
87.062,38.377,56.400,67.459
85.844,38.621,56.400,67.459
83.164,37.890,56.400,67.459
82.434,36.672,56.400,67.459
80.242,35.942,56.400,67.459
79.511,34.724,56.400,67.459
76.832,33.506,56.400,67.459
76.101,32.288,56.400,67.459
74.883,30.096,56.400,67.459
74.152,27.904,56.400,67.459
73.421,25.711,56.400,67.459
71.716,24.494,56.400,67.459
70.986,23.763,56.400,67.459
69.768,23.519,56.400,67.459
68.063,22.789,56.400,67.459
67.490,23.273,55.198,66.021
67.252,23.988,55.198,66.021
68.070,24.462,54.020,64.613
68.770,25.162,54.020,64.613
68.537,27.262,54.020,64.613
69.237,27.495,54.020,64.613
69.937,30.528,54.020,64.613
70.637,32.628,54.020,64.613
71.336,35.194,54.020,64.613
72.970,36.827,54.020,64.613
73.669,40.327,54.020,64.613
74.836,41.493,54.020,64.613
75.536,44.526,54.020,64.613
76.236,45.692,54.020,64.613
77.869,47.326,54.020,64.613
79.035,48.025,54.020,64.613
80.668,49.192,54.020,64.613
81.835,49.425,54.020,64.613
83.468,48.725,54.020,64.613
86.967,48.492,54.020,64.613
88.134,47.326,54.020,64.613
91.167,45.692,54.020,64.613
93.266,44.993,54.020,64.613
95.833,43.826,54.020,64.613
97.466,42.193,54.020,64.613
101.432,41.027,54.020,64.613
103.531,39.393,54.020,64.613
105.164,36.827,54.020,64.613
108.664,35.661,54.020,64.613
111.264,35.225,52.868,63.235
113.368,33.919,51.741,61.886
116.720,33.249,51.741,61.886
117.837,32.578,51.741,61.886
120.742,31.014,51.741,61.886
122.306,30.791,51.741,61.886
126.088,30.374,50.638,60.567
127.182,30.592,50.638,60.567
130.025,30.811,50.638,60.567
132.462,29.981,49.558,59.275
135.244,30.623,49.558,59.275
137.216,31.874,48.501,58.011
139.505,31.884,49.574,59.294
140.575,30.814,49.574,59.294
142.961,32.065,48.517,58.030
145.266,32.275,48.517,58.030
146.733,31.646,48.517,58.030
149.038,30.180,48.517,58.030
150.085,31.646,48.517,58.030
152.390,32.694,48.517,58.030
153.438,33.322,48.517,58.030
155.369,34.547,47.482,56.792
156.394,35.983,47.482,56.792
157.829,36.598,47.482,56.792
158.855,38.443,47.482,56.792
159.470,39.469,47.482,56.792
159.675,41.314,47.482,56.792
161.520,43.160,47.482,56.792
161.633,44.872,48.533,58.049
163.101,46.339,48.533,58.049
164.987,48.225,48.533,58.049
164.777,50.112,48.533,58.049
165.406,51.579,48.533,58.049
167.742,52.804,47.498,56.811
165.896,55.470,47.498,56.811
169.383,56.906,47.498,56.811
167.126,58.752,47.498,56.811
170.203,59.368,47.498,56.811
168.140,60.962,46.485,55.600
166.734,62.367,46.485,55.600
165.329,62.568,46.485,55.600
162.524,62.994,47.513,56.830
161.498,61.969,47.513,56.830
160.882,60.532,47.513,56.830
160.266,59.917,47.513,56.830
158.830,58.891,47.513,56.830
158.625,57.454,47.513,56.830
157.599,58.070,47.513,56.830
156.163,57.044,47.513,56.830
154.726,57.249,47.513,56.830
152.879,57.454,47.513,56.830
151.033,58.070,47.513,56.830
148.776,58.275,47.513,56.830
145.698,59.301,47.513,56.830
143.030,59.917,47.513,56.830
139.952,59.301,47.513,56.830
136.874,59.506,47.513,56.830
133.796,60.943,47.513,56.830
130.308,61.558,47.513,56.830
125.178,61.763,47.513,56.830
122.511,61.558,47.513,56.830
117.791,65.457,47.513,56.830
115.534,64.841,47.513,56.830
111.225,66.278,47.513,56.830
109.789,67.714,47.513,56.830
106.711,67.098,47.513,56.830
104.043,68.945,47.513,56.830
102.607,69.561,47.513,56.830
99.529,72.228,47.513,56.830
97.682,73.254,47.513,56.830
95.425,75.101,47.513,56.830
93.168,76.127,47.513,56.830
92.004,76.137,48.565,58.087
90.378,77.018,49.639,59.372
88.020,76.803,49.639,59.372
87.806,76.589,49.639,59.372
87.591,77.232,49.639,59.372
87.806,79.590,49.639,59.372
88.449,81.519,49.639,59.372
89.092,84.735,49.639,59.372
90.164,87.951,49.639,59.372
90.727,92.409,50.737,60.686
91.384,95.696,50.737,60.686
91.505,98.889,51.860,62.028
92.093,103.083,53.007,63.401
92.780,106.059,53.007,63.401
92.906,108.445,54.180,64.804
92.549,110.884,55.379,66.237
92.185,113.377,56.604,67.703
92.320,114.911,57.856,69.201
92.457,116.478,59.136,70.732
91.180,119.288,59.136,70.732
91.565,122.257,57.875,69.224
90.665,123.825,59.156,70.755
91.431,119.993,59.156,70.755
91.816,119.516,57.894,69.246
92.566,116.266,57.894,69.246
91.316,112.516,57.894,69.246
89.566,106.765,57.894,69.246
88.316,102.515,57.894,69.246
87.065,96.264,57.894,69.246
86.315,91.013,57.894,69.246
86.065,85.763,57.894,69.246
86.315,82.012,57.894,69.246
86.065,77.762,57.894,69.246
85.315,74.011,57.894,69.246
85.065,71.761,57.894,69.246
84.815,67.511,57.894,69.246
86.065,66.261,57.894,69.246
87.316,64.510,57.894,69.246
90.066,62.260,57.894,69.246
92.816,62.010,57.894,69.246
97.567,60.760,57.894,69.246
100.317,60.010,57.894,69.246
104.067,60.760,57.894,69.246
108.318,61.010,57.894,69.246
110.568,61.760,57.894,69.246
113.818,62.510,57.894,69.246
116.569,62.760,57.894,69.246
116.819,63.510,57.894,69.246
119.069,64.260,57.894,69.246
119.445,64.758,56.660,67.770
121.158,65.003,56.660,67.770
122.871,65.247,56.660,67.770
121.647,65.981,56.660,67.770
122.382,64.268,56.660,67.770
121.158,64.513,56.660,67.770
120.424,64.758,56.660,67.770
118.711,63.534,56.660,67.770
117.488,63.779,56.660,67.770
115.285,63.534,56.660,67.770
112.594,64.268,56.660,67.770
109.902,64.513,56.660,67.770
107.700,64.268,56.660,67.770
104.519,64.513,56.660,67.770
101.827,64.268,56.660,67.770
99.136,64.513,56.660,67.770
96.933,65.737,56.660,67.770
94.242,66.471,56.660,67.770
91.061,68.673,56.660,67.770
89.837,69.407,56.660,67.770
87.635,71.120,56.660,67.770
85.922,72.343,56.660,67.770
84.699,74.056,56.660,67.770
83.475,74.790,56.660,67.770
82.741,76.503,56.660,67.770
82.496,78.705,56.660,67.770
81.762,80.908,56.660,67.770
82.496,84.089,56.660,67.770
82.252,87.270,56.660,67.770
82.496,89.961,56.660,67.770
82.741,93.632,56.660,67.770
84.943,98.281,56.660,67.770
84.699,103.909,56.660,67.770
85.922,108.069,56.660,67.770
86.167,110.271,56.660,67.770
86.809,111.299,57.913,69.269
88.060,112.549,57.913,69.269
86.508,116.422,56.678,67.792
88.674,113.894,57.932,69.292
90.369,109.753,59.214,70.825
92.233,112.234,57.951,69.314
91.163,113.214,56.715,67.836
94.855,110.176,57.970,69.337
99.149,108.111,59.253,70.871
102.476,107.343,59.253,70.871
105.291,110.158,59.253,70.871
106.570,105.807,59.253,70.871
104.587,101.572,60.564,72.439
106.418,99.741,60.564,72.439
106.156,96.864,60.564,72.439
105.895,90.848,60.564,72.439
105.633,86.925,60.564,72.439
105.895,84.048,60.564,72.439
104.587,80.648,60.564,72.439
104.325,79.340,60.564,72.439
102.495,75.940,60.564,72.439
101.187,74.109,60.564,72.439
99.356,72.801,60.564,72.439
97.525,71.493,60.564,72.439
95.694,70.708,60.564,72.439
93.863,70.447,60.564,72.439
90.986,69.139,60.564,72.439
89.155,67.308,60.564,72.439
88.371,66.524,60.564,72.439
87.586,65.216,60.564,72.439
86.801,63.385,60.564,72.439
86.540,61.031,60.564,72.439
87.324,59.200,60.564,72.439
87.586,57.369,60.564,72.439
88.371,56.061,60.564,72.439
89.155,55.800,60.564,72.439
89.940,55.015,60.564,72.439
90.725,55.800,60.564,72.439
92.555,55.538,60.564,72.439
95.433,56.323,60.564,72.439
96.217,56.061,60.564,72.439
97.525,54.754,60.564,72.439
99.356,55.538,60.564,72.439
100.141,55.277,60.564,72.439
100.925,54.492,60.564,72.439
101.710,54.754,60.564,72.439
104.587,55.015,60.564,72.439
107.502,54.527,59.272,70.894
108.782,54.783,59.272,70.894
110.154,55.292,58.008,69.383
110.905,55.543,58.008,69.383
112.158,56.294,58.008,69.383
112.910,56.044,58.008,69.383
113.661,55.793,58.008,69.383
115.970,56.775,56.771,67.903
117.196,56.529,56.771,67.903
118.422,56.775,56.771,67.903
119.648,55.549,56.771,67.903
120.873,54.813,56.771,67.903
122.099,54.568,56.771,67.903
122.835,53.832,56.771,67.903
122.099,54.078,56.771,67.903
123.816,54.323,56.771,67.903
124.061,54.568,56.771,67.903
125.287,53.832,56.771,67.903
124.551,54.078,56.771,67.903
126.267,54.323,56.771,67.903
126.022,54.568,56.771,67.903
127.248,54.813,56.771,67.903
127.003,55.549,56.771,67.903
129.209,56.775,56.771,67.903
128.474,58.491,56.771,67.903
129.700,60.697,56.771,67.903
129.455,63.885,56.771,67.903
129.824,69.099,55.561,66.455
128.624,71.738,55.561,66.455
128.985,75.916,54.376,65.038
128.281,79.438,54.376,65.038
128.515,81.552,54.376,65.038
126.872,83.665,54.376,65.038
128.046,85.309,54.376,65.038
128.852,88.040,53.216,63.651
130.527,90.712,52.081,62.293
129.998,93.761,50.971,60.965
129.778,94.862,50.971,60.965
128.677,96.843,50.971,60.965
128.898,98.384,50.971,60.965
128.677,99.924,50.971,60.965
129.433,100.362,49.884,59.665
128.787,97.993,49.884,59.665
127.279,95.623,49.884,59.665
128.018,94.390,48.820,58.393
126.964,91.228,48.820,58.393
125.330,87.301,49.900,59.684
124.684,84.499,49.900,59.684
122.744,82.128,49.900,59.684
122.960,78.896,49.900,59.684
124.115,76.417,48.836,58.412
122.639,74.097,48.836,58.412
122.850,70.089,48.836,58.412
121.795,66.504,48.836,58.412
120.319,63.762,48.836,58.412
119.264,61.442,48.836,58.412
117.366,59.122,48.836,58.412
115.890,57.646,48.836,58.412
114.413,58.279,48.836,58.412
111.672,56.380,48.836,58.412
109.352,56.170,48.836,58.412
107.032,54.693,48.836,58.412
104.712,54.482,48.836,58.412
101.126,53.006,48.836,58.412
98.384,52.373,48.836,58.412
94.799,51.741,48.836,58.412
92.479,51.951,48.836,58.412
90.159,50.897,48.836,58.412
87.417,50.686,48.836,58.412
84.675,51.319,48.836,58.412
81.090,51.951,48.836,58.412
78.770,52.162,48.836,58.412
75.606,53.217,48.836,58.412
73.287,53.850,48.836,58.412
71.388,54.060,48.836,58.412
69.912,54.693,48.836,58.412
68.436,55.326,48.836,58.412
67.381,55.115,48.836,58.412
65.905,54.904,48.836,58.412
64.850,55.115,48.836,58.412
64.218,55.326,48.836,58.412
63.585,55.959,48.836,58.412
64.639,55.748,48.836,58.412
67.803,56.380,48.836,58.412
71.388,56.591,48.836,58.412
75.396,57.224,48.836,58.412
79.403,57.435,48.836,58.412
82.145,59.196,49.916,59.704
85.810,59.843,49.916,59.704
89.043,61.352,49.916,59.704
93.939,63.027,48.852,58.431
97.525,62.816,48.852,58.431
101.112,63.871,48.852,58.431
104.699,64.926,48.852,58.431
107.441,66.403,48.852,58.431
111.060,67.288,49.933,59.724
114.726,67.504,49.933,59.724
118.872,67.515,51.038,61.045
123.109,65.696,52.167,62.396
127.390,66.372,52.167,62.396
131.220,67.498,52.167,62.396
135.033,69.249,51.054,61.065
138.765,68.413,49.966,59.763
140.707,70.786,49.966,59.763
144.360,69.968,48.900,58.488
147.105,69.334,48.900,58.488
150.273,70.390,48.900,58.488
153.863,72.291,48.900,58.488
154.856,74.492,49.982,59.782
157.662,77.298,49.982,59.782
158.741,80.536,49.982,59.782
159.756,83.682,51.088,61.105
161.301,86.109,51.088,61.105
163.727,89.860,51.088,61.105
164.910,93.276,49.998,59.802
166.484,97.451,48.932,58.527
166.273,100.621,48.932,58.527
167.752,105.059,48.932,58.527
168.885,109.960,47.889,57.279
167.282,113.404,48.948,58.546
167.193,117.084,47.904,57.297
165.589,120.958,48.964,58.565
163.951,124.478,50.048,59.861
162.724,128.525,51.155,61.185
163.829,135.815,51.155,61.185
167.618,144.536,52.287,62.539
164.463,147.827,53.444,63.923
162.385,150.366,53.444,63.923
159.847,152.443,53.444,63.923
160.932,155.328,54.626,65.337
158.614,154.850,55.835,66.783
161.749,151.715,55.835,66.783
163.383,148.725,57.070,68.260
166.075,149.760,58.333,69.770
162.555,146.635,59.623,71.314
158.423,145.579,60.942,72.892
155.527,143.211,60.942,72.892
153.685,140.842,60.942,72.892
153.422,138.473,60.942,72.892
125.715,113.365,62.291,74.505
123.072,106.679,63.669,76.153
122.247,106.404,63.669,76.153
123.072,106.679,63.669,76.153
121.512,102.699,65.078,77.838
125.749,97.464,66.517,79.560
127.760,95.453,66.517,79.560
141.261,90.569,66.517,79.560
144.421,86.260,66.517,79.560
141.261,83.675,66.517,79.560
140.400,81.664,66.517,79.560
138.389,79.653,66.517,79.560
140.400,77.068,66.517,79.560
138.389,75.632,66.517,79.560
135.229,75.919,66.517,79.560
132.069,75.057,66.517,79.560
129.483,75.344,66.517,79.560
127.473,75.632,66.517,79.560
123.738,75.919,66.517,79.560
120.004,77.355,66.517,79.560
116.844,78.217,66.517,79.560
113.684,80.228,66.517,79.560
113.971,77.642,66.517,79.560
109.662,79.079,66.517,79.560
106.502,81.090,66.517,79.560
104.491,83.100,66.517,79.560
101.073,85.499,67.989,81.320
95.855,87.781,66.539,79.586
96.609,89.584,68.011,81.347
94.787,90.168,66.561,79.612
93.156,90.778,68.034,81.374
91.099,91.660,68.034,81.374
92.568,93.129,68.034,81.374
89.336,92.248,68.034,81.374
89.498,92.872,69.539,83.174
87.996,94.373,69.539,83.174
87.696,92.872,69.539,83.174
87.996,90.769,69.539,83.174
87.869,92.525,68.056,81.400
87.575,95.170,68.056,81.400
87.127,93.964,69.562,83.201
86.421,93.404,68.078,81.427
85.539,91.934,68.078,81.427
84.282,89.118,66.626,79.691
86.231,90.923,68.101,81.454
84.563,85.445,69.607,83.256
85.976,87.331,71.147,85.098
85.054,83.337,71.147,85.098
83.948,85.264,72.722,86.981
84.262,82.438,72.722,86.981
83.132,84.408,74.330,88.905
82.643,84.424,75.975,90.872
78.377,86.064,75.975,90.872
78.049,83.767,75.975,90.872
76.408,85.408,75.975,90.872
76.737,85.080,75.975,90.872
77.065,82.783,75.975,90.872
76.080,81.143,75.975,90.872
75.752,79.502,75.975,90.872
76.737,76.549,75.975,90.872
73.784,78.190,75.975,90.872
74.768,72.612,75.975,90.872
75.096,73.596,75.975,90.872
73.455,69.987,75.975,90.872
74.440,72.284,75.975,90.872
76.080,68.674,75.975,90.872
77.065,67.034,75.975,90.872
78.049,66.706,75.975,90.872
80.346,64.409,75.975,90.872
85.268,63.425,75.975,90.872
86.908,61.784,75.975,90.872
87.892,59.487,75.975,90.872
89.533,57.847,75.975,90.872
90.517,54.237,75.975,90.872
90.845,51.941,75.975,90.872
92.486,48.988,75.975,90.872
92.158,48.003,75.975,90.872
92.486,44.394,75.975,90.872
93.470,44.066,75.975,90.872
93.798,41.769,75.975,90.872
94.783,39.472,75.975,90.872
95.111,38.488,75.975,90.872
94.783,38.160,75.975,90.872
97.080,37.176,75.975,90.872
96.751,36.847,75.975,90.872
98.392,35.207,75.975,90.872
99.518,35.860,74.355,88.934
101.240,34.641,72.769,87.038
103.440,33.699,72.769,87.038
105.124,34.324,71.217,85.182
106.047,35.246,71.217,85.182
106.970,34.324,71.217,85.182
109.211,33.157,69.699,83.365
111.985,34.916,68.212,81.587
114.132,34.366,66.758,79.847
116.789,35.496,65.334,78.145
118.200,36.342,65.334,78.145
118.625,37.991,63.941,76.478
122.234,39.073,62.577,74.847
123.162,41.694,61.243,73.251
125.013,43.017,61.243,73.251
125.921,42.013,59.937,71.689
128.769,43.825,59.937,71.689
126.439,43.566,59.937,71.689
128.326,43.083,58.659,70.160
125.539,44.350,58.659,70.160
122.752,45.110,58.659,70.160
120.979,44.350,58.659,70.160
119.206,46.630,58.659,70.160
117.432,46.376,58.659,70.160
116.166,48.150,58.659,70.160
115.406,48.403,58.659,70.160
113.126,48.656,58.659,70.160
111.859,47.896,58.659,70.160
109.579,48.656,58.659,70.160
106.793,49.923,58.659,70.160
104.513,50.683,58.659,70.160
100.206,51.950,58.659,70.160
96.913,53.723,58.659,70.160
95.140,55.496,58.659,70.160
92.860,57.270,58.659,70.160
90.580,59.549,58.659,70.160
89.313,60.309,58.659,70.160
87.540,62.083,58.659,70.160
85.767,63.349,58.659,70.160
84.500,64.616,58.659,70.160
82.727,65.883,58.659,70.160
81.460,68.163,58.659,70.160
80.700,70.949,58.659,70.160
80.840,72.538,59.956,71.713
81.099,74.869,59.956,71.713
80.840,76.164,59.956,71.713
81.099,79.012,59.956,71.713
81.875,79.789,59.956,71.713
82.134,81.601,59.956,71.713
83.429,82.378,59.956,71.713
85.721,81.853,61.283,73.299
85.985,80.530,61.283,73.299
86.779,82.912,61.283,73.299
89.161,81.589,61.283,73.299
89.955,83.971,61.283,73.299
89.843,83.477,59.976,71.736
91.657,84.254,59.976,71.736
92.434,83.477,59.976,71.736
93.211,83.736,59.976,71.736
93.988,82.959,59.976,71.736
94.247,82.700,59.976,71.736
95.024,81.404,59.976,71.736
95.283,81.145,59.976,71.736
96.060,79.850,59.976,71.736
96.319,78.555,59.976,71.736
96.578,77.260,59.976,71.736
96.319,74.929,59.976,71.736
96.578,73.116,59.976,71.736
96.319,70.267,59.976,71.736
97.096,68.454,59.976,71.736
97.355,66.641,59.976,71.736
98.650,64.827,59.976,71.736
99.945,64.050,59.976,71.736
102.276,64.309,59.976,71.736
105.125,65.086,59.976,71.736
106.421,65.863,59.976,71.736
109.270,67.159,59.976,71.736
110.565,68.454,59.976,71.736
111.342,69.749,59.976,71.736
113.155,70.526,59.976,71.736
113.932,71.303,59.976,71.736
114.191,71.562,59.976,71.736
114.968,71.821,59.976,71.736
115.227,71.562,59.976,71.736
116.004,71.821,59.976,71.736
115.745,71.044,59.976,71.736
116.004,70.785,59.976,71.736
117.817,71.044,59.976,71.736
120.667,71.821,59.976,71.736
125.588,73.634,59.976,71.736
131.643,76.871,61.303,73.323
137.831,78.532,62.659,74.945
145.020,82.200,61.323,73.347
148.463,84.584,61.323,73.347
151.906,87.345,62.680,74.970
158.053,89.970,61.343,73.371
162.538,92.540,60.035,71.807
168.926,95.555,58.755,70.275
173.747,97.331,58.755,70.275
177.572,96.817,60.055,71.830
183.097,95.753,61.383,73.419
186.013,94.958,61.383,73.419
189.459,92.572,61.383,73.419
191.315,94.428,61.383,73.419
194.231,92.572,61.383,73.419
193.097,94.121,60.074,71.854
196.488,93.137,58.793,70.321
192.679,94.914,58.793,70.321
188.604,94.927,60.094,71.877
191.997,95.943,58.813,70.344
192.379,94.000,57.558,68.844
187.874,94.528,58.832,70.368
190.705,94.544,57.577,68.867
187.970,95.787,57.577,68.867
186.229,97.031,57.577,68.867
190.438,97.046,56.349,67.398
187.761,97.289,56.349,67.398
187.031,98.506,56.349,67.398
190.195,97.289,56.349,67.398
188.005,98.506,56.349,67.398
190.681,97.776,56.349,67.398
188.491,98.993,56.349,67.398
190.681,97.289,56.349,67.398
189.465,98.993,56.349,67.398
190.195,98.263,56.349,67.398
188.978,99.479,56.349,67.398
191.655,99.236,56.349,67.398
189.465,99.966,56.349,67.398
190.195,98.263,56.349,67.398
188.491,99.966,56.349,67.398
190.195,98.749,56.349,67.398
188.005,100.940,56.349,67.398
191.168,98.749,56.349,67.398
188.491,100.940,56.349,67.398
187.274,99.723,56.349,67.398
190.438,100.453,56.349,67.398
188.248,100.696,56.349,67.398
190.925,100.453,56.349,67.398
188.735,100.696,56.349,67.398
191.412,100.453,56.349,67.398
188.735,100.696,56.349,67.398
191.412,100.940,56.349,67.398
189.221,101.183,56.349,67.398
192.385,100.453,56.349,67.398
189.708,101.670,56.349,67.398
191.412,99.966,56.349,67.398
189.221,99.723,56.349,67.398
191.898,100.453,56.349,67.398
189.221,101.183,56.349,67.398
192.385,99.479,56.349,67.398
189.708,100.696,56.349,67.398
189.465,101.426,56.349,67.398
188.248,102.156,56.349,67.398
192.367,101.233,55.148,65.961
189.271,101.947,55.148,65.961
192.843,101.503,53.972,64.554
190.279,102.668,53.972,64.554
194.242,101.969,53.972,64.554
191.212,103.135,53.972,64.554
195.157,102.250,52.821,63.178
