213.000,121.000,21.000,95.000
212.351,118.619,21.000,95.000
211.701,117.537,21.000,95.000
209.754,116.022,21.000,95.000
209.104,114.940,21.000,95.000
208.199,113.216,21.465,97.102
207.093,112.552,21.465,97.102
207.314,111.888,21.465,97.102
207.977,110.782,21.465,97.102
207.969,109.020,21.940,99.250
211.715,105.811,22.425,101.446
213.145,104.449,22.921,103.691
215.743,106.102,22.921,103.691
217.695,104.710,23.428,105.985
217.937,104.951,23.428,105.985
215.924,106.033,23.947,108.330
214.891,104.579,24.476,110.727
213.125,104.831,24.476,110.727
212.369,103.065,24.476,110.727
211.612,103.318,24.476,110.727
212.650,100.784,25.018,113.176
212.105,95.520,25.571,115.680
211.002,95.607,26.137,118.240
210.434,94.579,26.716,120.856
212.709,92.385,27.307,123.530
213.553,93.229,27.307,123.530
212.709,91.822,27.307,123.530
212.990,92.103,27.307,123.530
213.835,91.259,27.307,123.530
213.855,89.593,26.724,120.896
213.874,87.962,26.154,118.317
214.983,83.577,26.733,120.935
215.809,81.648,26.733,120.935
220.609,84.265,26.163,118.356
221.957,85.613,26.163,118.356
220.609,86.962,26.163,118.356
220.878,89.388,26.163,118.356
220.609,90.736,26.163,118.356
221.418,91.545,26.163,118.356
222.226,89.658,26.163,118.356
223.895,90.307,26.742,120.975
223.885,89.826,27.333,123.651
224.167,91.798,27.333,123.651
226.139,92.080,27.333,123.651
225.073,95.299,26.751,121.014
223.498,96.323,26.180,118.434
222.689,98.212,26.180,118.434
221.339,101.180,26.180,118.434
219.650,101.829,26.759,121.054
215.635,101.920,27.351,123.732
212.534,100.511,27.351,123.732
208.870,101.357,27.351,123.732
204.078,98.256,27.351,123.732
199.389,94.255,27.957,126.470
197.372,91.086,27.957,126.470
197.084,87.917,27.957,126.470
196.219,88.205,27.957,126.470
194.018,90.387,27.360,123.773
194.864,94.616,27.360,123.773
195.146,94.334,27.360,123.773
197.120,96.308,27.360,123.773
198.530,97.718,27.360,123.773
200.504,99.691,27.360,123.773
201.913,99.410,27.360,123.773
202.759,99.691,27.360,123.773
201.349,97.154,27.360,123.773
199.940,96.872,27.360,123.773
201.349,96.590,27.360,123.773
202.195,98.000,27.360,123.773
206.020,98.504,26.777,121.134
211.891,97.402,26.206,118.550
219.183,98.212,26.206,118.550
221.614,93.621,26.206,118.550
222.424,92.271,26.206,118.550
219.840,92.233,25.647,116.022
214.818,91.440,25.647,116.022
209.324,90.979,26.214,118.589
203.651,91.790,26.214,118.589
199.504,89.669,25.655,116.060
197.484,87.594,25.108,113.585
196.006,86.061,24.573,111.163
197.272,78.718,24.573,111.163
199.551,72.387,24.573,111.163
202.337,67.575,24.573,111.163
202.354,65.587,24.049,108.792
203.594,66.331,24.049,108.792
205.329,64.100,24.049,108.792
206.072,64.844,24.049,108.792
205.329,66.083,24.049,108.792
206.779,71.782,23.536,106.472
204.459,78.294,23.034,104.202
206.306,83.752,22.543,101.980
204.979,88.198,22.062,99.805
207.480,92.064,22.062,99.805
206.619,95.977,21.592,97.677
208.177,99.760,21.592,97.677
210.939,103.065,22.069,99.838
211.394,108.295,21.599,97.709
210.924,113.911,22.077,99.870
208.876,118.234,22.077,99.870
208.649,118.917,22.077,99.870
206.601,120.509,22.077,99.870
207.494,122.232,21.606,97.741
209.656,121.343,21.145,95.656
209.003,125.483,21.145,95.656
207.041,127.008,21.145,95.656
206.388,127.226,21.145,95.656
206.170,127.444,21.145,95.656
206.823,125.047,21.145,95.656
208.785,122.214,21.145,95.656
208.567,119.817,21.145,95.656
207.041,116.984,21.145,95.656
206.823,114.587,21.145,95.656
207.477,113.062,21.145,95.656
206.388,109.793,21.145,95.656
208.083,109.343,20.694,93.616
209.576,109.130,20.694,93.616
210.216,109.769,20.694,93.616
211.709,109.130,20.694,93.616
213.780,111.978,20.253,91.620
216.611,115.168,19.821,89.666
218.299,116.083,20.259,91.650
219.591,115.286,20.708,93.678
215.081,113.199,20.266,91.680
215.096,112.365,19.834,89.725
216.686,113.913,19.411,87.812
218.243,114.656,18.997,85.939
219.389,115.384,18.592,84.106
220.511,117.204,18.195,82.313
221.970,117.901,17.807,80.557
222.690,119.998,17.428,78.839
225.025,122.333,17.428,78.839
227.115,125.078,17.056,77.158
228.697,127.363,17.056,77.158
230.065,127.677,16.692,75.513
231.735,127.985,16.336,73.902
230.557,127.480,16.336,73.902
232.191,129.079,15.988,72.326
233.895,127.083,16.342,73.927
233.190,125.741,16.703,75.562
234.613,123.297,17.073,77.234
235.844,123.825,17.073,77.234
237.780,122.594,17.073,77.234
238.307,121.714,17.073,77.234
238.835,122.242,17.073,77.234
239.715,122.418,17.073,77.234
238.132,120.130,17.073,77.234
239.011,120.658,17.073,77.234
237.428,118.371,17.073,77.234
236.548,117.139,17.073,77.234
234.964,115.204,17.073,77.234
236.196,113.269,17.073,77.234
236.724,112.741,17.073,77.234
237.252,113.972,17.073,77.234
237.780,114.852,17.073,77.234
235.492,114.676,17.073,77.234
236.372,113.444,17.073,77.234
235.492,113.269,17.073,77.234
235.316,113.796,17.073,77.234
236.900,112.917,17.073,77.234
238.132,112.389,17.073,77.234
240.067,109.750,17.073,77.234
240.791,107.252,17.451,78.943
242.409,107.072,17.451,78.943
242.230,104.735,17.451,78.943
242.769,106.353,17.451,78.943
242.589,107.252,17.451,78.943
242.769,108.871,17.451,78.943
242.230,107.612,17.451,78.943
241.690,108.151,17.451,78.943
239.071,108.584,17.837,80.690
237.417,108.033,17.837,80.690
235.763,106.378,17.837,80.690
233.005,105.459,17.837,80.690
231.955,104.725,17.456,78.969
230.696,104.545,17.456,78.969
228.823,105.351,17.842,80.716
226.527,106.557,18.237,82.502
224.836,107.121,18.237,82.502
224.648,106.181,18.237,82.502
223.708,106.369,18.237,82.502
223.144,105.429,18.237,82.502
222.204,104.866,18.237,82.502
221.418,104.148,18.641,84.327
221.226,102.803,18.641,84.327
221.034,101.458,18.641,84.327
221.610,100.114,18.641,84.327
221.418,100.306,18.641,84.327
221.012,99.971,19.053,86.193
220.030,100.953,19.053,86.193
220.227,102.720,19.053,86.193
221.376,105.342,18.647,84.355
220.031,105.919,18.647,84.355
221.156,108.856,18.249,82.556
220.968,108.667,18.249,82.556
221.156,106.223,18.249,82.556
221.720,104.530,18.249,82.556
220.780,102.461,18.249,82.556
223.601,101.145,18.249,82.556
223.037,102.837,18.249,82.556
221.079,102.119,18.653,84.382
221.655,104.234,18.653,84.382
218.387,105.964,18.653,84.382
217.982,106.027,19.066,86.249
215.936,106.500,19.487,88.158
214.402,106.860,19.072,86.278
213.171,104.886,19.494,88.187
213.185,104.858,19.078,86.306
212.820,102.935,18.671,84.466
211.473,101.973,18.671,84.466
211.666,104.860,18.671,84.466
212.050,108.171,18.273,82.664
213.745,110.996,18.273,82.664
213.758,116.052,17.883,80.901
214.482,120.645,17.502,79.176
215.190,124.793,17.129,77.488
214.522,128.511,16.764,75.835
214.004,131.794,16.764,75.835
214.522,132.312,16.764,75.835
215.200,134.952,16.406,74.218
214.355,136.136,16.406,74.218
213.510,136.981,16.406,74.218
215.370,137.827,16.406,74.218
214.186,139.010,16.406,74.218
214.693,140.532,16.406,74.218
213.848,139.686,16.406,74.218
214.693,140.870,16.406,74.218
213.172,139.686,16.406,74.218
212.464,140.444,16.769,75.860
210.908,140.963,16.769,75.860
211.427,139.407,16.769,75.860
210.217,140.271,16.769,75.860
209.353,138.716,16.769,75.860
208.143,137.506,16.769,75.860
205.551,136.296,16.769,75.860
203.996,137.852,16.769,75.860
201.838,136.475,17.140,77.539
200.955,138.418,17.140,77.539
198.305,138.948,17.140,77.539
198.835,139.831,17.140,77.539
199.365,138.594,17.140,77.539
199.542,136.298,17.140,77.539
200.425,136.828,17.140,77.539
201.308,135.238,17.140,77.539
203.251,136.475,17.140,77.539
206.254,137.005,17.140,77.539
209.610,136.475,17.140,77.539
212.260,138.064,17.140,77.539
214.556,137.888,17.140,77.539
216.852,138.771,17.140,77.539
218.795,136.828,17.140,77.539
219.679,137.005,17.140,77.539
220.209,136.475,17.140,77.539
220.032,133.825,17.140,77.539
220.209,130.469,17.140,77.539
220.032,127.466,17.140,77.539
220.915,125.876,17.140,77.539
222.152,123.227,17.140,77.539
220.915,124.110,17.140,77.539
222.152,123.580,17.140,77.539
219.946,123.639,17.519,79.254
217.238,123.458,17.519,79.254
218.502,122.916,17.519,79.254
216.247,122.976,17.907,81.008
214.217,122.792,17.907,81.008
212.096,122.410,17.525,79.280
212.277,123.675,17.525,79.280
210.396,124.109,17.913,81.034
211.689,123.925,17.913,81.034
210.990,124.967,17.531,79.306
210.306,125.986,17.157,77.615
209.933,126.045,17.537,79.332
208.801,126.105,17.925,81.087
207.508,124.073,17.925,81.087
207.324,125.366,17.925,81.087
204.553,126.290,17.925,81.087
201.043,124.258,17.925,81.087
199.750,122.965,17.925,81.087
198.087,121.302,17.925,81.087
196.794,120.009,17.925,81.087
194.023,117.977,17.925,81.087
194.208,116.684,17.925,81.087
192.546,116.499,17.925,81.087
190.144,114.837,17.925,81.087
187.743,113.174,17.925,81.087
186.080,110.403,17.925,81.087
186.634,108.371,17.925,81.087
184.602,106.709,17.925,81.087
182.571,105.416,17.925,81.087
179.430,104.492,17.925,81.087
177.307,103.398,17.542,79.358
176.971,101.282,17.168,77.666
178.007,99.211,16.802,76.010
178.526,96.614,16.802,76.010
177.660,95.055,16.802,76.010
176.448,94.190,16.802,76.010
176.968,94.363,16.802,76.010
175.063,94.190,16.802,76.010
173.158,93.324,16.802,76.010
171.946,92.458,16.802,76.010
169.349,91.938,16.802,76.010
167.444,92.458,16.802,76.010
165.539,90.553,16.802,76.010
164.674,89.687,16.802,76.010
163.115,88.129,16.802,76.010
163.288,87.263,16.802,76.010
162.423,86.397,16.802,76.010
160.172,87.263,16.802,76.010
158.959,88.129,16.802,76.010
157.055,90.726,16.802,76.010
155.496,93.324,16.802,76.010
153.592,94.536,16.802,76.010
151.341,96.094,16.802,76.010
149.897,95.074,17.174,77.691
149.366,94.897,17.174,77.691
149.543,92.950,17.174,77.691
149.537,92.274,17.554,79.410
148.404,91.208,17.942,81.167
148.219,91.763,17.942,81.167
147.665,92.317,17.942,81.167
147.110,93.242,17.942,81.167
146.185,93.797,17.942,81.167
144.891,92.872,17.942,81.167
143.966,93.057,17.942,81.167
143.412,93.242,17.942,81.167
142.857,92.317,17.942,81.167
143.412,91.763,17.942,81.167
142.487,90.838,17.942,81.167
142.302,91.023,17.942,81.167
142.487,91.208,17.942,81.167
144.151,92.132,17.942,81.167
143.377,92.577,18.339,82.963
144.155,94.209,18.745,84.798
145.894,97.106,18.745,84.798
145.486,99.976,19.160,86.675
146.078,102.938,19.160,86.675
148.645,105.110,19.160,86.675
150.422,105.308,19.160,86.675
153.693,102.915,19.584,88.592
163.178,101.098,19.584,88.592
173.222,100.328,20.017,90.552
175.783,98.684,20.460,92.556
174.462,99.629,20.912,94.604
175.540,99.844,20.912,94.604
174.894,100.491,20.912,94.604
172.523,100.706,20.912,94.604
169.721,101.353,20.912,94.604
166.057,100.275,20.912,94.604
161.532,101.353,20.912,94.604
159.161,100.706,20.912,94.604
155.928,100.060,20.912,94.604
155.713,101.999,20.912,94.604
153.916,98.493,21.375,96.697
152.994,98.109,21.848,98.836
150.650,94.913,22.331,101.023
151.340,96.064,22.331,101.023
148.944,94.230,22.825,103.258
149.650,94.936,22.825,103.258
147.853,94.903,22.339,101.056
147.162,96.054,22.339,101.056
145.090,95.364,22.339,101.056
142.097,94.673,22.339,101.056
143.709,89.839,22.339,101.056
146.241,85.465,22.339,101.056
146.471,85.695,22.339,101.056
147.162,84.544,22.339,101.056
150.155,85.234,22.339,101.056
155.940,86.978,21.862,98.901
160.300,88.684,21.396,96.792
162.725,90.227,21.396,96.792
165.151,94.417,21.396,96.792
166.253,99.047,21.396,96.792
165.844,103.267,20.940,94.728
168.355,107.397,20.493,92.708
167.721,110.565,20.493,92.708
168.590,113.703,20.947,94.759
169.238,114.350,20.947,94.759
170.749,113.703,20.947,94.759
169.238,114.350,20.947,94.759
168.159,114.134,20.947,94.759
166.647,115.214,20.947,94.759
167.295,117.157,20.947,94.759
164.814,118.791,20.500,92.738
160.800,117.735,20.500,92.738
159.593,117.706,20.063,90.760
160.803,114.887,19.635,88.825
160.601,111.042,19.635,88.825
160.803,107.198,19.635,88.825
159.791,102.139,19.635,88.825
161.208,97.889,19.635,88.825
164.243,93.235,19.635,88.825
167.278,88.176,19.635,88.825
169.909,83.927,19.635,88.825
172.135,82.106,19.635,88.825
174.361,80.689,19.635,88.825
172.539,82.106,19.635,88.825
175.979,83.927,19.635,88.825
174.563,85.748,19.635,88.825
174.361,88.379,19.635,88.825
172.135,92.628,19.635,88.825
169.099,96.878,19.635,88.825
165.659,100.722,19.635,88.825
163.029,103.758,19.635,88.825
158.780,107.198,19.635,88.825
153.316,111.042,19.635,88.825
149.876,115.292,19.635,88.825
147.245,118.732,19.635,88.825
145.424,121.362,19.635,88.825
144.413,120.755,19.635,88.825
146.505,119.982,20.069,90.790
147.785,117.047,20.513,92.799
150.110,114.299,20.513,92.799
153.281,112.396,20.513,92.799
153.493,112.184,20.513,92.799
154.127,109.436,20.513,92.799
155.607,107.534,20.513,92.799
158.778,103.940,20.513,92.799
159.412,101.614,20.513,92.799
159.623,100.557,20.513,92.799
161.526,98.232,20.513,92.799
162.583,95.906,20.513,92.799
163.217,94.849,20.513,92.799
164.697,92.947,20.513,92.799
164.909,91.467,20.513,92.799
165.120,88.719,20.513,92.799
165.754,87.662,20.513,92.799
165.120,87.027,20.513,92.799
163.796,86.659,20.967,94.852
160.987,85.578,20.967,94.852
159.043,86.659,20.967,94.852
157.962,87.739,20.967,94.852
156.882,88.820,20.967,94.852
154.073,89.468,20.967,94.852
151.264,87.523,20.967,94.852
149.462,88.043,21.431,96.951
147.163,84.908,21.905,99.096
146.034,84.231,21.905,99.096
145.808,82.651,21.905,99.096
145.583,83.328,21.905,99.096
145.357,79.942,21.905,99.096
146.937,76.555,21.905,99.096
147.163,73.169,21.905,99.096
148.743,71.589,21.905,99.096
148.066,70.460,21.905,99.096
149.195,69.331,21.905,99.096
151.226,70.009,21.905,99.096
154.161,68.428,21.905,99.096
156.644,68.203,21.905,99.096
160.482,68.880,21.905,99.096
167.029,68.654,21.905,99.096
169.964,72.040,21.905,99.096
169.738,77.233,21.905,99.096
170.667,81.523,22.390,101.288
170.180,84.951,22.885,103.529
168.832,90.375,22.397,101.321
169.303,91.888,22.893,103.563
170.229,93.674,22.405,101.355
171.384,94.367,22.405,101.355
169.767,95.060,22.405,101.355
169.998,94.829,22.405,101.355
169.767,95.983,22.405,101.355
170.460,96.214,22.405,101.355
169.306,98.754,22.405,101.355
166.766,101.756,22.405,101.355
165.447,104.839,21.927,99.193
163.865,107.325,21.927,99.193
161.831,108.907,21.927,99.193
159.948,110.388,22.412,101.388
158.502,109.986,22.908,103.631
157.321,111.166,22.908,103.631
155.669,112.347,22.908,103.631
155.685,112.769,22.419,101.421
155.702,113.182,21.941,99.258
154.846,112.715,21.473,97.142
156.395,112.936,21.473,97.142
157.264,113.332,21.015,95.070
157.914,114.848,21.015,95.070
156.831,114.198,21.015,95.070
156.614,114.415,21.015,95.070
155.531,113.332,21.015,95.070
156.181,111.816,21.015,95.070
158.130,109.434,21.015,95.070
156.614,108.784,21.015,95.070
156.397,106.402,21.015,95.070
158.347,104.019,21.015,95.070
157.697,102.070,21.015,95.070
156.614,100.121,21.015,95.070
158.996,97.738,21.015,95.070
161.812,94.923,21.015,95.070
164.627,92.974,21.015,95.070
166.577,91.458,21.015,95.070
167.226,89.508,21.015,95.070
168.742,86.693,21.015,95.070
168.093,86.476,21.015,95.070
169.609,86.260,21.015,95.070
168.526,86.910,21.015,95.070
168.742,85.393,21.015,95.070
168.093,85.610,21.015,95.070
168.984,85.232,21.480,97.173
168.146,85.628,21.022,95.101
169.487,85.700,21.487,97.205
168.560,85.314,21.963,99.356
168.082,82.571,22.449,101.554
170.164,83.265,22.449,101.554
170.858,81.646,22.449,101.554
169.239,81.877,22.449,101.554
170.396,79.795,22.449,101.554
169.239,78.176,22.449,101.554
169.470,79.332,22.449,101.554
167.851,78.638,22.449,101.554
166.231,79.332,22.449,101.554
164.612,80.026,22.449,101.554
161.604,80.258,22.449,101.554
159.522,80.489,22.449,101.554
156.977,81.646,22.449,101.554
154.432,80.952,22.449,101.554
150.962,80.258,22.449,101.554
148.417,80.026,22.449,101.554
145.872,77.482,22.449,101.554
143.790,77.713,22.449,101.554
141.708,76.093,22.449,101.554
140.833,77.399,21.970,99.389
139.976,76.931,21.502,97.269
138.868,75.823,21.502,97.269
136.561,76.357,21.977,99.421
136.787,76.130,21.977,99.421
135.655,77.263,21.977,99.421
133.297,74.518,22.464,101.621
131.213,75.212,22.464,101.621
132.834,76.370,22.464,101.621
131.676,76.601,22.464,101.621
132.371,77.296,22.464,101.621
131.213,79.379,22.464,101.621
135.149,83.315,22.464,101.621
137.232,87.713,22.464,101.621
139.779,92.575,22.464,101.621
142.788,98.826,22.464,101.621
148.113,103.687,22.464,101.621
154.364,107.623,22.464,101.621
155.984,109.706,22.464,101.621
156.679,109.938,22.464,101.621
156.910,108.780,22.464,101.621
156.216,105.771,22.464,101.621
153.206,101.372,22.464,101.621
154.115,100.001,21.985,99.454
152.982,96.150,21.985,99.454
154.568,91.392,21.985,99.454
153.711,86.993,21.516,97.333
155.436,86.535,21.057,95.257
153.917,83.713,21.057,95.257
153.009,83.785,21.523,97.365
152.597,82.899,21.064,95.288
151.946,82.248,21.064,95.288
149.124,82.465,21.064,95.288
141.960,80.077,21.064,95.288
135.665,76.821,21.064,95.288
131.106,73.565,21.064,95.288
125.693,68.682,21.530,97.397
121.542,63.231,22.006,99.552
118.239,57.659,22.493,101.754
135.066,46.673,22.991,104.006
155.706,41.344,23.499,106.307
181.326,34.891,24.019,108.659
206.822,28.703,24.019,108.659
244.308,26.217,24.551,111.063
238.995,26.976,24.551,111.063
232.686,27.585,25.094,113.520
245.556,30.353,25.649,116.032
258.508,26.917,25.649,116.032
259.036,29.428,25.102,113.557
254.121,31.757,25.102,113.557
248.744,31.842,25.658,116.070
236.115,34.125,26.225,118.638
238.909,45.430,26.805,121.263
243.485,50.108,27.398,123.946
241.131,53.717,28.005,126.688
235.132,66.388,28.624,129.491
223.038,78.483,28.624,129.491
210.173,88.987,29.258,132.356
201.429,94.715,29.258,132.356
194.494,95.620,29.258,132.356
190.574,96.524,29.258,132.356
183.639,96.826,29.258,132.356
179.719,95.318,29.258,132.356
182.433,92.002,29.258,132.356
185.750,88.082,29.258,132.356
189.066,82.353,29.258,132.356
192.383,77.227,29.258,132.356
198.715,78.132,29.258,132.356
202.635,77.830,29.258,132.356
201.127,76.323,29.258,132.356
200.491,78.925,29.905,135.284
199.201,75.190,30.567,138.277
196.187,81.826,29.915,135.329
191.562,85.834,29.915,135.329
188.613,88.169,29.277,132.443
183.593,89.521,29.925,135.373
