653.000,221.000,55.000,40.000
660.271,218.576,55.000,40.000
664.185,213.170,55.000,40.000
663.626,207.764,55.000,40.000
666.050,202.730,55.000,40.000
676.303,203.290,55.000,40.000
687.302,205.713,55.000,40.000
696.437,206.272,55.000,40.000
702.589,206.459,55.000,40.000
704.640,202.171,55.000,40.000
705.199,190.054,55.000,40.000
700.165,172.716,55.000,40.000
696.996,155.006,55.000,40.000
692.708,136.550,55.000,40.000
683.783,115.025,56.217,40.885
675.847,96.978,57.461,41.790
665.134,77.696,57.461,41.790
654.422,59.973,57.461,41.790
643.321,44.976,57.461,41.790
632.998,35.822,57.461,41.790
622.676,25.889,57.461,41.790
614.564,16.738,58.732,42.714
605.605,11.363,58.732,42.714
596.901,7.792,60.031,43.659
591.000,9.216,60.031,43.659
588.858,11.056,61.360,44.625
585.805,13.367,62.717,45.613
584.743,15.280,62.717,45.613
586.231,16.768,62.717,45.613
591.970,18.682,62.717,45.613
591.758,20.595,62.717,45.613
592.821,22.933,62.717,45.613
591.333,21.870,62.717,45.613
591.120,23.784,62.717,45.613
589.207,25.272,62.717,45.613
586.528,21.018,64.105,46.622
579.358,19.062,64.105,46.622
571.454,17.255,62.738,45.627
563.161,13.640,62.738,45.627
554.017,10.025,62.738,45.627
546.282,11.127,61.400,44.654
538.998,8.005,61.400,44.654
531.714,10.294,61.400,44.654
526.095,13.416,61.400,44.654
519.227,21.116,61.400,44.654
512.776,30.482,61.400,44.654
509.238,38.182,61.400,44.654
507.365,42.136,61.400,44.654
504.659,51.501,61.400,44.654
504.451,59.202,61.400,44.654
500.913,66.902,61.400,44.654
499.872,72.105,61.400,44.654
500.497,80.638,61.400,44.654
499.872,85.841,61.400,44.654
499.664,89.795,61.400,44.654
501.121,96.246,61.400,44.654
501.745,101.449,61.400,44.654
495.710,110.398,61.400,44.654
488.842,117.682,61.400,44.654
479.742,125.609,62.758,45.642
471.020,133.906,62.758,45.642
458.362,144.029,61.420,44.669
451.909,152.148,61.420,44.669
450.758,158.443,60.110,43.717
446.096,165.783,58.828,42.784
442.688,170.660,57.574,41.872
443.490,178.818,56.346,40.979
440.961,190.484,55.144,40.105
440.648,191.812,53.968,39.250
445.953,192.361,53.968,39.250
445.770,196.568,53.968,39.250
448.285,197.869,52.818,38.413
445.224,195.345,51.691,37.594
438.742,196.221,51.691,37.594
432.960,202.353,51.691,37.594
421.571,208.135,51.691,37.594
401.422,210.763,51.691,37.594
386.530,211.639,51.691,37.594
382.867,212.496,52.835,38.425
381.256,216.256,52.835,38.425
380.114,216.760,54.004,39.276
379.565,216.577,54.004,39.276
379.016,224.448,54.004,39.276
382.944,226.808,52.852,38.438
384.775,227.684,54.022,39.288
390.451,229.698,54.022,39.288
397.593,236.473,54.022,39.288
407.664,245.811,54.022,39.288
427.013,257.725,55.217,40.158
448.911,271.762,55.217,40.158
468.300,285.881,56.438,41.046
479.204,300.611,56.438,41.046
482.839,305.011,56.438,41.046
491.830,302.907,56.438,41.046
501.586,307.307,56.438,41.046
513.256,311.707,56.438,41.046
521.864,310.750,56.438,41.046
530.473,310.176,56.438,41.046
541.377,308.072,56.438,41.046
553.811,309.028,56.438,41.046
567.279,305.994,57.687,41.954
578.424,306.581,57.687,41.954
588.396,305.994,57.687,41.954
596.804,307.754,57.687,41.954
601.643,306.681,58.964,42.883
600.784,308.073,60.268,43.831
599.354,305.009,60.268,43.831
597.924,307.664,60.268,43.831
586.688,315.223,60.268,43.831
565.239,319.513,60.268,43.831
552.369,324.211,60.268,43.831
558.293,325.641,60.268,43.831
567.894,332.382,60.268,43.831
570.550,334.629,60.268,43.831
576.903,333.325,58.983,42.897
582.349,335.516,57.725,41.982
588.056,337.661,56.494,41.087
593.273,339.022,55.289,40.210
598.333,336.211,55.289,40.210
602.716,337.904,54.110,39.353
603.823,338.501,52.956,38.514
596.823,337.244,52.956,38.514
586.591,338.860,52.956,38.514
577.796,340.475,52.956,38.514
568.642,342.450,52.956,38.514
560.383,344.763,51.827,37.692
552.126,345.993,51.827,37.692
543.167,347.223,51.827,37.692
532.100,349.858,51.827,37.692
516.466,356.709,51.827,37.692
502.965,363.376,50.722,36.889
490.415,371.226,49.640,36.102
473.267,379.233,48.582,35.332
457.754,386.752,47.545,34.579
447.543,397.217,46.532,33.841
436.942,409.284,45.539,33.119
425.079,421.390,44.568,32.413
417.255,428.870,43.618,31.722
410.168,436.761,42.688,31.045
405.184,443.647,41.777,30.383
400.033,448.475,40.886,29.735
396.863,451.330,40.014,29.101
391.145,455.431,39.161,28.481
389.132,456.375,38.326,27.873
386.160,457.799,37.509,27.279
384.231,455.516,36.709,26.697
381.865,455.201,35.926,26.128
386.356,453.485,35.160,25.571
387.075,446.750,34.410,25.025
387.779,442.633,33.676,24.492
391.989,435.303,32.958,23.969
403.942,432.733,32.958,23.969
408.493,422.114,32.255,23.458
416.740,418.254,31.567,22.958
414.065,424.995,31.567,22.958
412.888,444.362,31.567,22.958
418.201,473.748,32.266,23.466
423.560,495.511,32.266,23.466
429.137,517.056,32.266,23.466
437.558,540.133,32.266,23.466
447.073,566.311,32.980,23.985
453.319,592.372,33.709,24.516
462.345,622.879,33.709,24.516
470.229,643.560,33.709,24.516
478.799,667.212,33.709,24.516
487.597,678.752,33.709,24.516
493.032,687.372,34.455,25.058
497.821,693.795,34.455,25.058
501.196,693.881,35.217,25.613
502.837,688.056,34.466,25.067
500.153,677.961,35.229,25.621
495.018,667.573,35.229,25.621
486.779,651.691,35.229,25.621
472.808,634.377,35.229,25.621
454.193,615.659,34.478,25.075
434.209,594.975,34.478,25.075
408.245,577.359,35.241,25.630
383.758,556.933,35.241,25.630
362.854,532.924,35.241,25.630
341.951,511.304,35.241,25.630
322.848,489.085,36.020,26.197
307.098,471.138,36.020,26.197
292.081,449.771,36.020,26.197
286.489,439.475,36.817,26.776
278.341,422.800,36.032,26.205
270.132,412.368,35.264,25.646
252.322,399.339,35.264,25.646
251.312,393.227,36.044,26.214
236.083,382.670,36.841,26.794
228.966,383.294,36.841,26.794
219.350,391.411,36.841,26.794
209.735,408.519,36.841,26.794
196.873,418.884,36.841,26.794
188.506,428.499,36.841,26.794
182.387,435.367,36.841,26.794
179.265,439.238,36.841,26.794
179.890,430.622,36.841,26.794
186.758,406.021,36.841,26.794
197.622,378.424,36.841,26.794
211.856,351.388,36.056,26.222
231.532,318.757,36.056,26.222
255.119,290.037,36.056,26.222
283.503,260.711,36.853,26.803
317.698,232.551,37.669,27.396
282.178,226.552,38.502,28.002
311.142,211.882,37.681,27.405
334.004,205.112,37.681,27.405
346.971,203.351,38.515,28.011
359.954,200.739,39.367,28.631
370.178,197.515,40.238,29.264
380.467,202.428,39.380,28.640
377.123,188.124,40.251,29.274
