1138.000,200.000,96.000,150.000
1066.282,168.714,96.000,150.000
993.602,139.353,96.000,150.000
919.959,116.731,96.000,150.000
843.428,96.033,96.000,150.000
764.009,78.224,96.000,150.000
679.777,71.005,96.000,150.000
600.358,62.822,96.000,150.000
518.052,59.453,96.000,150.000
438.633,68.598,96.000,150.000
368.840,77.743,96.000,150.000
311.562,88.814,96.000,150.000
262.949,98.921,96.000,150.000
235.513,108.067,96.000,150.000
208.983,111.900,98.124,153.319
186.844,118.296,98.124,153.319
175.528,121.740,98.124,153.319
166.181,128.136,98.124,153.319
148.962,127.644,98.124,153.319
139.199,130.541,100.295,156.711
125.047,131.416,102.514,160.178
116.309,131.930,102.514,160.178
108.980,132.152,100.328,156.762
102.777,138.187,98.188,153.419
97.094,142.108,100.361,156.814
92.565,146.637,100.361,156.814
88.845,143.336,102.581,160.283
92.445,148.994,102.581,160.283
88.642,141.351,104.851,163.829
96.528,136.619,104.851,163.829
106.516,138.197,104.851,163.829
114.402,131.362,104.851,163.829
126.493,123.477,104.851,163.829
154.355,114.540,104.851,163.829
196.937,103.500,104.851,163.829
242.673,90.358,104.851,163.829
285.255,76.164,104.851,163.829
334.145,66.175,104.851,163.829
378.830,57.238,104.851,163.829
424.566,50.404,104.851,163.829
469.251,45.673,104.851,163.829
513.936,43.044,104.851,163.829
558.621,44.621,104.851,163.829
602.254,46.199,104.851,163.829
644.836,45.673,104.851,163.829
680.916,49.953,102.615,160.336
707.155,48.410,102.615,160.336
746.434,56.566,100.427,156.917
767.078,53.041,100.427,156.917
779.666,55.559,100.427,156.917
791.899,57.717,98.285,153.570
800.276,55.254,98.285,153.570
809.639,61.660,98.285,153.570
818.017,61.167,98.285,153.570
825.408,64.616,98.285,153.570
831.814,65.109,98.285,153.570
838.221,67.573,98.285,153.570
840.685,67.080,98.285,153.570
844.134,65.602,98.285,153.570
843.641,66.095,98.285,153.570
848.076,66.588,98.285,153.570
845.612,63.138,98.285,153.570
852.019,61.660,98.285,153.570
847.584,58.210,98.285,153.570
845.120,53.775,98.285,153.570
843.641,55.254,98.285,153.570
838.221,50.818,98.285,153.570
821.959,48.355,98.285,153.570
809.639,44.905,98.285,153.570
796.334,42.441,98.285,153.570
783.608,40.754,96.189,150.295
767.434,39.103,94.138,147.090
749.786,36.577,92.130,143.953
734.295,34.995,90.166,140.884
722.089,29.118,90.166,140.884
712.595,24.145,90.166,140.884
705.814,27.310,90.166,140.884
696.843,19.654,92.160,144.001
689.912,21.964,92.160,144.001
683.324,20.382,90.195,140.930
677.445,23.547,90.195,140.930
671.566,19.477,90.195,140.930
666.591,21.739,90.195,140.930
662.521,16.764,90.195,140.930
660.260,18.121,90.195,140.930
657.095,14.955,90.195,140.930
655.738,13.599,90.195,140.930
656.190,11.337,90.195,140.930
653.929,11.790,90.195,140.930
650.764,9.529,90.195,140.930
647.598,11.790,90.195,140.930
646.241,12.242,90.195,140.930
642.171,10.885,90.195,140.930
636.013,6.980,92.191,144.048
632.986,8.962,90.225,140.976
628.915,8.509,90.225,140.976
629.367,7.152,90.225,140.976
625.533,5.603,88.301,137.970
625.976,3.390,88.301,137.970
621.991,1.176,88.301,137.970
620.663,3.390,88.301,137.970
618.449,2.947,88.301,137.970
616.236,3.390,88.301,137.970
614.907,3.832,88.301,137.970
611.634,3.684,90.254,141.022
608.466,2.327,90.254,141.022
606.204,2.779,90.254,141.022
606.656,0.517,90.254,141.022
603.489,-1.746,90.254,141.022
603.941,-5.819,90.254,141.022
605.340,-6.496,88.330,138.015
603.125,-6.053,88.330,138.015
604.454,-3.839,88.330,138.015
600.468,-6.939,88.330,138.015
600.911,-4.724,88.330,138.015
599.582,-6.053,88.330,138.015
598.254,-8.267,88.330,138.015
600.468,-6.939,88.330,138.015
599.140,-9.153,88.330,138.015
596.925,-11.367,88.330,138.015
597.440,-9.469,86.446,135.072
596.140,-10.769,86.446,135.072
598.307,-12.070,86.446,135.072
596.140,-11.636,86.446,135.072
598.307,-11.203,86.446,135.072
598.740,-9.036,86.446,135.072
598.307,-6.868,86.446,135.072
597.874,-0.367,86.446,135.072
597.440,6.134,86.446,135.072
597.007,12.636,86.446,135.072
599.174,20.004,86.446,135.072
599.607,27.372,86.446,135.072
600.041,35.607,86.446,135.072
600.474,46.443,86.446,135.072
601.774,55.545,86.446,135.072
603.941,65.513,86.446,135.072
604.375,76.349,86.446,135.072
606.542,86.318,86.446,135.072
607.842,99.754,86.446,135.072
608.276,114.924,86.446,135.072
613.043,126.626,86.446,135.072
612.610,141.796,86.446,135.072
616.511,150.898,86.446,135.072
616.004,156.149,88.359,138.060
619.105,156.592,88.359,138.060
622.206,154.377,88.359,138.060
622.649,156.592,88.359,138.060
626.636,152.605,88.359,138.060
625.307,156.592,88.359,138.060
631.067,153.491,88.359,138.060
635.940,152.162,88.359,138.060
639.017,156.623,86.474,135.116
642.052,156.189,86.474,135.116
644.244,152.445,88.387,138.105
649.119,153.775,88.387,138.105
653.993,154.218,88.387,138.105
655.323,156.434,88.387,138.105
660.964,159.188,86.503,135.160
666.485,158.539,84.658,132.278
671.154,159.812,84.658,132.278
674.974,158.539,84.658,132.278
680.492,161.510,84.658,132.278
683.463,158.539,84.658,132.278
688.048,158.722,82.853,129.457
691.786,159.968,82.853,129.457
697.187,157.891,82.853,129.457
702.587,160.799,82.853,129.457
707.875,164.982,81.086,126.696
713.050,163.590,79.357,123.995
718.222,167.967,79.357,123.995
724.986,169.956,79.357,123.995
730.954,171.945,79.357,123.995
733.791,173.463,81.112,126.738
739.078,174.683,81.112,126.738
743.552,171.837,81.112,126.738
748.025,174.683,81.112,126.738
750.872,174.277,81.112,126.738
754.532,176.310,81.112,126.738
758.192,178.343,81.112,126.738
763.479,176.310,81.112,126.738
769.580,180.784,81.112,126.738
775.011,179.803,82.907,129.542
769.607,178.556,82.907,129.542
776.022,181.005,84.741,132.408
783.887,186.102,82.934,129.585
786.798,189.845,82.934,129.585
788.083,194.032,81.165,126.821
792.559,196.067,81.165,126.821
792.966,198.101,81.165,126.821
796.629,202.578,81.165,126.821
797.036,200.543,81.165,126.821
801.512,204.206,81.165,126.821
801.919,199.729,81.165,126.821
804.768,201.764,81.165,126.821
803.547,198.915,81.165,126.821
805.582,202.578,81.165,126.821
805.989,198.915,81.165,126.821
808.023,204.206,81.165,126.821
805.175,198.915,81.165,126.821
808.023,205.833,81.165,126.821
805.175,204.612,81.165,126.821
806.396,208.275,81.165,126.821
805.989,211.124,81.165,126.821
805.582,214.786,81.165,126.821
802.733,213.565,81.165,126.821
796.629,217.228,81.165,126.821
788.897,213.565,81.165,126.821
779.537,210.717,81.165,126.821
770.991,215.193,81.165,126.821
762.445,217.228,81.165,126.821
752.271,216.821,81.165,126.821
743.726,218.856,81.165,126.821
731.924,219.263,81.165,126.821
720.936,221.297,81.165,126.821
709.135,223.332,81.165,126.821
700.589,226.995,81.165,126.821
693.671,228.215,81.165,126.821
688.381,230.250,81.165,126.821
685.532,231.471,81.165,126.821
680.242,235.947,81.165,126.821
675.765,240.424,81.165,126.821
671.289,244.086,81.165,126.821
669.254,246.935,81.165,126.821
667.219,249.784,81.165,126.821
665.998,254.260,81.165,126.821
667.219,260.364,81.165,126.821
665.998,264.027,81.165,126.821
667.219,265.248,81.165,126.821
665.998,268.096,81.165,126.821
665.591,272.573,81.165,126.821
663.427,276.659,82.961,129.627
662.179,283.730,82.961,129.627
660.931,289.969,82.961,129.627
660.515,295.376,82.961,129.627
659.267,300.784,82.961,129.627
657.918,303.234,84.797,132.495
657.421,303.974,86.673,135.426
656.913,305.631,88.591,138.423
654.692,311.406,88.591,138.423
654.173,314.944,90.551,141.485
652.700,318.560,92.554,144.616
653.121,325.145,94.602,147.815
652.566,329.907,96.695,151.086
653.051,342.997,96.695,151.086
653.490,349.876,98.834,154.429
657.950,358.300,98.834,154.429
658.399,363.275,101.021,157.845
659.919,365.808,101.021,157.845
661.429,368.791,103.256,161.338
661.946,371.380,103.256,161.338
661.429,376.039,103.256,161.338
661.898,386.608,105.541,164.907
664.573,405.097,107.876,168.556
664.032,416.455,107.876,168.556
664.523,425.252,110.262,172.285
666.171,436.538,112.702,176.097
664.338,446.902,115.196,179.993
664.861,453.899,117.744,183.975
661.721,458.601,120.349,188.046
661.118,468.859,120.349,188.046
