556.000,459.000,45.000,26.000
564.449,456.091,45.000,26.000
570.959,449.582,45.000,26.000
571.097,442.241,45.000,26.000
568.731,432.038,45.996,26.575
556.415,423.685,45.996,26.575
542.833,412.375,47.013,27.163
527.061,404.416,47.013,27.163
511.288,397.615,47.013,27.163
493.779,395.155,47.013,27.163
475.694,395.305,48.053,27.764
462.530,397.228,48.053,27.764
454.786,400.143,49.117,28.378
450.949,401.868,50.203,29.006
447.989,404.914,51.314,29.648
451.518,410.321,52.449,30.304
453.294,417.909,52.449,30.304
455.561,426.115,53.610,30.975
465.068,433.134,54.796,31.660
467.787,438.908,56.008,32.360
468.061,441.949,57.248,33.076
468.708,443.594,58.514,33.808
465.258,441.538,59.809,34.556
451.819,439.513,59.809,34.556
442.063,435.647,59.809,34.556
431.570,432.518,59.809,34.556
419.258,427.361,61.132,35.321
410.038,419.270,61.132,35.321
393.668,410.426,61.132,35.321
379.179,401.583,61.132,35.321
364.691,388.223,61.132,35.321
357.182,377.876,62.485,36.102
348.912,362.683,62.485,36.102
344.829,347.318,63.867,36.901
346.366,332.022,65.280,37.717
350.987,316.952,65.280,37.717
358.812,300.900,66.724,38.552
368.089,283.641,68.201,39.405
387.153,266.871,69.710,40.277
396.844,248.394,71.252,41.168
416.840,234.670,69.732,40.290
438.088,224.153,69.732,40.290
455.589,209.895,68.245,39.431
467.047,199.990,66.790,38.590
476.709,194.439,66.790,38.590
487.193,193.411,66.790,38.590
503.162,194.814,65.366,37.767
520.666,196.624,65.366,37.767
540.561,201.487,63.972,36.961
560.791,206.246,62.608,36.173
576.875,210.532,61.272,35.402
596.677,222.791,61.272,35.402
615.348,230.900,61.272,35.402
635.150,242.027,61.272,35.402
653.820,250.514,61.272,35.402
670.288,257.981,59.966,34.647
689.251,266.712,58.687,33.908
711.292,284.310,57.436,33.185
725.965,292.265,57.436,33.185
740.379,305.739,56.211,32.477
749.549,312.140,56.211,32.477
753.528,313.351,56.211,32.477
759.584,318.023,56.211,32.477
760.577,318.920,57.454,33.196
758.278,320.158,57.454,33.196
759.516,324.225,57.454,33.196
738.472,363.661,57.454,33.196
779.322,378.692,57.454,33.196
772.072,380.284,57.454,33.196
760.931,378.338,57.454,33.196
753.681,377.101,57.454,33.196
743.954,373.387,57.454,33.196
729.984,372.149,57.454,33.196
717.428,369.143,57.454,33.196
705.226,366.490,57.454,33.196
695.854,365.252,57.454,33.196
681.883,362.246,57.454,33.196
666.498,359.240,57.454,33.196
656.418,356.233,57.454,33.196
640.326,355.703,57.454,33.196
626.709,358.002,57.454,33.196
613.800,355.349,57.454,33.196
619.282,351.989,57.454,33.196
606.019,350.398,57.454,33.196
597.861,347.645,58.726,33.930
585.022,346.707,60.025,34.681
576.338,345.784,60.025,34.681
568.582,346.358,61.353,35.448
565.356,343.811,62.710,36.233
567.666,345.212,64.098,37.034
572.599,341.464,64.098,37.034
578.320,338.505,64.098,37.034
556.816,347.777,64.098,37.034
566.877,342.450,64.098,37.034
579.882,337.333,65.516,37.854
589.827,327.499,66.965,38.691
601.164,321.522,66.965,38.691
609.615,314.720,66.965,38.691
616.416,310.392,66.965,38.691
623.630,306.476,66.965,38.691
628.783,305.033,66.965,38.691
634.348,301.941,66.965,38.691
639.501,295.964,66.965,38.691
643.418,288.338,66.965,38.691
647.334,285.246,66.965,38.691
641.675,270.063,68.447,39.547
638.514,258.475,68.447,39.547
630.298,248.152,68.447,39.547
620.818,237.829,68.447,39.547
613.444,229.191,68.447,39.547
606.492,223.925,68.447,39.547
599.539,221.607,68.447,39.547
590.902,218.868,68.447,39.547
580.157,216.972,68.447,39.547
570.256,220.132,68.447,39.547
560.354,221.607,68.447,39.547
549.609,225.189,68.447,39.547
545.185,238.461,68.447,39.547
542.025,247.942,68.447,39.547
534.651,261.636,68.447,39.547
525.837,278.099,66.987,38.704
518.209,295.212,66.987,38.704
508.106,313.150,66.987,38.704
497.178,329.026,66.987,38.704
493.673,337.892,66.987,38.704
486.456,348.407,66.987,38.704
483.776,357.686,66.987,38.704
486.456,362.428,66.987,38.704
488.724,371.706,66.987,38.704
493.054,382.634,66.987,38.704
496.147,393.561,66.987,38.704
499.652,408.200,66.987,38.704
501.508,419.953,66.987,38.704
503.776,435.416,66.987,38.704
506.456,446.344,66.987,38.704
511.198,451.499,66.987,38.704
516.353,454.179,66.987,38.704
522.332,453.561,66.987,38.704
530.373,452.530,66.987,38.704
535.940,447.787,66.987,38.704
544.806,445.107,66.987,38.704
549.296,443.731,65.559,37.878
557.969,440.829,64.161,37.071
561.722,440.236,64.161,37.071
568.634,442.014,64.161,37.071
573.966,446.556,64.161,37.071
581.272,453.468,64.161,37.071
586.210,459.590,64.161,37.071
592.726,464.922,64.161,37.071
595.689,468.279,64.161,37.071
597.861,471.241,64.161,37.071
594.109,474.598,64.161,37.071
586.802,476.771,64.161,37.071
587.394,480.128,64.161,37.071
584.037,483.090,64.161,37.071
581.865,485.262,64.161,37.071
580.877,487.435,64.161,37.071
576.730,488.817,64.161,37.071
568.238,489.409,64.161,37.071
557.377,494.741,64.161,37.071
544.541,497.309,64.161,37.071
535.898,498.275,62.793,36.280
526.982,499.277,64.182,37.083
518.487,501.450,64.182,37.083
509.203,504.809,64.182,37.083
499.918,507.377,64.182,37.083
491.818,509.945,64.182,37.083
482.295,511.379,65.602,37.903
474.420,513.197,65.602,37.903
466.950,515.418,65.602,37.903
462.662,515.627,67.053,38.742
458.709,512.843,68.537,39.599
455.545,509.679,68.537,39.599
452.802,506.514,68.537,39.599
396.478,533.305,68.537,39.599
393.314,535.204,68.537,39.599
389.728,534.993,68.537,39.599
383.610,537.313,68.537,39.599
377.070,533.727,68.537,39.599
369.265,532.672,68.537,39.599
363.991,530.352,68.537,39.599
357.874,525.500,68.537,39.599
354.288,520.648,68.537,39.599
355.764,511.999,68.537,39.599
360.040,506.965,70.053,40.475
364.568,501.574,70.053,40.475
375.564,492.303,70.053,40.475
385.699,484.325,70.053,40.475
397.126,474.622,70.053,40.475
412.867,464.488,70.053,40.475
424.294,454.785,70.053,40.475
439.603,444.220,70.053,40.475
454.912,432.361,70.053,40.475
470.653,415.758,70.053,40.475
478.630,410.367,70.053,40.475
491.783,397.646,70.053,40.475
504.505,386.218,70.053,40.475
516.364,375.653,70.053,40.475
531.673,363.794,70.053,40.475
543.532,352.797,70.053,40.475
552.804,345.250,70.053,40.475
561.644,339.860,70.053,40.475
569.191,333.607,70.053,40.475
576.737,327.785,70.053,40.475
579.109,323.689,70.053,40.475
584.068,324.335,70.053,40.475
586.440,323.257,70.053,40.475
585.362,325.198,70.053,40.475
582.559,325.845,70.053,40.475
575.444,327.354,70.053,40.475
567.897,327.570,70.053,40.475
557.763,329.510,70.053,40.475
547.629,331.020,70.053,40.475
537.926,335.116,70.053,40.475
531.242,337.488,70.053,40.475
524.299,342.284,68.559,39.612
516.069,345.449,68.559,39.612
507.839,348.615,68.559,39.612
498.765,350.936,68.559,39.612
490.114,351.991,68.559,39.612
482.099,353.430,67.097,38.767
473.218,354.463,67.097,38.767
464.976,355.872,65.666,37.941
458.079,358.419,64.266,37.132
454.760,357.099,62.896,36.340
452.244,354.582,62.896,36.340
452.437,354.776,62.896,36.340
453.018,357.293,62.896,36.340
456.114,358.986,61.554,35.565
459.335,361.828,61.554,35.565
463.175,365.563,62.916,36.352
466.855,370.404,62.916,36.352
471.072,372.098,61.575,35.576
474.103,372.295,60.261,34.818
476.355,371.057,58.976,34.075
475.759,368.446,57.719,33.349
472.739,361.162,57.719,33.349
470.074,355.655,57.719,33.349
463.326,352.072,56.488,32.637
459.069,346.890,55.283,31.941
452.278,345.098,54.104,31.260
445.311,342.703,52.950,30.594
438.954,338.955,52.950,30.594
429.308,339.124,51.821,29.941
419.898,337.369,51.821,29.941
409.892,336.872,52.968,30.604
398.043,340.499,51.838,29.951
388.310,342.573,51.838,29.951
378.577,343.052,51.838,29.951
372.825,350.599,50.733,29.312
369.603,357.985,49.651,28.687
371.752,360.795,48.592,28.075
372.415,373.060,47.556,27.477
373.732,380.525,47.556,27.477
376.220,392.967,47.556,27.477
382.515,408.629,47.556,27.477
385.138,421.478,46.542,26.891
393.303,423.627,46.542,26.891
395.018,430.909,47.571,27.486
398.385,438.962,47.571,27.486
406.146,445.551,47.571,27.486
408.928,452.140,47.571,27.486
410.246,455.508,47.571,27.486
410.685,462.390,47.571,27.486
410.831,467.807,47.571,27.486
410.099,473.225,47.571,27.486
409.367,479.521,47.571,27.486
407.171,482.010,47.571,27.486
403.803,489.185,47.571,27.486
400.728,493.138,47.571,27.486
397.360,500.606,47.571,27.486
392.821,505.438,47.571,27.486
387.111,511.148,47.571,27.486
361.780,517.737,47.571,27.486
347.430,519.408,48.624,28.094
324.831,524.945,48.624,28.094
304.627,532.877,48.624,28.094
283.437,539.554,49.700,28.715
265.234,550.109,49.700,28.715
249.783,566.477,49.700,28.715
250.979,572.349,50.799,29.351
231.435,594.083,50.799,29.351
233.467,610.187,50.799,29.351
232.094,626.896,51.923,30.000
241.966,640.658,53.072,30.664
240.870,658.792,54.246,31.342
247.026,673.516,55.447,32.036
