678.000,636.000,53.000,60.000
661.770,624.661,53.000,60.000
641.093,609.320,53.000,60.000
623.528,590.866,53.000,60.000
604.630,577.748,53.000,60.000
587.955,565.075,53.000,60.000
575.019,555.215,51.870,58.720
556.906,546.403,50.764,57.468
538.805,541.931,50.764,57.468
521.900,532.897,49.681,56.243
501.684,529.354,49.681,56.243
483.130,532.565,48.622,55.043
468.118,529.810,47.585,53.870
452.271,533.270,46.570,52.721
441.135,535.810,46.570,52.721
431.953,534.051,46.570,52.721
428.872,531.412,45.577,51.596
422.908,533.253,44.605,50.496
421.761,527.479,43.654,49.419
420.479,517.773,43.654,49.419
420.062,509.651,42.723,48.365
417.374,500.869,42.723,48.365
417.553,492.446,42.723,48.365
418.449,485.098,42.723,48.365
420.779,477.750,42.723,48.365
421.675,473.986,42.723,48.365
423.288,466.996,42.723,48.365
428.485,459.648,42.723,48.365
429.381,456.243,42.723,48.365
427.591,453.477,41.812,47.334
422.855,446.636,41.812,47.334
415.664,443.303,41.812,47.334
409.178,440.258,40.920,46.325
405.230,427.727,40.920,46.325
403.516,419.121,40.047,45.337
404.356,410.889,40.047,45.337
407.859,402.466,39.193,44.370
411.641,395.068,39.193,44.370
415.070,390.628,38.358,43.424
419.046,383.491,37.540,42.498
423.544,376.811,36.739,41.591
428.244,365.519,35.956,40.704
435.460,355.049,35.189,39.836
442.807,347.364,34.438,38.987
451.390,336.501,33.704,38.155
459.790,333.773,32.985,37.342
469.077,330.837,32.282,36.545
475.605,323.829,32.996,37.354
482.387,320.369,32.996,37.354
492.745,318.499,32.292,36.557
500.532,316.408,31.604,35.778
509.945,314.950,31.604,35.778
518.333,313.159,30.930,35.015
525.040,312.657,30.270,34.268
530.898,310.301,30.940,35.026
534.355,311.551,30.280,34.279
538.801,309.391,30.280,34.279
540.960,310.369,29.634,33.548
542.355,311.805,29.002,32.833
542.077,314.149,28.384,32.133
542.954,316.442,27.779,31.448
542.604,318.656,27.779,31.448
540.542,320.452,27.186,30.777
539.842,319.571,26.607,30.121
538.512,317.633,26.039,29.478
537.842,316.157,25.484,28.850
536.667,311.988,25.484,28.850
534.277,306.899,26.048,29.488
528.661,303.059,26.624,30.140
524.082,301.160,26.624,30.140
519.036,297.698,27.213,30.807
514.127,300.095,27.213,30.807
509.246,304.495,26.633,30.150
504.218,305.948,26.633,30.150
499.191,309.188,26.633,30.150
493.493,314.439,26.633,30.150
488.285,319.821,26.065,29.507
484.031,326.565,25.509,28.878
482.137,330.276,24.965,28.262
480.666,332.680,25.517,28.887
479.390,339.075,24.973,28.271
479.286,342.323,24.973,28.271
478.343,344.732,24.973,28.271
477.819,349.656,24.973,28.271
476.457,351.437,24.973,28.271
478.028,353.637,24.973,28.271
481.066,355.628,24.973,28.271
482.638,359.504,24.973,28.271
482.688,362.126,25.526,28.897
491.790,368.872,25.526,28.897
496.394,373.690,25.526,28.897
507.209,378.723,25.526,28.897
511.813,383.970,25.526,28.897
529.640,393.760,26.090,29.536
553.390,405.690,26.090,29.536
558.972,415.212,26.090,29.536
573.747,423.202,26.090,29.536
588.961,430.316,26.090,29.536
605.488,438.743,26.090,29.536
621.664,445.798,26.668,30.190
637.214,454.859,26.668,30.190
653.284,463.926,27.258,30.858
676.116,474.855,27.861,31.540
688.540,484.571,28.477,32.238
712.642,499.211,29.107,32.952
730.591,517.649,29.107,32.952
745.091,539.961,29.751,33.681
753.178,564.838,30.409,34.426
758.533,589.736,31.082,35.187
750.478,617.350,31.770,35.966
748.606,630.364,32.473,36.762
743.300,641.688,33.191,37.575
738.455,655.285,33.926,38.406
721.690,668.592,34.676,39.256
709.987,678.269,35.444,40.125
681.273,684.859,34.688,39.269
683.747,684.016,33.948,38.432
683.971,685.661,33.224,37.612
682.302,684.233,33.959,38.444
681.429,685.878,33.235,37.624
683.231,683.292,33.970,38.457
685.928,684.664,33.246,37.637
686.955,686.544,32.537,36.834
685.887,685.145,33.257,37.649
684.762,686.219,32.548,36.846
683.977,684.253,33.268,37.661
685.004,684.520,32.558,36.858
684.219,684.254,33.279,37.674
686.023,682.534,34.015,38.507
724.122,649.858,34.015,38.507
739.290,660.535,34.767,39.359
756.610,673.869,35.537,40.230
762.558,681.003,36.323,41.120
777.779,683.938,35.548,40.243
788.061,685.814,36.335,41.134
794.178,688.750,35.560,40.257
799.302,691.623,34.802,39.398
804.521,692.248,35.572,40.270
812.643,691.957,36.359,41.161
852.282,653.144,35.583,40.283
855.451,661.526,36.371,41.174
866.894,667.171,36.371,41.174
877.134,671.287,35.595,40.296
871.319,673.165,36.382,41.188
869.206,676.105,35.607,40.309
865.173,667.591,35.607,40.309
867.723,660.171,36.394,41.201
878.258,657.881,36.394,41.201
889.418,661.385,37.200,42.113
891.111,653.634,38.023,43.045
892.228,649.008,38.023,43.045
880.389,641.085,38.864,43.997
862.875,631.633,39.724,44.970
852.235,626.814,40.603,45.965
849.842,624.715,41.501,46.982
848.103,591.487,40.616,45.980
838.391,593.702,40.616,45.980
825.391,596.552,41.515,46.998
810.936,602.996,41.515,46.998
794.090,616.758,40.629,45.995
775.780,629.511,41.528,47.013
757.066,637.125,42.447,48.053
741.557,644.674,41.542,47.028
732.321,649.379,41.542,47.028
711.431,651.932,42.461,48.069
690.078,659.717,43.400,49.133
670.142,661.629,44.361,50.220
666.490,657.680,43.415,49.149
662.042,653.924,44.375,50.236
648.699,639.926,43.429,49.165
629.506,623.694,44.390,50.253
616.877,605.384,43.443,49.181
604.869,597.302,42.517,48.132
595.867,578.733,41.610,47.106
583.019,567.290,40.723,46.101
569.865,557.894,40.723,46.101
565.854,554.269,39.854,45.118
554.652,557.111,39.854,45.118
545.791,566.975,39.854,45.118
529.913,581.914,40.736,46.116
517.229,599.665,41.637,47.137
502.090,618.896,42.558,48.179
486.615,639.294,43.500,49.245
470.018,659.343,42.572,48.195
455.280,674.188,43.514,49.262
456.976,679.464,42.586,48.211
464.475,672.814,43.529,49.278
466.171,675.628,42.600,48.227
464.031,673.425,43.543,49.294
463.360,671.175,44.506,50.384
463.448,670.423,45.491,51.499
468.532,671.156,44.521,50.401
465.908,672.343,45.506,51.516
466.945,672.708,44.535,50.418
466.520,674.506,43.586,49.342
465.089,672.632,44.550,50.434
464.402,672.268,45.536,51.550
464.975,670.931,45.536,51.550
463.436,672.402,44.565,50.451
484.272,642.127,43.614,49.375
480.329,650.589,42.684,48.322
472.672,658.871,41.774,47.291
