574.000,516.000,23.000,20.000
571.885,516.254,23.000,20.000
571.124,516.169,23.000,20.000
568.840,516.254,23.000,20.000
567.063,516.000,23.000,20.000
565.118,515.746,23.000,20.000
562.833,515.662,23.000,20.000
561.614,514.475,23.509,20.443
559.452,514.734,23.509,20.443
557.619,515.536,23.008,20.007
556.223,514.173,23.517,20.449
554.234,514.259,23.517,20.449
552.417,514.000,23.517,20.449
551.293,513.568,23.517,20.449
548.969,512.534,24.037,20.902
547.466,511.915,24.037,20.902
545.963,512.710,24.037,20.902
543.222,512.092,24.037,20.902
542.073,511.296,24.037,20.902
540.570,511.384,24.037,20.902
538.360,511.650,24.037,20.902
537.085,510.960,24.569,21.364
535.866,510.578,24.045,20.908
534.009,510.666,24.045,20.908
532.550,509.609,24.577,21.371
530.833,509.338,24.577,21.371
529.658,508.705,24.577,21.371
527.760,508.976,24.577,21.371
526.765,507.801,24.577,21.371
525.048,509.157,24.577,21.371
524.053,508.163,24.577,21.371
522.878,507.349,24.577,21.371
521.522,507.440,24.577,21.371
520.129,507.058,24.053,20.915
518.979,506.615,24.053,20.915
517.829,506.350,24.053,20.915
516.148,505.554,24.053,20.915
514.821,505.112,24.053,20.915
512.811,504.605,24.585,21.378
511.592,504.397,24.061,20.922
510.739,505.729,23.547,20.476
509.267,504.430,23.547,20.476
507.968,504.343,23.547,20.476
507.802,503.476,23.045,20.039
506.530,503.900,23.045,20.039
505.259,502.459,23.045,20.039
503.987,502.544,23.045,20.039
502.377,501.612,23.045,20.039
501.275,501.357,23.045,20.039
499.495,502.120,23.045,20.039
498.393,501.018,23.045,20.039
496.819,500.181,23.555,20.483
495.346,500.787,23.555,20.483
494.047,500.181,23.555,20.483
493.094,499.575,23.555,20.483
491.794,498.275,23.555,20.483
489.975,497.669,23.555,20.483
489.022,497.582,23.555,20.483
487.896,497.149,23.555,20.483
486.107,497.731,24.076,20.936
485.664,496.403,24.076,20.936
483.450,495.783,24.076,20.936
482.831,495.163,24.076,20.936
481.807,494.618,23.563,20.489
479.814,493.665,23.563,20.489
478.384,493.168,24.084,20.943
477.587,492.194,24.084,20.943
476.126,491.687,24.617,21.406
475.196,492.107,25.162,21.880
473.412,490.824,24.625,21.413
472.294,489.178,25.170,21.887
471.581,488.430,24.633,21.420
469.679,487.977,24.633,21.420
467.996,487.458,25.178,21.894
466.926,486.888,24.641,21.427
467.560,485.710,24.641,21.427
464.388,485.800,24.641,21.427
462.141,484.341,25.186,21.901
461.307,483.878,25.186,21.901
460.288,482.674,25.186,21.901
459.269,481.655,25.186,21.901
457.509,480.636,25.186,21.901
456.120,479.987,25.186,21.901
454.399,479.072,25.744,22.386
453.168,477.841,25.744,22.386
451.937,476.421,25.744,22.386
451.085,476.326,25.744,22.386
449.097,475.095,25.744,22.386
446.749,473.767,26.313,22.881
445.104,472.509,26.313,22.881
443.652,472.025,26.313,22.881
442.394,470.186,26.313,22.881
441.136,468.928,26.313,22.881
439.539,468.374,26.896,23.387
438.253,466.494,26.896,23.387
436.967,465.208,26.896,23.387
435.336,464.642,27.491,23.905
433.617,463.327,27.491,23.905
430.887,461.608,27.491,23.905
429.523,460.596,26.904,23.395
429.424,459.310,26.904,23.395
428.534,458.023,26.904,23.395
427.643,457.331,26.904,23.395
430.117,473.856,26.904,23.395
429.622,476.528,26.904,23.395
427.544,475.439,26.904,23.395
427.555,474.462,27.500,23.913
424.837,472.203,28.108,24.442
423.044,471.767,27.509,23.921
422.538,471.058,27.509,23.921
420.818,469.541,27.509,23.921
418.519,467.702,28.117,24.450
416.327,466.068,27.518,23.928
414.202,463.538,27.518,23.928
413.291,462.830,27.518,23.928
410.963,461.716,27.518,23.928
411.064,460.805,27.518,23.928
409.141,458.478,27.518,23.928
407.016,457.567,27.518,23.928
405.766,455.517,28.126,24.458
403.594,453.345,28.126,24.458
401.835,452.000,28.126,24.458
399.663,450.655,28.126,24.458
398.111,448.896,28.126,24.458
397.115,446.664,27.527,23.936
396.406,445.348,27.527,23.936
394.887,444.437,27.527,23.936
393.571,442.918,27.527,23.936
391.445,440.995,27.527,23.936
389.724,439.273,27.527,23.936
388.054,436.383,28.136,24.466
386.709,432.554,28.136,24.466
384.743,430.795,28.136,24.466
382.776,429.656,28.136,24.466
382.466,428.311,28.136,24.466
380.500,426.552,28.136,24.466
379.775,424.999,28.136,24.466
378.016,422.826,28.136,24.466
377.292,422.102,28.136,24.466
376.153,420.757,28.136,24.466
375.015,418.790,28.136,24.466
373.256,414.134,28.136,24.466
373.152,413.823,28.136,24.466
372.014,412.892,28.136,24.466
370.462,411.133,28.136,24.466
368.289,409.787,28.136,24.466
366.530,405.959,28.136,24.466
365.184,404.613,28.136,24.466
364.667,403.061,28.136,24.466
362.701,401.716,28.136,24.466
361.562,400.164,28.136,24.466
359.803,397.990,28.136,24.466
358.872,396.645,28.136,24.466
357.940,395.300,28.136,24.466
356.388,392.713,28.136,24.466
356.285,391.574,28.136,24.466
354.939,390.229,28.136,24.466
354.836,388.884,28.136,24.466
353.077,387.125,28.136,24.466
352.080,386.288,27.536,23.944
350.561,384.364,27.536,23.944
348.680,381.893,28.145,24.474
347.542,380.961,28.145,24.474
346.610,379.822,28.145,24.474
345.885,379.098,28.145,24.474
345.368,377.545,28.145,24.474
344.022,372.887,28.145,24.474
344.033,374.227,28.768,25.015
342.446,370.947,28.768,25.015
341.705,369.571,28.768,25.015
340.753,367.561,28.768,25.015
339.800,365.339,28.768,25.015
338.637,363.540,28.768,25.015
337.261,361.953,28.768,25.015
335.674,360.578,28.768,25.015
334.510,355.817,28.768,25.015
333.135,354.441,28.768,25.015
331.971,353.066,28.768,25.015
332.923,351.267,28.768,25.015
331.336,349.256,28.768,25.015
329.749,346.823,28.768,25.015
328.373,344.813,28.768,25.015
328.604,344.865,29.404,25.569
326.982,342.161,29.404,25.569
325.792,341.404,29.404,25.569
325.355,340.785,30.055,26.134
323.918,340.232,30.055,26.134
323.144,338.353,30.055,26.134
321.653,336.820,29.414,25.577
320.247,334.981,29.414,25.577
318.370,332.856,28.786,25.032
317.963,333.429,28.173,24.498
317.031,331.667,28.173,24.498
317.041,332.149,28.796,25.040
316.300,331.196,28.796,25.040
314.923,329.819,28.796,25.040
316.300,331.619,28.796,25.040
312.593,326.430,28.796,25.040
314.362,327.801,29.433,25.594
312.305,323.146,29.433,25.594
313.496,324.986,29.433,25.594
313.171,323.146,29.433,25.594
311.115,318.058,29.433,25.594
312.024,317.887,30.084,26.160
310.365,316.227,30.084,26.160
311.361,315.231,30.084,26.160
310.807,314.014,30.084,26.160
310.254,309.035,30.084,26.160
311.692,310.473,30.084,26.160
311.139,308.814,30.084,26.160
310.586,307.375,30.084,26.160
311.582,306.379,30.084,26.160
310.807,304.498,30.084,26.160
311.803,303.945,30.084,26.160
311.815,301.934,30.750,26.739
310.344,299.559,30.750,26.739
311.589,298.315,30.750,26.739
310.571,292.320,30.750,26.739
312.041,290.624,30.750,26.739
310.797,285.308,30.750,26.739
312.217,279.263,31.430,27.331
311.639,274.061,31.430,27.331
312.610,268.361,32.126,27.935
313.910,263.281,32.126,27.935
312.610,257.727,32.126,27.935
314.146,252.174,32.126,27.935
314.973,244.021,32.126,27.935
315.801,238.467,32.126,27.935
318.046,229.369,32.126,27.935
318.873,221.453,32.126,27.935
320.601,212.440,32.836,28.553
322.896,205.797,32.836,28.553
325.915,196.015,32.836,28.553
328.693,186.474,32.836,28.553
332.196,176.933,32.836,28.553
336.181,165.218,32.836,28.553
339.201,156.256,33.563,29.185
344.509,146.504,33.563,29.185
349.076,135.764,33.563,29.185
354.384,127.247,33.563,29.185
360.033,116.806,34.305,29.831
366.068,106.920,35.064,30.491
371.613,96.731,35.064,30.491
378.448,87.059,35.064,30.491
384.510,76.613,35.064,30.491
392.893,66.682,35.064,30.491
402.823,58.041,35.064,30.491
410.034,50.038,34.317,29.841
420.510,40.572,34.317,29.841
429.724,32.115,34.317,29.841
439.190,21.892,34.317,29.841
